22
500
796456
508412
970230
442689
912328
867795
995491
662006
19194
318897
158935
440631
986711
358733
919594
959203
977768
437782
573943
239620
556818
990140
859229
11554
489068
975127
634271
373570
948657
153016
599083
112638
116113
518027
324024
522370
611554
716773
739592
881312
796276
307696
656333
663249
323521
839280
940392
896713
975619
770033
75532
188853
662432
45199
72961
278868
560513
660642
110341
113327
939008
208196
440717
647159
264063
626752
426537
450105
38742
677080
243269
768064
430948
286003
165707
250311
761223
960673
540582
554777
901414
333581
186530
704007
459435
395966
572143
245317
9678
957449
424581
789026
879053
614871
514145
378403
121336
148815
250285
52219
209448
439327
440509
439016
925071
708140
256821
690412
91563
499732
873097
123111
646229
368540
147421
228622
755318
39867
65803
283274
378200
952962
164866
378607
861338
540134
687819
463191
341630
966252
572391
970971
521757
953071
970133
966253
297978
60817
329968
358997
117939
376956
689012
469126
77651
253652
103201
32668
225541
789691
503480
480757
712164
869504
310626
120873
867181
785317
655024
61799
912406
683403
344701
313837
484920
777340
166384
735459
826151
270805
113566
118869
890722
323278
526412
462284
321638
98727
224594
952327
424477
962673
445595
345371
289331
903927
473800
844196
985673
203527
298548
998503
207427
612576
419794
824582
349949
801913
466547
221854
399130
219180
83940
488961
632828
225662
235381
631755
374032
202699
572436
457059
889344
311250
682135
666000
300812
913883
769368
152629
95731
503425
762
273514
43659
620128
21898
23609
318576
564827
970498
533170
642265
842314
705703
90475
679110
533631
541329
644504
521941
792051
479755
171331
904594
233936
110568
490609
692576
155382
342063
14638
148358
608231
971910
33392
450877
991945
222939
941590
940630
704704
853939
541222
175907
823241
628586
785859
442758
846343
436807
709243
748756
193371
625531
426237
833573
314860
497910
43944
959354
500678
239206
207742
288907
858078
23950
653303
782125
293875
321151
291762
392157
168977
107765
833350
600236
840112
315024
192503
106374
683321
747948
646532
978336
33192
559648
915421
670270
480332
838416
269939
102302
89388
639791
899239
725380
458884
976853
59684
305059
229677
211321
129928
625765
104026
651723
580669
93847
435070
630001
184231
689652
859083
340059
218038
218381
811030
907077
664922
979857
834903
467017
467670
538559
271372
316766
325870
387365
535228
68913
489786
633875
497433
517982
525533
744674
959999
57931
731727
590362
745881
557729
537621
386500
217570
972968
443667
258253
832521
782142
453112
456212
328046
43060
168343
310289
712970
78662
326294
941345
341227
184244
89215
529714
23516
77889
404916
420231
651235
959943
512255
311016
893539
808437
107463
729770
575650
261415
58143
409942
478693
696800
5049
44473
239800
126183
626232
880136
662858
332539
557027
235501
788660
757043
776373
632178
376154
69943
939601
946825
495658
535381
386450
331125
72386
317761
689025
60505
442542
705516
30816
677531
50511
330111
499555
883573
689239
553652
653054
64216
269168
278865
658521
552444
727740
654594
885793
440265
763831
568787
574904
863771
440377
504327
199884
24182
46040
379799
825285
577926
781035
989130
898776
694160
127657
945133
136569
137595
816431
910064
537581
746357
140640
512861
884285
666436
107878
682741
44742
800873
967895
67689
251374
493554
406516
829362
409393
772573
111115
959437
824217
130212
937852
614999
7948
455722
190296
842240
317311
