22
500
828137
930436
377809
538962
155094
484179
200552
242061
390850
519426
336395
281783
904822
438772
788769
202996
324771
724248
850489
273118
375374
790669
952008
697789
784088
274205
61373
573396
604201
825386
314243
438552
150713
905063
612562
675708
497659
330365
132274
147367
109286
616461
275854
281735
74401
642773
80241
773439
678090
941676
320607
585404
409250
378407
580754
816485
663769
412126
681040
992305
592626
742793
678501
721362
864403
471683
438147
622031
974700
816689
851314
729967
281793
523388
52853
940177
732181
195385
224571
560793
29301
542890
134335
477765
998430
178462
789757
983773
388364
589491
895824
969801
847712
548412
831533
141884
369900
609725
533366
138830
752031
982291
227132
360168
799496
118513
56468
235352
453576
588997
32532
595717
417177
901752
526123
166396
458932
833876
285274
403560
73828
524417
175507
565537
385445
69416
87404
349147
382904
626489
298816
461439
607622
103047
988898
664918
371950
614608
631103
731682
414957
993115
848783
999943
341481
5690
604280
285990
973210
330863
847615
555851
344406
904107
45227
382972
909751
443697
61048
674034
552426
381850
280053
962084
796823
981361
353467
745726
99368
232318
812554
825713
663097
869152
796737
619236
962522
815763
813433
122376
613635
951058
446336
735689
251157
956950
400429
374304
488905
422076
358180
235589
935223
55620
362984
28418
345989
545397
92504
735715
947434
269919
751944
774410
892190
846457
58109
554846
831520
458536
745796
572387
952739
371425
985647
383910
963990
455397
249773
814991
675855
188203
752581
78360
224787
683036
25455
285469
320132
336056
878735
594249
448296
925718
183823
855152
404881
888840
608856
244092
24431
442525
821036
96062
263662
71871
716195
879206
44429
244285
118399
379022
101693
372580
43502
886384
869169
618438
459165
66360
551688
754332
973236
560821
689685
967751
712945
824424
678983
689650
22500
374015
355642
288212
282244
559580
823705
276050
22317
89293
40941
520065
846455
605793
62087
133321
14900
244560
655942
734373
813189
193753
245190
680070
61017
559081
595621
58007
530756
991863
150899
390044
82680
278765
962421
862516
511458
939712
193622
265277
581347
965152
952427
217238
498921
762059
191329
561856
493034
993021
440710
130653
111613
944642
559408
367451
656597
31211
527950
87466
532314
592991
473929
427688
142949
817225
936534
832479
759384
49839
181787
741988
996505
763554
275899
80288
768809
579153
63936
410091
538596
579833
891812
95188
521687
489400
712572
777277
494329
435007
564994
67555
313864
908132
575037
839484
746753
538135
359311
470585
31164
480301
751387
500907
801825
959832
726097
940930
877195
639992
851159
338736
802615
23050
993045
476651
132584
834302
836125
538834
5083
40487
748214
65127
21794
418380
670148
662010
380192
456283
932949
193767
33504
625725
645194
796918
6098
690821
572000
648160
515682
321217
970458
454385
820662
903795
464461
825289
633733
820058
515079
479356
392143
389225
940573
177497
762108
936665
626960
687880
615765
665242
400795
192397
761497
541157
371612
824425
459773
855341
292444
138207
285700
515955
691773
269652
699766
485049
457535
560015
601856
238286
76910
266721
662632
118600
103852
551006
181418
743184
220887
966985
905268
397655
178326
505550
81403
172583
6405
475176
179128
875668
619707
222691
794691
101009
318516
533819
645514
247006
652064
805540
975022
709663
887175
5283
839930
932424
704023
955993
608448
532405
738507
49184
567442
20182
158650
604494
436762
514376
