22
500
516288
19941
929327
537609
180820
730110
454003
778258
61366
342039
848096
796010
646728
794591
72270
331958
465282
534718
251498
625413
490528
950398
703735
917248
618728
844742
775077
469376
789339
238720
107020
401082
396984
286044
243717
810005
592615
576494
469413
380636
149449
518387
693655
806799
758233
559409
565397
591188
768959
33532
305731
110475
544497
568276
648936
464255
593990
356012
975881
154296
69529
675974
747428
362285
570262
769721
294150
462166
399012
303700
858121
253024
552559
880925
776686
987322
742033
607218
59283
622669
664156
764945
976273
41096
420358
984819
12084
397849
497778
595155
997144
240887
669143
286476
92828
285724
939855
238432
5766
656016
179582
59797
725427
810017
835229
641081
350841
97391
66210
315655
682267
694115
668558
694434
315048
954752
689938
593854
292720
132434
613343
797662
991012
963330
239753
281399
294857
82251
140631
382132
526617
22727
234729
164051
423798
822947
914758
992876
608779
328114
312194
68882
42113
471644
531720
365586
830683
796727
404233
796057
426479
261614
47297
966706
529026
814429
661411
636268
377598
140799
783777
18777
927890
940671
539930
161523
112806
164650
406623
622554
678074
338886
999651
878137
803866
773372
543423
271942
291712
86640
655136
230631
732422
236721
550414
992306
305990
983244
305497
880845
487696
135355
299938
551605
771015
509627
575875
634586
336536
889915
999836
192870
661272
269488
13627
358174
691386
126854
990759
933281
234857
815664
112905
798350
395912
317344
886456
230531
628100
762643
999648
763008
177426
284675
991309
936361
799818
871872
783258
971050
72863
458841
447472
34421
880186
723828
219133
350503
909107
970301
15220
123848
952940
496123
248506
766833
326985
470270
843700
382664
172431
126453
887530
234087
338648
381404
485464
383963
401457
262226
213585
242056
29136
812232
38096
680810
229749
630678
227037
935222
118299
559528
840537
903135
187867
745557
949926
314356
972510
540432
23413
965222
79741
341943
761773
406312
816887
561353
947189
442287
159694
790517
837342
651033
246206
557197
100592
578154
801499
788633
700240
606001
415302
453256
727562
896713
721483
219394
954177
410619
503834
468377
721968
498177
704161
751901
37020
929829
29122
456654
306520
493256
824118
181932
695348
92415
497918
553835
55300
900056
387713
608195
392904
284602
249799
416739
103677
248810
318672
529029
542463
783210
23634
165277
877337
382140
794318
42987
98027
47492
229006
154480
179382
530955
208189
602620
511240
216032
515298
644838
563967
660825
451387
538070
697275
531255
377778
707516
451940
824935
986558
894051
600084
802789
82841
434464
403555
330235
749593
716388
189774
363560
455662
441521
255363
355035
634039
861418
212556
699358
489857
237122
578837
195792
976861
819414
472604
561867
787228
812183
374772
151652
520553
427040
37621
741392
733124
681318
491459
652451
791447
561101
911545
708404
515446
370391
894451
626909
724344
860343
945653
345567
885228
411908
555964
874466
688186
309833
898014
42841
593112
212473
482784
671812
464613
87104
896980
80271
471205
538868
617517
996568
889754
264106
540449
69966
614587
144485
256313
177717
224596
839466
97336
618373
76985
599407
698470
631730
180840
668018
993016
627335
421434
438821
909085
24364
325638
782342
949543
707206
71571
798093
296916
457917
407991
88575
475257
817433
155600
292064
605834
858949
786910
419589
999624
871862
751740
716551
102407
829989
453881
91796
678299
654648
409751
153247
583327
319487
169376
624696
