22
500
397409
614297
860063
319350
930285
760183
568834
721680
705909
860856
955658
675147
602138
514036
653420
890253
968281
500757
167112
254865
645141
808543
839107
482228
733116
401744
467843
650540
712985
372897
84934
333720
648502
936173
39391
150385
231148
576105
638607
59616
723465
717457
406716
754922
829276
74340
915664
262854
377311
851077
589233
445840
710913
378371
781592
644757
998608
719922
703888
290638
89792
968184
416334
760042
227482
168548
677543
305348
41348
566392
932146
743988
906665
383047
410426
790081
277701
292473
26400
667188
550862
502188
754636
892808
77186
487797
148045
269245
59466
739972
339733
349323
923528
561957
280906
688564
498882
47331
911626
488755
80042
140295
85566
184464
94217
208254
189401
193557
551048
952856
534574
447707
272859
374637
895212
633149
350730
735450
739383
143278
818717
675049
464611
349159
82724
951631
632719
630520
853088
608078
396380
676672
949842
770875
567689
234680
372061
579866
553133
822185
605466
850405
556367
635902
983225
594924
205797
830516
335566
668566
847464
562605
387328
463109
474192
259684
542601
472
900273
895292
573738
36809
222834
159217
370863
515575
8421
419823
693530
443455
327688
973825
599791
762819
371288
89698
788059
800524
620108
864688
499714
895884
179573
974846
383268
121532
864432
726920
363819
743524
652868
232833
586195
668473
826911
211337
926646
320416
184040
752059
230835
925457
919936
317410
827322
92887
787035
525323
443831
685491
767668
436981
20953
953184
114482
336677
676222
941298
63573
623062
172797
99864
939356
206798
18255
678656
237367
2892
587034
816921
532004
261150
363228
83956
45545
465039
372913
118852
694828
183484
802688
855492
918962
204103
800584
532471
940722
122533
345539
327947
749782
625491
172852
933015
171917
654630
27474
955652
248271
522559
390097
419015
577391
818589
690825
209868
362582
575116
590021
267630
360801
486139
199083
668707
46169
394859
539843
365685
942795
210308
214629
998443
657860
181378
977027
201350
100459
845644
571536
763879
192443
159269
704781
978062
470619
487611
5230
969405
46875
532125
532013
94203
391501
745802
683050
608180
839422
406244
333373
635581
887824
287748
696730
471990
904309
468903
586208
522057
332042
242437
830782
973198
828749
911938
750722
803281
534909
3198
220416
482475
142157
157447
654363
414668
951812
316398
940083
868955
871348
415095
390763
943028
392852
103145
890069
171472
703357
645958
156221
308739
6333
25685
606479
694046
26587
191323
666085
76788
277865
712552
456625
144250
302911
480461
405700
269384
42521
411115
828728
829500
266191
34534
627968
703357
274349
432953
278730
949661
764846
291683
942926
224472
499738
124160
920310
314937
15161
831922
930666
215772
576307
423550
921015
62542
991877
622451
155163
883152
324642
329092
153839
286971
451812
822455
452209
328061
163885
664758
133870
807809
403231
455619
101704
790253
703795
8137
7849
76613
397242
81549
206213
145645
96302
837571
72133
140235
324980
224445
943189
455499
709041
316415
155659
191228
383558
481965
514866
155672
622377
711653
906163
391840
975585
448745
435999
890662
979422
602485
62300
48548
793138
382704
499305
971274
631728
184637
966671
806229
534432
807984
150374
104603
41883
352286
652801
332003
981833
881165
43383
684336
585909
123722
449423
713631
965322
889306
712839
304102
554605
381384
855873
543996
118326
164317
3083
206360
514508
861166
857353
809681
661019
974159
924353
33764
718901
504101
417411
400916
394370
764890
