22
500
75763
168044
793765
785641
104628
166240
329518
228889
378355
613906
114293
484614
693197
551856
236569
196378
967198
622906
492437
139227
234727
277217
570236
823007
41115
204363
748305
854874
687878
777715
570309
187672
437595
900078
998989
73030
713240
895048
688159
696810
774872
274829
964554
760755
595189
25315
468720
347370
861079
371412
776801
74632
309406
349802
459220
243874
557032
67827
775236
966848
946431
175012
658981
318539
621666
409178
128449
431396
39982
201212
580788
273809
921513
445947
741760
152082
364012
703675
91470
544850
598122
270220
779586
937465
519968
853649
654841
7902
862619
98433
71202
688538
801569
203468
622390
803512
730237
826581
905301
511944
895979
980894
597758
436882
985691
593410
663339
940968
492965
856347
822599
302357
536842
652995
863885
194289
161187
361464
771774
182422
527017
705241
968702
825005
684448
566541
254156
81697
418016
649411
257437
148214
932993
680467
644307
998834
677858
179715
36127
115961
793942
461927
34544
998519
26605
999840
587670
143605
874394
575172
776184
282063
544198
428510
260846
988029
584688
822860
477564
291789
512255
256711
188332
889585
39910
254784
628295
268020
657266
286373
110063
305032
627
342146
216092
493564
664900
708293
444401
201097
709113
197082
311290
839883
853541
613365
595205
211405
181893
712749
853850
517693
953677
207365
982936
506431
828556
157767
633581
753757
213822
355786
705841
475675
991150
796306
482528
825064
262726
790
711474
576497
112245
540764
608409
264272
360251
818881
250902
40482
402132
85077
49465
206327
28990
356066
457715
888610
303529
754318
549785
642863
353403
572182
900471
685812
19197
92474
817551
495808
390693
521080
697389
280113
135680
695792
980008
370594
615676
188070
458999
92481
435535
388262
964525
408190
858824
267522
382226
497375
170416
444407
318496
952688
799516
754222
127063
117912
146322
40926
625277
389959
149590
132494
129462
553676
375248
981240
414587
943875
481115
69641
106106
640107
793324
761606
722122
288214
660893
416008
10250
210617
229909
594024
988693
808099
12886
141365
626851
582155
519203
809890
170623
346754
5324
339773
972960
950983
611735
305882
400743
910841
65997
633358
464948
894887
80670
592663
64101
197764
464818
166809
847853
688822
893965
596547
454028
525773
709149
724624
733680
400913
978915
503402
525992
297076
495484
396393
358081
555430
346763
431608
656831
510279
165893
704472
308154
568504
456153
838462
764306
762186
275130
543000
498320
167064
435018
839086
999322
240689
263652
536483
961683
245933
998790
367002
889997
639329
836762
584501
905643
167469
942623
78136
220632
72754
713273
526348
598046
166561
421521
780064
193572
980463
431210
421290
96839
767716
710082
930059
947155
307219
261536
903441
925406
709668
856193
173782
863425
14669
371289
180357
258740
210719
656968
61757
477317
765948
538778
872973
977909
691175
3707
828383
418543
791348
415414
702514
567333
657438
683304
570112
826249
405943
771397
723134
644901
607290
329094
401794
162648
550460
593710
76030
365934
222465
797816
530090
383898
596523
79839
56960
839251
428814
496073
123105
256008
102559
145553
238229
821888
404746
423407
782384
411026
196130
829639
220432
199614
300275
397643
526402
741223
306867
468109
537540
133934
252119
289764
8869
730092
214083
654522
672969
837707
761433
591921
888521
573634
933619
460848
52087
298667
501995
866894
916926
832002
419223
295577
629992
21948
717970
84994
103994
283521
773429
129449
201018
250056
138405
