22
500
778753
381201
661070
553414
9760
367435
337779
513806
364646
647866
866353
439988
477767
833658
958777
153350
56118
334608
139116
319066
139247
939564
833971
596956
852193
937934
270075
85127
103799
172613
276048
661807
762498
613457
138517
246138
820357
311018
273502
742383
934492
874458
177258
469094
106633
792453
105280
710815
241244
995977
935908
127599
328895
43392
158390
836629
34203
68578
833192
223019
396715
850056
656986
346808
743131
675275
663572
354274
815196
631947
585119
740225
269383
206988
392256
193870
503531
169914
693842
990714
326261
566093
884863
449051
20347
923655
792795
392705
444453
329178
86173
65191
936888
913384
288954
884677
758336
395490
519840
487683
534106
133841
522636
352647
221403
814195
617608
49263
682976
791485
400132
558363
211572
653248
767248
480673
927831
340134
87092
97636
275249
307611
922669
226047
18771
873800
550852
689690
130917
257466
696523
563551
195570
490785
910903
476231
762765
290997
94741
458830
516830
47731
342379
474949
62412
367429
61292
360902
480329
384384
53398
822721
526453
259527
158828
425781
100464
504269
444043
363323
531455
515895
815276
113276
613337
79711
928757
64771
392015
605877
812412
217133
410327
111744
782681
78013
343028
110786
427686
772300
544899
189306
311829
501725
468387
427331
210991
550095
535170
213786
130725
4459
677633
703933
417044
682334
707523
969902
300634
89664
707031
743255
910863
243986
946111
520199
228771
93319
423837
171482
811538
90169
648121
921463
868742
241468
149361
375987
567113
723728
723326
819732
194596
362160
379358
592624
991001
646727
228132
935347
453178
72642
762712
233598
430501
412736
525516
441645
932765
427495
307196
516849
353541
884048
600992
994204
698171
130402
617298
800060
826446
721404
132887
682142
653086
801740
351372
958900
494287
318653
425903
689617
698793
703757
530054
443920
303503
332156
174063
857493
274010
95840
540614
422635
982994
997590
170988
981773
286536
585107
473402
216768
82003
712728
805698
399581
273637
727876
724478
354925
777353
886979
902872
561836
671611
900900
558165
788720
239012
202377
729759
881187
22576
59831
215853
301548
336398
301453
608529
335981
267971
9234
238046
548517
224107
893543
215667
801525
157902
592091
840617
555199
591323
614237
606485
976938
568388
438220
933882
701314
334901
493611
679246
604541
552242
585328
573735
884248
325196
737147
384130
222112
186431
474020
565040
885773
684843
549357
31262
404233
48237
69847
328319
201230
893402
417488
290840
377004
478295
114185
280807
427498
485016
960550
540273
16836
385075
928719
309287
501523
61792
968484
34676
706443
315728
613133
268134
943198
234406
423471
876982
293949
32918
338362
847542
509502
119833
189343
703254
848793
452234
939487
572306
161356
225568
636159
630396
836639
718217
190936
482593
366082
336607
644106
416603
644754
57289
186256
614131
179770
440369
935407
351984
408182
810141
778761
212992
660659
77036
953806
819714
839506
857263
315538
49326
552460
599010
455481
578210
579888
216838
401294
31881
341063
35164
594675
551850
693528
461248
307955
493643
644871
276959
900275
178495
277016
965206
524232
670483
801041
61928
860386
191185
382526
307036
814565
919471
973454
235057
244376
220824
991643
822015
834614
408660
806279
687980
895842
684502
251073
743495
698104
923874
4711
626180
319
509273
129798
322836
850746
2722
176380
920545
463965
338807
673023
910051
950301
677257
609974
252962
272864
113041
230469
922888
74516
945909
331302
764258
382236
