22
500
224530
939570
24179
277476
265516
392832
634613
110229
881199
429156
730925
381092
820833
975961
466665
777541
358055
924601
708377
452158
623857
441768
446344
304214
37250
318353
412917
662828
701151
707912
261906
674403
673300
951631
513112
301243
386141
179316
994757
152635
426040
417560
952116
196874
685317
243530
224279
774238
473686
641233
270674
111756
687897
529800
838327
77821
575967
925028
110426
625985
581640
109522
426897
976893
534285
552251
367562
674112
86762
858409
827337
160180
563814
927683
954108
665712
896384
400564
46396
949610
385400
719274
541090
165642
249527
31035
872068
451353
201436
999586
128651
620248
493475
60902
899762
69166
205556
379867
546013
901497
795014
658626
161108
802373
18734
270731
438618
274522
146440
32508
639470
496751
498880
964777
907869
152253
298238
199075
233218
813167
911532
540270
191836
306741
642021
247465
860618
420472
308411
902802
432421
222312
652325
271266
758906
766193
448579
388564
121890
145291
358288
672900
382400
58032
914851
891826
946071
821417
790178
596133
13446
186690
899075
342380
122849
508828
19776
938624
634028
497569
514135
642117
743862
894162
933115
46703
475792
470652
233114
567426
253865
556937
254668
301425
149255
893426
950677
870760
863652
648914
593943
192741
636707
252246
316503
884353
54829
984849
980137
348813
423212
876268
905019
197015
855844
660154
694460
916620
832617
700522
875943
546295
19713
633302
244336
487016
263062
305336
321865
270000
687064
723707
733969
227848
191981
315567
361370
159249
265302
466839
933205
128950
242463
349597
186333
356781
443714
237286
757788
111069
801562
639423
179870
859802
630975
4534
72176
146763
67778
480006
274356
784237
215622
305642
222404
989360
496057
422674
300609
644415
54446
445427
192887
664733
756889
388857
497966
564331
861862
633624
182672
503366
741686
691264
904882
451853
651894
249071
655041
917184
696734
970976
540234
207171
453763
886625
770341
806018
399258
290626
586687
183855
442058
155305
913347
119848
673196
666691
77029
597107
518882
552469
229259
618987
546449
733744
395863
811252
178876
727235
197973
239401
263038
148171
178814
554136
106404
693349
407655
992419
566501
900995
781705
106887
326910
208765
274861
867769
456046
867647
3764
403372
474187
880033
9024
952175
392192
709268
431299
927092
287844
679095
659682
507628
409975
903497
175749
80205
388667
340666
113022
972661
370477
974618
998547
226792
981151
527923
144554
439542
824371
560754
412880
286648
867062
423615
624165
913848
763990
196975
205224
249776
687553
713935
302171
382507
799708
609505
25618
517384
964125
861091
352542
422558
227462
978250
790224
428601
7103
506766
953836
958273
475150
941343
42924
180155
730677
798709
413549
989097
533416
609605
111931
955469
189865
662095
138676
265868
249410
465364
974427
854445
164702
532133
14075
8704
143365
241431
105333
816731
112755
308371
730601
285824
358227
53130
479997
818458
154909
337669
269069
591398
895433
116762
853231
863343
451374
753018
596577
874930
518268
161320
409106
852192
273682
334468
446409
146113
120637
278213
338870
484469
382350
908294
668243
812821
87383
363191
674103
999097
186946
925300
927735
675475
775437
611250
191865
910969
950245
57558
398742
526976
774622
766944
710699
421507
286605
371460
730621
516227
389891
480729
801990
647081
300262
920298
431200
706150
124461
849899
568077
192379
662455
627078
530401
916053
95433
754642
413005
478736
816163
387301
241608
425372
935997
486912
836315
933053
22691
984937
