22
500
56266
825516
306154
50326
417946
978523
335374
553797
546372
734358
616106
25512
613620
208453
323602
309694
509054
292430
575760
262141
268382
723351
346426
523563
208042
721449
467244
738701
430166
324336
877672
537974
395171
553374
266054
973504
706150
409904
311449
320921
818481
1481
650720
373621
785440
408762
769510
701409
773442
140835
297847
233976
824737
629554
309759
158126
493296
675850
469824
65097
81616
7616
247279
770032
861822
907903
191532
595164
57821
549771
207197
973419
674716
873250
520870
655827
162372
745855
275334
183091
258977
612600
933329
144325
278538
816199
67078
843504
251278
948581
163788
721467
595964
836818
788366
73819
691471
123826
518128
73133
332468
49809
356780
607423
755322
615495
504014
796808
294037
896631
927432
247992
675855
698225
668786
876778
60556
413367
898210
720375
368376
955805
693605
261348
993999
679049
736215
377211
421192
131802
331556
880951
164191
559654
530971
612504
917118
970203
485164
573207
199879
871111
561726
77748
299328
493746
215087
31787
488476
563049
210985
960196
357602
2518
392093
764106
40636
528778
575839
528659
917598
471773
459806
355454
137873
790637
935102
108732
744603
763906
392212
331844
866317
583826
567229
754410
346729
229216
94108
215242
258413
834238
341806
861086
598528
998324
786443
28208
757048
390137
802171
705897
829510
708510
197170
129095
224255
37834
604010
875181
794119
519136
695195
577172
467484
868029
41818
752223
781181
408669
559115
468237
837301
450909
820356
880904
213895
236507
95040
406554
370679
54713
419773
360831
18099
378625
951091
639765
954077
712930
164721
250096
280182
98201
299989
522634
927464
583339
231399
869207
447343
646798
243474
455927
308646
48872
258497
905349
422826
919727
982738
156492
372653
680175
244026
220442
411993
603306
168117
656172
432862
597017
512487
457096
625690
800977
636756
576682
140708
551745
837689
569302
986677
329688
893957
85004
602804
278211
154231
551386
850845
781716
225173
366475
209293
878846
778310
242109
323500
199804
51853
749904
709239
457042
403618
419387
905257
109484
913903
759992
337733
103394
191140
215264
84739
808733
832375
847569
147924
352851
221755
993099
898260
292078
827740
881050
113740
410891
376309
723054
222496
458653
76366
783046
689563
284082
445301
549067
668757
755662
246647
90041
403327
581555
645307
195768
530699
967682
665340
371593
970810
576507
381857
535451
614403
153313
242939
933310
342749
969209
78426
266095
356970
870576
291596
891537
184064
575132
387764
540797
690708
501339
885698
315120
111109
261144
934484
525027
608898
322860
9769
854392
120346
652256
49470
128720
983071
250129
853063
677561
364277
216108
249675
448581
478396
584537
973276
967734
433879
654965
460594
493397
452697
274103
353252
197473
376012
324532
301826
205797
818973
947453
564625
898915
573543
582950
179684
81772
393690
341922
904083
429457
672264
682762
728155
445747
832012
782780
64850
638711
57047
525152
495044
715670
715160
400902
97327
662225
521223
799979
459928
195713
346255
543451
263817
716684
45910
289840
610919
297780
941930
887416
639475
257289
748425
534901
422173
611967
768269
237949
865792
292826
351474
818562
25087
245702
273157
844716
635194
848259
883180
975586
387308
522557
926156
755880
579108
733561
702682
887458
650205
610668
334274
514359
48764
444262
585837
201297
901607
729003
651891
950720
126397
503906
238877
699262
174453
87079
252437
924493
666070
221115
561836
710461
506384
133659
524232
85642
133110
980398
