22
500
741673
676706
955609
774807
269206
72323
168834
138411
777768
352131
405195
695804
777650
256937
290842
20052
565707
900601
71483
191294
138555
554510
254681
940669
541694
483039
115609
279776
312119
175459
847828
435565
40500
147025
660782
973690
840602
912321
614423
938908
266413
707438
325726
238134
747262
662429
277549
248179
241266
741398
533605
608014
862634
97809
402327
388942
310932
591341
686747
600400
361038
79961
854225
250492
962866
925717
829362
432794
385026
167763
595986
219069
689585
326263
176564
255965
238540
114622
760649
237763
536579
247610
795975
414237
103832
26491
139747
403633
400355
574026
547114
488814
925503
490639
35457
763550
810965
540114
53367
198584
482051
876702
683076
771283
256488
529666
937953
510836
268366
936433
54147
160328
834933
768457
444341
778605
517624
810544
654673
122730
583967
45019
845210
831552
732032
912232
814777
946008
567762
225003
544979
374555
234959
7302
22403
286753
803205
918898
466425
49089
364282
811418
78958
190023
961402
665318
424771
320963
442431
162581
326709
149310
770427
938243
319551
707464
792644
695882
478989
283501
605532
91973
692440
588806
318940
357296
817762
575403
959037
609195
316688
997766
680835
365789
736415
625218
545799
978741
355716
123427
852191
413004
411365
712944
621548
362151
998061
526603
935935
736280
910096
860641
266024
696835
240155
918652
760605
389374
362742
267765
747268
297106
946746
965575
606301
252639
77225
214976
448271
331739
753422
553040
270925
790139
951538
249412
992485
348010
118904
932492
732133
411126
721686
495608
341482
67082
900208
563138
517702
326102
720850
28100
558413
354123
80778
12746
216061
382082
746080
177474
152903
582268
174132
637840
31358
347140
468978
460670
451803
109873
498227
824081
684779
537416
319859
626934
41749
578366
39019
972571
757452
344282
409355
445723
943437
73977
742678
997009
798101
268075
705369
684942
740323
326459
720585
901669
913765
212108
948600
695011
655938
747359
602996
493916
718275
831665
434300
635808
345887
421825
828128
627853
418721
414384
377716
921214
714040
913536
610864
619297
708827
292223
365351
295271
410070
183741
916258
588884
776054
583096
341145
905590
319885
41881
619789
500466
579235
805207
57541
51385
127289
240570
19171
374938
570939
821178
473377
550962
542785
534534
429293
878270
719234
764128
411679
399185
65622
350949
140115
511329
786085
562666
169384
412795
74993
597571
163284
689367
435582
483549
272609
511750
990362
422411
117575
958151
442380
165918
38631
235514
706781
740780
739746
159148
789501
316979
973972
679505
285652
487384
716528
670735
939559
541128
521849
695926
857570
10239
13403
236238
389448
306087
37924
804106
168116
176216
147746
945112
277898
762302
158361
139098
847552
667161
284769
764078
399362
583325
73498
102313
586887
385209
82062
503395
49326
131893
953889
603180
700948
126324
73911
1949
769589
784473
442338
562505
647675
2886
431430
14033
382376
415872
38860
438358
939869
60334
633791
978698
528901
885952
960966
338464
426017
905389
254590
31074
889456
139156
201396
460128
640122
68228
614396
974854
723129
177815
335664
528455
938469
276985
957577
18165
26331
15430
357651
938611
825833
98642
996240
743746
973112
365570
118956
200631
74966
215319
313879
954317
654111
463243
409412
629207
921736
996820
28030
411022
201288
639109
880290
469064
2916
477716
536445
994378
20885
704118
489666
364852
794391
336422
741480
248410
274193
417925
703518
608820
137116
455516
570028
233771
