22
500
727793
70973
853288
33107
777588
123975
258257
512376
113623
313095
27339
756177
829804
46907
290487
367122
540427
149939
606318
102045
824220
834705
720219
645080
307714
567727
650418
55066
551333
380959
390545
195646
384858
420045
723761
580122
183344
847809
61384
384586
7065
290881
44735
988581
235571
641620
445835
161938
745458
526753
971050
191923
388396
834549
547452
783934
133697
390371
253244
498477
171557
209477
682585
994380
414860
79265
692021
553391
599024
334183
297849
598278
880770
712215
224531
791561
242859
170368
231629
414349
685821
594723
918475
648249
406075
518646
981217
872722
501569
648452
373455
341233
285138
379378
968410
632151
62716
57500
283975
385751
563882
606429
765047
448241
427654
561006
805658
241279
137928
387493
759825
522888
873312
942175
382820
544947
723260
413689
99356
287190
70966
828920
573247
900331
353886
932361
697766
884643
345631
459298
387324
947541
985616
499590
124245
234191
26201
673896
75944
368397
817920
885607
496491
895624
716431
261496
979146
4453
224228
397346
23043
404814
802773
411362
462113
764062
79421
420142
55378
783670
299304
398294
149607
187309
636822
835463
983528
886692
609904
991146
591442
351927
38981
966313
164527
409999
42750
15378
379151
344468
119206
346004
601832
360256
33296
635045
966216
291407
691236
240134
136178
391570
600906
139166
878237
769123
894834
233219
427653
98291
803325
373400
673131
275967
117771
392656
237872
362401
130594
908177
592586
772099
150135
805363
481952
922222
333149
317223
713352
996160
75399
338229
33882
779644
539579
562781
462321
95484
237846
787999
318398
668993
968502
340631
439176
511275
82887
765120
899844
969412
730222
296665
543244
589238
652555
818148
750592
422877
402095
333707
504246
590327
224090
497246
297310
782008
880047
827191
829175
875899
886326
966847
460072
487762
870798
278857
212668
274174
632493
968667
109309
587706
77973
987662
615979
978034
888406
421835
898010
96081
814010
601653
186853
232375
329552
606949
783698
757258
557400
351824
210052
433892
200712
45573
535511
761066
967673
503635
399516
777596
58225
439560
581937
903880
448973
426004
981947
428409
849419
74571
421058
566286
346866
175561
813226
630981
878750
683247
912458
419893
944876
997516
153131
141435
387902
57304
554399
648524
153387
987546
676411
945002
138822
19561
362930
293874
604681
302095
313103
549457
847775
430985
195470
328023
32011
394539
101272
353636
294328
90976
381338
999679
691165
602447
796673
657221
800524
765594
359508
374526
708376
748224
328813
912651
836513
950050
896597
734076
7934
386275
340347
170046
381125
13480
907793
212529
984697
110078
179076
859928
608977
163035
635861
954410
261537
648509
791321
776005
995943
985711
710665
779650
671861
449450
768199
414883
995830
617048
654702
300265
703902
560756
899028
306946
13810
618957
452319
426720
241329
546856
215873
256037
686110
637573
931985
625082
81195
414394
580679
885567
649667
61308
557460
570077
419124
309949
650268
539511
910584
887087
679889
349054
452191
882150
105517
258659
467034
751835
289547
161064
508774
629580
623011
937424
441234
713537
537568
346357
317039
579242
847392
296376
483220
107493
791559
719378
211083
996315
819584
398921
795164
193994
818706
90943
786483
325213
151962
795685
110768
759799
638827
573580
920395
975566
468607
272860
191394
669556
141528
532125
778017
894770
252087
80755
79117
540109
573304
150055
334061
470826
273416
105887
189397
700173
836997
976688
96400
753405
813872
378378
