100
10000
746723
589600
444530
919554
592946
446325
598606
450517
599994
120338
640892
955621
902919
899355
840852
402306
255732
723836
570761
729851
196010
520487
70596
759478
695703
819385
385629
35615
461422
13242
8182
447549
930516
815363
148787
12896
805998
347002
667417
176119
498436
945593
160770
764286
754898
874829
797627
691860
963307
189018
723322
314602
679370
350812
444735
353880
869687
590216
953029
76682
844627
910353
871269
562007
836800
988102
404488
845042
664559
513880
693127
945913
955015
490810
17889
930091
40495
821281
533784
500983
316984
644523
725032
926191
996714
435804
432165
66395
566506
639235
407792
651434
626244
13371
288213
807684
141403
38605
425284
234363
206314
762355
778283
669407
702710
745015
211116
180720
326930
342906
86912
372014
539086
381329
20264
287053
552382
647242
234507
342405
519586
244300
958769
23429
564471
124252
972826
81287
665
461052
194364
840767
530515
593966
676376
536301
315525
258966
28664
53458
672816
592381
945735
159166
340258
218610
946892
391368
313977
84875
562309
569112
36757
643593
573788
368478
278686
702553
268424
725925
529582
779959
563139
603586
67037
308141
760675
905382
98600
266682
349720
721427
179453
333453
978561
746604
604070
455856
141483
701156
926863
40386
67431
764376
731062
634589
258182
962361
476654
707094
726579
881314
190287
808482
721966
418760
877117
57621
613793
810511
98643
66502
757024
429177
907693
95247
708802
982585
754767
872817
449046
740006
476534
226900
946948
466123
373624
303467
596930
946907
647130
851190
485615
888258
545262
956257
693519
280790
760295
785610
855908
21740
878395
567008
555045
959303
138035
447527
169950
989740
295250
297047
432035
251409
568352
793828
205682
367924
995922
143129
524260
350855
737687
464222
517712
423816
659265
877656
649149
245743
327630
237423
953473
821633
574931
863531
115450
322882
127108
851319
722088
527879
159010
801032
867558
852841
669633
672663
90243
122454
917877
687178
840513
270849
363353
701361
773866
239802
513147
718635
215177
793624
495591
657641
553996
205906
205647
12234
193588
219309
396692
663206
604470
478223
3379
852455
458290
90931
834511
159057
83597
407478
156182
277794
21869
274510
287891
843283
550288
566554
99088
703999
700297
979091
397158
110811
768601
348322
225379
547363
859686
818060
780758
682262
842074
831112
29305
806615
368091
639538
527611
440309
136546
192407
693034
186052
613818
381872
181178
944042
785368
636396
880564
708790
247505
661414
131838
36714
78780
973558
814851
836313
179044
506083
841535
883371
175658
500790
709736
606718
971318
866218
26748
130215
976087
201983
92388
898838
630079
883373
100162
634327
610772
35894
97244
751861
874420
326549
63716
978233
739976
477970
2019
472208
859779
146423
207106
660490
829432
68829
364661
342655
139414
57951
728196
429196
199745
162288
656503
307259
371725
219849
598750
789249
316761
367098
852858
538976
503558
570210
827596
445677
645843
89146
449335
987948
551447
916939
179924
321687
465753
642048
840979
279294
512271
400790
645448
324488
217842
178479
733786
930839
251770
633670
143043
187978
55291
482878
531652
797275
397340
656723
497641
888297
722031
544433
557556
346129
856498
856483
168745
996021
264866
24612
522677
30686
855926
233234
843260
801150
243391
829440
115966
723086
236186
430954
253605
685078
990030
514883
514157
273739
1289
255211
464112
31186
493234
4477
268173
44771
796394
213188
587700
341257
322469
233549
347729
622021
535838
537175
450707
576786
548156
655783
586584
782020
545087
14904
371319
341002
184166
795728
286953
426898
741025
284270
341780
639499
434478
420320
215094
900806
572307
565617
964331
728822
721398
263038
671642
410070
396636
702569
191298
912489
184572
37735
689629
707485
35776
464821
352174
96969
386071
802728
237292
815254
711097
352225
651851
648057
528377
586463
25891
318558
747776
942254
63807
98784
273963
61309
752197
825973
888259
464269
975741
529255
555605
146246
969599
830717
9454
17060
365501
859960
69109
799630
907114
211641
866661
854919
699079
332736
253797
745597
939592
13967
693253
419519
640359
390189
971095
919820
433668
362054
16808
210694
979063
953455
966810
349382
948084
541640
503583
993545
323034
33979
951060
663431
964632
963360
8887
152740
928060
749123
133319
264832
188506
445821
99767
914345
786645
608702
265678
526000
550349
511789
90846
915609
878501
967782
411870
430315
735279
135586
73319
599528
195063
690357
153223
343767
53545
914736
920389
921533
154591
245670
744819
478058
565771
284492
623657
422575
426686
436922
866467
264749
980498
953806
808761
343624
895866
589359
438455
587643
214500
659631
542232
299717
439176
53514
388196
376578
392528
124491
581795
99092
374308
244110
906301
50752
371409
267552
567727
935573
308629
612802
947948
59590
452297
525517
559822
140441
164203
669679
862007
502008
377992
663891
856585
416485
701634
109407
303677
291979
834115
890839
767268
456495
119359
61663
128632
412805
995039
314909
824286
769951
690127
654525
354427
70145
516581
669710
648048
451535
931628
407242
716467
283175
850189
246770
261707
953611
762137
496728
338600
363831
543030
178934
106716
281362
686691
131324
372346
910015
295337
710695
240138
575506
556256
967949
703717
609120
108059
23605
213427
941935
344177
998370
863615
999756
947817
227185
549236
27644
136769
717016
218935
351626
650267
101326
945184
267711
398021
518666
72342
892784
230627
479267
825221
887089
562747
849558
66815
948327
51293
513574
977836
57020
294765
782494
257583
474923
894734
225202
888088
8443
506093
365892
998527
35016
141095
800770
381507
321532
51544
98348
401247
523485
351617
893363
350502
674817
348245
741181
998107
762460
508000
108677
368175
906426
818453
9248
802583
344648
318898
418714
948297
398156
219666
363071
190548
257013
169743
771573
424282
769164
954385
896326
898795
102794
799992
561916
240446
536324
186338
994661
76174
43650
205593
530806
849743
585197
972060
550988
447563
283814
60680
77710
674014
837619
723811
654445
25738
857940
509894
681421
843448
481396
343012
993662
692684
467515
849018
231779
436515
338304
621077
790195
827820
490268
450427
689054
120480
568986
809143
237127
808671
429450
459525
389040
480168
818484
33109
880244
219509
921834
980927
49965
786353
655095
704516
374005
699927
587251
982717
201802
71592
598200
147939
179083
777160
79087
693370
37983
580854
481091
839322
166581
544999
69944
566427
26085
967485
588180
961628
64309
931241
528059
624432
558713
409562
321241
387751
38354
419680
650807
352726
435554
700721
172608
665680
747128
529919
847370
725534
566502
515311
582969
158393
294838
47731
991360
8914
577521
727894
757612
720407
134329
848074
274701
54164
307846
346974
893310
292407
706555
253323
556499
822124
980708
403565
851679
495527
318735
822799
837215
501311
503684
165215
577543
631415
397922
297153
970854
694873
347799
374335
138168
561404
276539
714717
297736
247652
155146
614986
322560
621320
4604
236659
775119
876910
3907
177970
211189
449971
542752
803876
286830
28967
278435
740057
28344
105812
14653
775652
554179
321312
476163
278033
890933
11016
867457
471222
273303
690188
848377
409506
858335
318826
692599
597811
283226
816450
852178
805764
761526
765208
325505
811139
406057
24376
881367
474528
427266
297140
194844
333921
780746
482505
566986
341906
941142
383840
741793
423578
976300
345904
543079
717993
633616
769152
955392
436110
704106
105930
354085
942053
259349
335803
616132
708973
113094
150744
396980
39608
685143
86970
827092
659259
721391
60602
235647
480005
273104
900647
347885
925453
170365
956852
159209
386596
17414
868847
86698
33865
298673
154796
741905
705499
64007
650176
71742
655145
291000
353961
883087
261734
879276
184203
923191
92472
412775
934165
813110
669103
29655
306562
613946
164563
151741
6396
295122
224022
804982
166811
416075
73896
370533
129226
381289
946793
542847
788554
785668
662138
279859
405840
365820
79532
30900
342794
463066
387162
139300
813696
376068
58835
916958
840853
552093
65263
236192
539372
62647
344707
341588
562471
634613
376047
471225
991434
311874
446612
136435
120190
362792
956323
601131
789490
273806
192529
268900
8540
862161
604198
124508
469213
975293
921845
140122
875011
629416
892582
963483
482728
846699
74863
1555
885687
810238
188833
918562
154767
242543
726366
538068
899519
476223
131497
688725
54193
151449
45526
801456
38628
162863
719648
602690
182930
640499
695193
356735
738928
105775
456124
663136
371988
502338
483358
215336
903984
769016
294403
984338
849276
906692
17357
918745
823218
483613
904016
630243
799859
164210
537665
110411
628231
815690
949644
750921
946818
99772
247300
546753
960642
138632
499061
803173
578196
476369
57237
622919
662454
551608
341593
878782
423223
708630
64741
201012
708219
295893
989339
267787
98267
850284
969045
502634
15529
602741
854125
517672
917968
791852
301561
318547
948890
142022
236052
249180
457036
915435
969367
585955
930860
464658
155815
953435
518563
795384
737064
639898
810493
952829
416656
210816
223756
344155
712022
916801
459180
281731
26696
311824
135202
978518
20092
843881
252766
723261
43550
691899
965728
535141
39785
113649
368951
11098
375153
766172
280483
485055
536028
256511
813852
934632
317745
986550
722604
650324
152776
472707
641399
757834
661473
653686
140635
764302
907665
130937
682418
95808
815383
83253
685748
639186
223757
114661
249914
931748
768954
750197
113885
22462
748292
513302
197885
598633
448259
357153
210078
454314
873904
406821
147244
525148
189692
71951
51807
281705
228605
795445
555897
200677
438019
142783
378732
350471
760841
775346
516506
354756
144263
294234
800948
338506
46565
70932
504835
482838
954313
323509
702405
598322
689041
684954
467631
152334
276957
962638
767698
620218
227523
300689
774360
336702
447462
486987
915501
959511
46881
551437
846266
212942
869340
877631
551180
875189
863553
655980
534675
571009
969609
910247
545607
930623
656880
33880
627621
488821
857543
373862
141655
920854
928424
277379
990706
884896
387587
280015
189209
99286
389015
384170
533055
965205
435965
747481
732681
675990
535326
879443
661137
104511
490565
506537
781127
368678
659791
551953
756658
947875
111103
523662
91988
443408
803054
632509
286444
188831
702943
925501
983381
292121
196209
562556
894028
585839
122477
552539
411983
476478
315648
976765
304864
708516
467522
504497
886313
917753
27252
385849
702329
542957
894665
890807
392044
504892
886811
836211
614953
365584
914750
410571
824069
68275
954674
228344
976582
857902
342770
937400
731714
413123
708777
269726
11173
614020
239364
591474
239120
321487
978594
920902
364063
419175
666089
522326
299843
586927
763890
481242
563662
854469
847716
174636
139726
456568
704222
10769
823440
385448
448846
289702
227654
444921
960671
809
554115
259635
184207
790880
924962
602553
274078
972137
776007
203428
895522
299552
801789
797948
679864
504102
268159
510802
558293
983188
634130
268733
717754
951164
554063
877103
637574
833112
565375
262387
130277
634706
808670
891077
327974
91503
464002
431502
685291
136089
40661
333306
321145
100743
375806
340856
327279
227851
612511
692173
960916
6264
254455
82837
714377
942893
389735
762968
670749
807939
52753
909381
188415
852431
34780
573134
874702
825364
749780
738527
641165
947080
77103
655612
856434
758721
205034
564406
242333
33852
65170
53257
24870
836490
535903
373269
341071
395736
109435
468407
790553
193753
219232
408644
664050
12562
929502
199329
956363
797569
908284
669762
176968
390507
89142
101757
341713
529537
910949
856522
652550
757102
382845
849498
669135
162752
959728
790736
573521
579120
965743
668320
160892
807056
523792
230979
867201
886864
189131
495828
271713
484844
335646
786506
58913
89782
880785
116435
751002
290747
933268
703113
124844
939413
433604
818515
260562
932493
138764
654235
483601
640746
417064
2087
20491
71770
260485
22870
208304
281276
741316
859513
813844
567816
303454
158028
728091
432028
407970
999632
955728
250723
683993
72454
246357
642660
855242
250250
457205
169637
663513
625737
376981
656889
385290
383456
747402
132077
592675
341266
545156
996683
519856
804774
617575
531977
644576
213659
969082
785682
275725
714505
394680
2030
995417
899670
752836
538128
316531
471313
327930
830204
644921
113198
781025
70675
846136
836510
733372
121724
170382
679499
11839
642353
425841
277165
13791
20643
392136
808588
365186
173195
340791
543186
170006
889615
276856
994892
526270
333900
613732
583485
111526
666374
434066
627359
868215
580265
461270
279415
555174
808379
941739
304147
620519
338209
315115
444963
419968
387403
276986
794226
863864
231868
710595
110335
278382
821177
481690
986108
556421
700366
17153
132770
153981
226359
652998
193903
148125
316914
445002
415998
668364
329055
31196
128321
148992
655312
139395
939356
219406
451507
916698
671457
775967
720985
11222
901796
522947
974114
364900
718395
869727
213639
707693
516244
903490
928132
271675
39539
176662
571040
570869
58758
685426
947738
426310
748710
833804
510578
728156
121580
111244
870993
961165
748462
885179
709526
535380
20181
207578
362877
387384
236892
356688
182638
626957
803111
730811
654496
446996
235326
984807
873576
863741
76068
176348
158818
567758
970008
447249
946874
77019
667879
418367
816856
27829
897772
893137
663014
495840
566374
93687
721151
557947
62644
50266
494069
900996
842607
160170
422015
669556
457316
491923
494525
980870
770796
766157
557994
231574
722026
114514
56669
825956
312225
160427
781308
913655
301552
523812
80125
256990
159851
394078
407962
856658
182998
819139
570001
161271
237056
605396
702101
443585
311994
769374
362196
213044
850419
591371
444518
543555
686193
932948
503631
858458
808750
823124
523569
662135
861517
479928
806417
769971
52215
160147
530499
46815
851222
511950
983605
890185
52718
287676
652438
241886
975251
92492
366945
658345
344907
504344
674570
606010
478272
913242
736835
894306
633698
474365
345963
488794
498967
58641
185236
855107
510368
287897
123567
231816
35273
581823
383703
696543
592012
822056
582326
706543
461572
39073
536536
179532
599753
251000
795018
158557
540460
337192
123054
850463
808976
223852
958494
561730
733923
70196
885755
687921
760184
851893
513041
120751
192131
31067
691944
197341
674608
501914
877418
510168
526880
212706
857644
821439
798528
880113
428315
661970
975240
724802
902468
162869
79693
251555
59263
411732
23556
448548
182649
230561
36308
959915
219613
71610
207638
934245
347167
215013
594348
154071
27557
299389
332411
143442
609233
626470
978822
125957
839663
638075
317544
799725
447992
843658
631534
826791
634177
459061
477839
197669
880195
768697
905032
550015
693703
523083
112856
732385
469550
646430
585045
175523
244826
658625
225898
780598
21949
942822
545006
924409
918844
14462
437985
162155
27903
982911
645765
543356
390744
104391
334487
29820
655309
910170
144233
708277
910788
942344
580381
203668
621002
581930
445760
271617
602943
378122
185664
548433
31138
516322
888843
549585
762549
307005
96966
796547
224908
567610
41255
799973
492920
871024
680304
692332
528650
270891
249225
379920
314246
292243
550008
525377
838182
645165
674943
310455
283207
742267
512850
157479
676021
689471
408819
269457
56910
709086
629868
352182
793109
228767
341544
496807
364629
143954
644399
698937
754671
557069
175549
633813
814851
596242
732477
175852
876215
615692
698663
296967
890855
351096
670195
364284
690601
285985
186360
687420
805819
567684
668646
873034
949388
174930
343388
755270
761635
960211
190631
618791
454192
301991
642264
771272
843437
859239
242561
862297
241393
723307
287564
594038
779857
151397
721783
552212
224371
151595
577135
119192
663216
668050
92616
104258
841061
733749
492119
624966
526551
945109
381933
319099
18752
64539
639472
537324
205498
151544
12119
288589
787399
225133
420737
165192
546235
778983
631923
777012
820167
929410
844781
975783
643874
617838
982951
411490
513365
465455
894957
715819
30436
201662
792916
765432
322900
733197
561752
208967
407198
81448
463316
432586
780398
170807
272924
162432
464408
947040
517818
18975
391000
393417
389572
25197
536260
843579
773654
629615
634960
949794
590194
177080
781181
894960
910704
161186
224608
324514
931363
720475
685195
947291
412746
212503
880474
385004
844848
921187
190172
211061
245025
965274
3099
114660
921417
300464
79434
202972
438954
171499
108810
79474
36089
758130
783896
855121
102294
906366
808215
887037
427239
600301
671414
663668
653968
146421
173694
317937
618768
365813
726843
714442
623867
613351
756036
71097
646032
115314
874728
889399
458934
484445
506486
92484
790232
346973
551721
777092
151898
84815
13614
416067
823862
657601
147156
981593
418104
851818
185935
916969
275410
371258
272489
376067
883228
724620
854598
139177
526252
693497
126866
690607
76303
733894
969609
78203
408609
172285
319586
439020
881166
999705
942553
292120
334053
284122
464856
417389
931094
603641
718401
398905
632328
855414
461146
607620
614489
131917
261398
176283
523827
709510
21756
186792
625735
449324
222134
673340
502441
803285
457464
131951
175880
655712
34827
795615
410696
538430
608245
540948
750910
183334
410183
690564
447431
89260
707139
760306
123654
60780
672039
206896
949048
802720
515482
884614
23541
299282
696946
329771
145541
976683
21152
493616
291740
740393
888889
661628
207092
492655
371105
390962
946693
335478
24406
606511
542052
508769
590551
911983
319029
75567
456559
912207
660046
675850
694561
610733
715434
861308
289649
739499
726855
123329
666061
69907
501213
650359
697623
161812
372347
165362
592656
798571
828927
966316
363298
760477
272817
359065
894857
56672
876284
686553
472480
641690
951691
330375
580100
423041
980860
939246
161255
315169
898820
754652
502323
280444
954079
467598
1496
808139
211057
298698
707764
903395
652350
982604
652126
181235
806723
323992
653007
379754
389999
65518
295086
244469
875905
337244
470519
846822
113663
104365
717127
245936
291024
581503
345606
726286
944439
947890
638641
903940
694380
270717
157571
349054
288153
355994
806783
727572
326766
922530
747549
419183
31521
356915
868366
422661
637125
760845
858990
465088
959302
71292
53062
288765
803327
911024
72762
254575
391416
492072
790293
429348
97023
786573
278447
449056
934305
827739
719289
724069
426309
570490
68261
567124
997094
130219
122228
388141
451883
118301
209565
997363
746661
781408
675735
36971
925924
874033
726020
365314
726326
194803
798010
192270
158590
188543
920558
417709
278828
355282
139519
683402
950366
147429
871004
268286
978643
493274
846868
623058
450824
475666
824377
183587
956273
968219
141231
858782
279125
832327
722006
22251
895430
229016
337873
764711
518012
643031
610163
989641
119438
682819
247814
27430
607372
425063
497847
878799
39291
281413
696929
263896
626606
644846
798452
574708
835965
913843
967938
927612
892645
165557
842022
158734
449020
471385
431889
200978
254094
364632
474226
686104
599641
170099
536385
796701
995170
899
847465
770861
897075
358510
871056
269154
824241
837558
287620
742858
985629
40299
983875
373287
671911
819777
843495
136719
164330
816316
38380
122996
535625
200840
545247
535294
803108
228837
414310
195220
783030
446207
272230
614266
678798
608283
953940
145172
613799
681646
929436
816457
654822
339080
399335
8643
669297
522989
852685
449810
591271
280004
159447
5744
508415
802857
90031
824991
866368
984669
408742
934319
504090
573661
709218
321948
49376
972112
917411
455572
401763
498201
257072
49365
495020
53773
444770
209781
862485
474942
345868
248635
426308
440182
109189
797099
677445
189760
89749
276512
646019
128479
769592
150161
438435
886626
656145
335925
811326
660751
251310
372483
359352
457404
520948
518739
639169
266366
537767
888032
868584
154872
944472
306479
645655
887957
135468
901320
624047
833360
874756
447203
322497
927856
703118
185759
943077
180818
930280
897387
879739
445278
351532
978695
524092
675036
666844
20453
654140
671199
178795
33833
165374
989023
765990
643728
917555
727909
686077
817068
218193
587359
845298
358029
492941
526035
263709
528380
36084
360304
370393
689889
276459
154624
423375
258756
783745
893370
172701
576880
336814
801653
826978
352308
215595
234230
588840
76227
388333
57578
741039
720827
35007
300719
830610
447810
782395
204748
168921
546061
493028
209666
158170
146554
467043
670586
223820
710173
66205
848029
492841
560472
448493
411779
439231
183332
131075
721283
89364
135020
682136
397097
76724
155800
946253
660869
115673
236199
878687
98080
592821
412213
517705
60362
180766
417820
651511
194831
253718
578167
829986
121096
458998
495106
227532
310669
87543
251677
658138
814344
474525
648367
790793
196324
177857
797031
301582
139365
590009
764254
700111
321170
398950
763929
990583
962317
463769
552234
463290
464323
370658
939445
277029
680190
706999
989584
807584
449879
690558
767044
768260
197449
539575
891377
726419
775778
597705
191181
768408
396306
15079
809165
888668
131686
998751
64732
389634
586190
710719
468616
171008
755098
269988
213308
931514
452868
92960
283496
995836
718310
856007
452285
119060
877068
637783
750740
482378
312356
384385
56174
408702
172754
864664
876566
370716
375328
871637
799139
641725
696275
363973
395994
223069
416216
935567
587184
359221
488861
618790
925228
956853
800829
772039
823403
55136
11731
722287
587901
724291
742512
86173
169965
185491
994727
414655
417950
406690
415045
972156
822609
679102
870430
706717
850179
746022
61250
475033
353139
801962
255759
412603
160450
609246
548128
725746
495858
864762
23139
652853
19217
469265
357385
757520
270127
935212
561430
373136
825674
191875
605912
700679
379787
540887
823348
682557
980009
483823
839003
793971
191532
952557
457116
603989
354636
189579
926676
768699
579128
387127
501632
156508
910898
848009
570099
962320
477143
155293
428707
727167
267516
782738
541149
728491
572469
81566
878745
109080
868463
690891
910824
367188
914685
161233
49417
868646
191472
267473
28956
878871
261086
32044
778670
987671
938117
338814
538547
392334
310282
643130
344017
548097
69914
672419
392856
419100
266929
708133
110288
510882
366969
367950
909036
234414
445130
135404
748762
253412
807184
58755
147452
334970
447947
862763
457200
709468
548207
666180
509387
482881
259883
244632
229477
144392
686023
273547
507534
103950
483686
240577
147807
575503
270123
484364
249131
994997
515512
299792
187347
285122
282514
738870
908920
103511
463200
607625
576332
903455
266002
171312
370370
94619
788703
774280
45348
722058
114342
952094
129026
19764
422838
382790
135880
196115
507241
157722
743209
190559
923179
35475
108727
778101
136024
890813
439701
856547
965636
538586
86724
255250
370580
814550
956569
127184
20489
881249
785231
163641
287709
968558
892601
904066
161158
185992
841360
391842
772439
205452
714346
653918
120902
513863
729228
958191
527880
149548
689430
165649
410008
925746
189212
584939
234263
584264
663062
329750
890318
446774
90093
27403
658127
970194
897397
964910
213689
220699
815162
560113
589785
137333
379507
696934
296877
56769
138132
350821
497669
235672
654975
97622
112323
875109
336986
433244
712897
119452
746108
43423
916753
182299
837376
566964
490335
5019
66364
959722
668979
257554
964620
90291
882387
585449
602567
715565
758150
960597
314964
305740
978099
479892
344533
117286
890471
742342
584640
396251
616629
320550
414415
977055
886711
275235
87310
487462
31091
890655
568209
33898
221529
460483
16584
694876
427497
142333
112107
280997
934130
395671
669199
932951
359093
56885
92891
490101
923944
282603
215252
114011
297366
494073
92563
627468
194852
882660
135129
722198
387182
235761
657657
766628
843279
383041
743923
167392
750144
185604
991201
582594
487319
286043
295178
675322
729649
128206
231317
828342
607147
990822
67160
556752
251338
550889
539917
536856
710139
443696
953189
462137
566580
848998
316087
976458
672440
797215
344401
857843
615354
529042
664687
258810
756697
329845
265802
259689
702794
956212
428743
104414
589076
792525
334992
317807
256564
320075
141696
841783
682464
68764
575480
238594
555368
186129
55759
250448
188537
776370
33894
58506
729980
125564
543961
743423
693851
287545
412497
702872
951012
698105
2038
520288
322950
696178
357826
302250
819767
301938
957425
143006
627384
583996
35540
611620
779824
250055
426309
651308
88437
257807
112117
107287
624874
80277
816417
352581
615426
90618
856547
859708
324771
236404
995685
196913
867621
894186
979696
454967
831161
118386
588706
503361
930791
234276
665022
107797
186031
979931
135774
213520
415889
343112
922563
950480
877481
166386
376077
17985
997362
767182
124806
411528
681515
238582
903512
687045
617174
374474
479007
786313
175837
369760
640857
995412
719120
74152
978362
116553
900873
707681
521053
35696
392049
430962
735892
357672
253147
232934
800736
179111
503693
959111
107964
429359
232352
220437
35924
373456
347709
464356
939475
502612
585735
156303
101977
279050
96663
821148
885388
101298
634466
521838
436678
325442
983159
702177
494828
596051
383077
566342
568414
805227
220666
452347
512010
828519
180966
322277
816603
755973
159613
786892
673616
434252
866459
71508
864935
663448
648417
691284
522743
801798
958302
117013
689245
425976
300042
502633
31566
305925
393708
660133
738572
158208
994587
233276
570484
496035
298465
605177
241075
460377
187963
247640
734937
535909
430077
343746
585030
297074
695570
17124
413249
104183
775777
197867
693927
278918
505804
398558
597632
835634
327442
422103
905325
136091
491348
591007
504638
309464
437621
60069
330144
750591
822874
499291
933619
168019
137360
417070
98810
260299
430989
233567
178668
614779
537615
336003
389223
836129
751585
776851
382596
744975
292796
789681
197189
324720
843338
163960
473323
115960
786822
587838
679780
311788
83519
691433
293730
64843
544122
647595
374791
884184
774647
489563
711228
287109
780492
832305
726625
103933
522414
568734
377951
218958
275087
815430
967065
662834
567073
97755
819840
380729
710584
855767
587653
340564
116557
959829
210154
952960
809822
602573
476274
939148
43635
333226
767735
105545
443260
999498
385818
940174
527447
2065
713492
231845
94765
128042
430635
880662
133628
696476
128641
213965
813423
412420
628935
585898
750121
70005
916238
372709
141088
762473
343486
919004
956582
539234
55135
181883
826500
64609
261013
516359
582079
960642
789801
203271
771580
896178
191233
421135
613567
505359
578994
903658
426767
260634
37676
115427
623158
316699
749268
764528
413861
923858
882159
391100
354548
271253
836793
65168
911430
975307
427542
114397
870922
502979
948640
659368
258399
69682
680415
749074
621839
83079
821078
23107
129916
754349
275834
646963
148313
577628
628542
627413
650575
136092
707913
343712
805375
26904
350345
144315
518375
629915
75809
6660
849822
340905
390398
549500
777081
770812
805127
593939
820816
172762
985523
560652
883355
920847
87732
409101
690421
655821
913041
974982
904899
44508
746129
566843
957230
179391
942483
231279
981195
854693
827387
252399
914268
928585
727559
117048
942256
413799
157759
998790
174245
948122
149963
329786
326926
41431
225822
665190
258415
743552
438992
896377
288933
996326
938570
644738
161123
236254
884506
655266
373847
477758
18471
930323
386730
740277
621694
327694
421734
843588
981834
15390
341107
174685
618915
310271
304826
690198
80125
864498
510955
658506
904321
447456
571481
69388
838200
883688
940738
80329
872100
733703
318317
281081
430889
483747
525100
27714
638248
302708
130113
882793
118829
525648
271325
93301
78910
491665
359235
96674
44372
809572
530188
750591
498406
65073
886083
667429
376160
818850
247600
124052
885747
525331
83058
212651
925062
371092
13573
668099
799306
956893
599268
897834
645227
709199
810568
669687
985186
196899
999822
352078
204071
999857
654518
64626
296964
278943
912007
168962
353413
754468
465425
249746
88204
58168
491723
633319
36864
312602
991002
138894
157925
608829
725427
544345
556104
768144
284887
853687
987153
973673
7293
102959
957498
507853
883278
624633
516703
593758
263114
724473
784427
948514
748872
375833
566258
937707
89690
569090
443742
424169
398159
66870
684928
599560
980561
277069
302472
650759
930927
982537
454608
416855
545526
924952
213330
515179
922168
523047
436986
603490
833326
911006
867415
52751
693241
63739
240362
233761
22788
514446
9185
463732
607750
322190
144542
694259
33060
457239
80815
163175
207859
128449
559075
140449
660571
667550
135666
930240
415063
229647
213979
177824
349976
149507
322955
942495
175049
946958
455033
911053
722862
593954
114703
866671
595366
752172
766146
296112
930831
191757
107202
981925
700168
910323
553997
484347
653650
191572
563807
84032
71311
411079
845444
11594
301997
12287
293773
318152
170716
135396
384289
473059
821882
340303
988395
377424
138449
943714
2993
443189
530166
835267
258052
87157
189586
478707
511955
83226
971837
430478
234139
507550
142918
780769
28026
730006
239503
227811
776417
467516
648021
376466
85158
600535
971022
314283
968185
149961
425387
174470
472559
682933
199613
609547
499258
613067
383284
350421
260730
39409
743810
746273
422060
434511
378973
361330
263296
258743
252004
542917
999625
996080
17433
838636
235406
683166
593932
472010
761661
313679
143577
229162
951167
245988
573384
16636
845479
86298
425682
449132
292739
572340
964099
321824
287893
705799
551995
130191
725468
331617
563278
380473
301899
750807
590795
4550
166491
51562
355674
177855
444348
393685
206527
84515
262823
966838
645179
336551
460623
114262
386641
446542
455093
657559
904166
266016
61083
915577
723137
790282
861520
295816
10547
354450
21162
482982
83536
284724
97106
880369
951387
62750
683513
974480
665600
459333
477033
667295
493306
820642
902966
977781
82325
858573
998547
174990
459405
108148
91904
155354
464854
891256
916513
472929
836533
416932
399978
417105
705995
642698
531127
177253
28850
11836
602296
538164
457024
36964
615306
221396
182697
133057
446048
124585
3265
474878
472480
563085
853790
266800
577930
770781
338780
330477
544147
301214
431226
58755
470160
9803
298273
38876
888846
893948
594309
30188
353022
996980
817188
781844
732045
17735
494444
324311
125970
985382
378873
928885
880673
498633
313148
228073
837885
814520
880119
564284
407913
680821
124900
560325
436575
33033
439734
434878
466138
737642
839607
721539
363534
80261
886032
797609
340600
201326
668711
634744
315407
952418
29026
731975
362970
598773
547019
214643
64027
995484
157388
970107
834793
969433
610713
263355
7643
945407
151084
354947
365280
6305
197868
546964
743660
768539
724007
279286
377229
763836
7870
411832
860508
968015
221280
317382
6926
501508
650094
629600
236394
840512
100286
918845
975893
599102
483963
441851
839497
71456
701930
818561
982628
189782
173319
409139
979165
614761
771854
621521
346705
929701
140181
628461
71547
759265
798806
162694
119939
681004
910347
442054
548269
352406
272114
710677
535986
670552
280112
677656
410476
487265
814674
666570
820778
496702
817902
787637
138659
629028
854760
941004
653000
357917
914768
260328
112946
813518
542889
922077
409339
994209
938629
896569
411752
396755
861260
861400
460932
325275
531355
867943
362120
812150
588360
709491
406646
827019
243652
396013
982468
632192
211098
402109
627958
672409
538900
682559
83525
934599
511804
989918
263227
544021
770368
549900
458208
970666
117231
95579
775758
160508
648992
188219
884961
674002
786161
498256
115787
506867
520237
710063
35396
9456
771207
440374
483422
357131
510083
794629
790454
507139
261428
237725
168198
208381
837792
795091
216920
363793
652927
43056
282517
683630
562722
138216
87164
47978
842801
622773
873710
919977
255437
632336
496037
965545
304148
207436
321093
848937
594242
811663
17227
439732
42228
633389
227810
485902
267081
98402
788628
135865
609697
60524
474205
933348
218439
706819
375260
850609
301035
312822
574115
712098
44424
544164
273517
343391
618276
430163
320559
544230
598710
816752
67079
169039
845281
451940
203473
589179
111455
723599
484697
888409
74169
436323
792106
918292
865650
489056
334085
243741
320900
83111
145197
564944
471170
879485
279007
780869
146140
138399
501408
683254
805761
299773
767726
989896
973727
15828
754200
789240
523653
718123
271850
81891
554090
622185
615552
91569
785159
954833
69755
906463
748831
615260
849234
608553
207583
733362
262912
463760
648607
577988
408795
337485
651912
653448
235205
930002
914193
928594
617019
524025
700834
902988
502667
352716
542425
299154
529698
675440
159210
186092
535491
402414
743200
102185
877396
83039
984899
861460
939539
700404
721554
155926
947942
438175
616816
41448
713487
721698
700955
805362
84350
725298
317911
542789
418944
104583
689513
84914
940182
54659
963647
151237
516704
482364
345261
509281
14328
409832
244562
812345
304604
739748
3545
538088
18179
522465
161691
674670
460624
194411
678178
111176
291236
974999
831433
601195
38926
566985
194303
977180
351325
921824
551594
193263
820951
31230
319079
265306
212418
643127
112304
319925
142111
698517
637015
713680
648758
324422
622639
655793
906893
502563
205833
430760
963058
298269
592028
611153
817400
546310
123774
503910
507582
138553
62927
891646
323370
15784
740661
673830
137717
396224
84417
24922
593248
280827
463152
310369
901509
567297
571726
584834
794056
806844
247350
813414
874988
400375
474548
163276
107906
127729
500491
544162
878396
185156
303250
556167
635231
364205
372408
950619
723671
919159
4521
809343
78180
319497
855817
261678
824307
345992
551198
151223
521223
372714
417290
582038
190166
409497
767733
41646
430512
684159
318345
986598
162906
6004
252439
741661
627961
624322
466647
530635
663786
814737
334284
459957
796206
299124
969030
404940
204099
30862
824513
232163
635342
24162
361707
799052
705843
161527
581571
396046
639815
319652
391837
378756
948765
763517
42690
845653
129341
906522
641908
255691
846707
938560
132878
10194
997059
413423
558090
686224
272634
147272
598621
264923
815711
661848
729341
516571
847433
925317
997826
143358
734986
5395
649898
28433
776329
536916
180599
792322
926126
474538
802739
27951
795638
355706
330388
378346
765158
22575
632506
975692
760795
70824
132244
674482
617600
456640
861027
814297
86874
702647
287319
856338
635454
182849
67029
612193
291554
125803
722394
668536
455184
947942
615929
344075
50166
965042
259008
782288
287579
612136
715257
6293
520108
502116
282700
222269
324340
656589
69954
687064
592555
517698
321316
881566
696741
223010
202498
621512
967787
987832
13327
962572
833767
858178
997545
131699
68792
245596
412791
672536
438758
831822
515628
275711
747567
240814
134952
181327
296896
749171
189181
7533
368959
666776
16974
10167
544773
705641
409556
930522
203689
444718
92794
467473
480184
947121
189096
179131
459392
670572
595998
768855
397963
774228
175670
653406
490217
386428
454732
47036
595431
975336
226361
469357
111516
539311
107706
763249
166689
940171
587311
652331
669920
604097
179968
460060
204421
302823
844506
220214
926610
112599
652823
935328
714319
464239
864828
983621
687646
158529
609435
590617
163757
296926
703961
638186
2116
882746
816778
779166
32702
84540
537208
698703
966548
804453
14467
289856
307413
721434
673506
645114
834610
661903
102087
191687
626613
686482
948193
360778
945170
307186
443899
964537
122262
879434
139394
917753
703484
638701
437604
462676
147422
858543
443923
915737
529225
553870
669992
661905
117545
455356
161253
898969
133923
206794
967763
79457
157698
859954
666442
884480
393992
528385
205711
536241
205478
733791
825111
205550
908680
706685
751850
441575
295751
273369
993571
635487
329730
828337
543124
780452
182983
89474
229894
506473
420010
8827
899997
131649
234744
316099
644122
635962
282054
535076
294587
420948
308130
69714
519677
267357
507691
279068
870593
30506
349053
119150
550925
738163
276228
314816
651561
866380
221362
901727
623529
202556
610635
589334
524683
762684
616797
107705
105846
552398
651854
133197
479523
95606
659469
808087
635031
997593
276459
201728
527758
404145
20610
886945
490292
613931
636819
210097
499980
724830
856110
319048
620660
787111
663754
512527
181631
163749
495349
770311
371778
71694
265317
306162
652587
326380
171500
190433
302026
463928
248394
193371
567668
777553
812188
416039
36348
151641
835763
800887
379234
980909
495680
824945
502728
53118
38122
94426
146015
716497
189634
581729
930209
707855
517518
565958
952375
693641
284674
645541
317690
994317
608333
803107
564758
361309
893518
41076
905803
561746
18279
148742
913037
783821
679274
511501
382860
438805
874289
877548
16398
830418
162122
225021
18359
364133
695566
632829
325994
266978
52883
269527
585226
375339
752631
128587
186458
676650
689245
464507
295490
356970
922612
556242
587059
531923
852915
533969
725281
236864
434657
194936
455215
396671
579664
564045
584041
93092
709994
446987
173290
557578
340387
915882
435742
543911
838990
756039
942946
841611
366092
547121
736712
101749
906206
105296
296566
778770
710108
307889
323054
527699
133119
336433
997736
534761
678488
691654
370011
496352
720355
378085
782427
38869
94518
578835
344604
677718
502420
558988
876308
537300
27487
921993
845055
672263
475369
74802
687164
93675
445280
868372
186082
52686
837005
475099
602855
772967
221275
830128
702061
102528
479294
782303
428184
181265
321286
143973
557002
642702
6284
669267
75994
357466
944761
871051
579572
321881
881390
285159
749581
167843
531475
13882
128192
725652
14463
244206
337418
388352
720321
168204
498399
826564
841033
582555
569383
107319
365238
564575
645208
345280
139517
464386
116657
906625
49075
146321
156176
444849
768695
453725
750640
864072
771838
26562
632067
179731
465724
646148
870952
200807
452396
725013
881289
921522
374844
215923
592852
977965
472088
240942
506388
259181
830802
364487
384171
343705
405675
814196
609454
197750
732289
204097
367325
113502
152084
481680
767613
246736
845174
304193
460820
36000
326735
455276
856257
474767
925834
102795
676469
923189
805536
693045
425106
271899
226303
29061
134110
930981
921238
70297
298276
2476
95040
865270
364071
255018
279178
451209
128964
359247
117923
584905
834531
158640
541983
367288
236249
463519
619048
930695
502174
955861
666113
607897
330406
59532
568248
370144
170270
318122
638952
622180
196612
955863
220008
961570
799523
262639
121364
379473
545578
871443
160565
931519
442344
202330
502608
372634
46439
669925
632520
194315
862562
971089
126576
130237
20387
933893
588209
475004
509630
625258
897109
44472
31267
586874
135406
563176
486948
566770
330661
740683
513924
835233
255074
844105
326328
710499
364245
196665
990397
134055
204256
530364
28501
988331
87969
518598
625439
597578
442399
595581
600082
491691
503888
483897
122966
538971
486404
360876
446335
923701
628018
547227
320486
202430
381149
731978
864038
546573
949795
248118
588656
984743
451426
647548
685004
822121
785607
843159
823021
163294
571060
332038
734638
668529
990285
776140
32367
337724
111584
50257
534023
166398
221871
705254
689124
547627
532507
961958
63238
817118
229038
484088
247828
742954
619716
600432
209882
577294
166679
369109
872864
532102
583526
883069
953000
158718
75458
330837
327683
730786
397173
701757
449552
519888
707599
926672
668818
184431
798926
680769
763949
49753
201705
201441
34813
872180
530425
109373
357139
572830
234117
112611
887373
199430
681832
523013
303121
31832
79393
526519
542758
916880
674167
760275
18159
928752
65799
815484
209284
867789
406827
447743
489646
531203
795017
856277
996031
415816
875957
158917
446668
606558
647620
631334
373385
805538
560942
662082
393919
106370
97055
710167
452972
445260
556762
448887
203319
818401
206858
314319
231694
791560
558311
59908
591326
932830
713729
424313
83630
881579
360237
838509
409625
615761
487177
405826
107238
499294
912941
518936
824325
953984
603503
288472
927144
135000
643795
547405
140220
450215
450830
841644
969027
303013
712373
638324
106128
932784
788295
76720
626718
663842
654803
749082
372812
129595
208327
422746
150393
824381
178903
23532
132408
156759
787782
619935
97264
337721
259604
476921
670355
645062
168068
469048
932345
232680
729993
135731
843416
707389
726477
527711
893218
229358
199837
299118
967931
797281
596404
898002
329174
706244
650018
750560
293803
886410
481304
671631
169623
579891
557907
595679
897039
649731
904227
494870
983170
555604
428695
360165
218123
968199
526599
246634
262160
906326
173694
533903
794298
930117
174145
718095
756945
477815
783680
115865
969139
416413
37016
123981
4720
803273
665091
513507
536389
888097
535197
254123
580852
766062
451923
452591
860604
802900
65322
178292
2938
306012
19946
756127
188188
897261
444773
54069
304061
653146
738023
538043
784418
178069
548347
821948
305872
17664
637464
552169
896776
789796
422759
357466
717793
387451
64242
527667
424704
643623
477866
942242
985142
445830
561173
777796
916725
920861
39378
595559
822832
543601
219530
961130
713231
494772
437173
510721
641996
780701
6982
191573
882669
503632
763701
486600
382494
744701
326758
186774
139626
875589
261819
573015
256982
472278
153907
28897
825562
594135
928701
441098
993213
203711
32733
793418
139084
245760
283450
114047
79094
730209
140929
178251
626951
786602
194362
265880
808575
453624
165669
128764
109070
703984
526224
608503
358063
634384
913976
617497
411102
544097
793945
255681
636087
350409
975701
658304
954157
626301
220093
551771
613219
656211
124670
652399
49514
712245
301226
173999
251608
172786
755618
182025
386881
726574
611422
333736
82517
791610
499353
377426
862870
170046
592795
19185
712692
415699
855844
175726
854534
33581
406002
812601
146727
141813
556464
355429
142443
5557
288827
982833
519229
457837
894289
532386
218198
535619
756056
856459
460124
139542
512457
318319
932309
494003
735415
492989
13638
572704
884224
424825
188204
983638
97039
984316
429526
678349
316298
921490
567005
778991
488287
752705
545410
943790
142758
176105
606178
770801
102131
789063
671448
117225
427260
546899
853487
185027
521057
728394
795714
607734
739228
51654
450483
474107
409606
990152
961860
898461
697730
831256
558997
862310
186699
838467
234362
178809
924374
215875
495160
37950
459811
278653
213661
885111
70438
237796
508473
695474
602892
489467
526524
569495
492396
992695
397613
606945
453259
962498
280325
152617
128204
220764
211302
500830
199026
550108
734139
720529
454803
414613
893869
311469
148636
643476
934974
566404
209083
330309
324486
473028
713453
70517
511496
329736
105508
876145
742385
624267
901204
479374
787180
850743
154266
581442
933988
745628
244489
660656
176087
916604
114259
363329
484243
333378
180241
422893
515985
509971
725167
921882
219499
350077
549111
27995
177786
921037
953336
973593
467920
556989
831698
347023
995599
147273
531617
151663
775268
114018
65476
732130
745892
882364
134537
201133
235713
718082
713719
935599
492584
349354
733047
903878
828667
557922
751647
823378
822310
204265
303196
443921
821600
417403
392892
16362
801856
293220
612758
297605
50809
974710
932694
157975
638708
260822
728233
269435
21448
380784
525441
284092
954713
599691
996293
261359
844618
754806
114265
478589
369504
58466
787461
996799
378100
971850
451140
931074
42644
364364
872172
651050
833912
686876
343797
572594
960348
663438
500071
318289
141951
926352
947748
449144
852086
985338
607695
98808
605869
907710
401048
11585
174971
606074
996390
946501
168097
573676
382879
352956
791904
689157
598295
458496
557812
980246
42834
75480
479856
278759
882167
745041
14135
943591
854804
150664
197780
370813
583048
813509
315447
991741
390865
851778
838861
25974
416755
718025
490554
510888
464449
857275
811958
652755
853835
497900
191425
670890
331300
109868
328132
325350
818702
287009
604230
358072
986500
994768
624071
389718
169060
576634
893181
608695
502008
264547
516072
179865
490784
580014
372436
995839
856413
338084
162411
200761
21116
592275
461812
421787
699997
352211
547948
58127
441823
295524
640639
945095
417641
256435
803427
193354
548696
831163
621714
4976
706688
10312
850658
917673
151713
895383
483074
669623
185832
199898
257683
620988
713886
76439
68320
35309
138033
674416
557308
618982
480605
463997
21559
195544
816119
530133
58236
348253
842390
261036
360778
361516
411806
627158
243533
908840
865194
278634
408537
101331
206678
641090
238914
155744
659686
540510
74266
208741
344406
567848
496904
55279
275710
170066
453505
145648
813666
434267
999206
467859
859540
162673
522490
64816
178630
915313
391550
734427
114608
41930
282539
481879
607258
607295
23436
892136
465031
977483
159477
207238
682110
770910
523619
600877
912629
657286
415410
592338
812765
183593
352501
345968
858437
287726
614901
831743
55915
594236
61769
825222
523046
64218
261007
312712
895785
123958
570500
835738
481972
593089
213894
294164
936733
260279
406371
543270
927927
412668
255517
821570
258972
444386
717436
922423
827548
153608
644688
619230
523010
645212
653442
726061
837439
661696
385878
576488
367542
76874
824576
425784
361251
634214
595807
784532
784873
413015
649754
451355
330294
932826
581142
656836
898453
665131
545617
783277
906064
727137
473630
2191
628159
212084
126013
271571
582065
103327
325270
680638
666550
822816
489362
651975
353992
912285
894679
502985
197844
179488
370974
87443
514728
104195
912050
118749
951866
467943
599687
296982
874834
739486
517876
434456
867605
383721
936846
506365
992432
323931
953827
653963
526941
502876
283152
96458
783637
181705
776831
799479
457106
747321
671873
967313
524223
455515
561284
855760
855231
999163
84465
63029
106711
727075
80868
781693
998265
371102
639305
483951
716654
216920
293072
214229
494367
512929
188428
708231
651967
893136
819373
67618
137689
346948
378712
218968
753649
122502
132448
55137
982554
177162
290404
800400
750804
154708
349189
802752
369183
664248
359745
489965
764512
575546
390065
703263
827119
513299
84699
757440
29819
220053
557813
722575
670618
64550
178935
638509
903025
103016
538779
354005
673789
128249
876724
64809
859771
493590
538408
1127
506682
67418
320396
464250
223995
228260
908891
147757
959042
46487
990033
751034
647292
427452
292970
165313
422412
600386
642034
364820
569204
224421
926089
99823
473500
356267
183221
536581
103874
218059
349028
843061
251007
132393
535484
879963
741874
240828
758561
318403
625803
824913
555011
495609
7030
62888
856864
369916
902625
747068
637405
947601
890732
983201
117501
127283
642156
551237
214459
973800
107932
724504
827146
313070
212066
568136
226215
886932
673657
763493
466455
12838
487551
77668
681730
958081
442269
973311
974380
744644
775886
296889
185356
1511
347470
482304
92875
851941
780001
360619
521818
834197
825982
267106
280496
450583
678550
48540
88863
879337
644740
75715
6418
173401
447634
469173
558757
986133
665253
176932
100257
263262
230919
538269
188755
122843
776911
855206
375559
978378
370735
87039
470502
13265
957082
815755
17449
27763
944272
898441
863481
778590
715527
759610
372389
745057
16759
691303
75839
146618
613250
11835
499028
804685
55935
697611
499717
974065
349026
173239
35590
976037
306953
930408
273587
316512
464229
832697
494218
437382
989763
275826
526793
322294
408694
391087
672101
498944
758755
176479
850788
38196
432105
655976
54999
279254
554667
133800
965048
729005
404987
905047
469404
38778
302692
705544
861972
498886
134420
553102
513958
140117
228260
683259
400163
552054
438534
588612
933605
465276
945290
353408
538023
270983
273741
440271
37761
963323
299582
896343
839422
973331
672654
408362
926812
73742
516660
457028
103135
5639
274522
184368
735954
191074
410727
524553
463515
209250
687978
932510
915514
913624
128672
507439
232926
175159
518626
16724
15972
653186
464110
356285
111916
645542
796879
359444
879898
461348
866348
164031
372134
345766
350187
543937
622241
456563
693376
925248
969861
976830
502166
823649
630071
811737
21720
798031
805019
921863
590172
286939
177620
478254
220972
429693
618519
916907
410099
796601
844842
393664
3777
924125
955071
650537
375035
746663
406887
491852
478690
598339
814837
563662
164286
179953
902640
60674
779366
946245
98035
889404
514223
800136
896677
500868
203183
390268
296913
464742
452332
552317
790945
598374
178342
998147
706684
864593
112062
650820
404601
429295
190018
104630
625086
536789
171606
523250
644026
12247
587328
268660
287739
147418
103183
297087
157164
73479
416681
45598
998319
848155
384304
848517
67987
928539
179537
981205
220274
573093
156137
830
727530
527458
983187
445759
765174
708824
791890
518409
610152
246428
103448
708353
910405
480676
434289
207204
190909
498811
281039
698758
572421
662669
329842
764083
659155
50530
585011
416502
88245
526824
246958
263224
537615
443176
875338
215359
932527
593371
256487
321048
907278
376342
755170
597840
663526
14496
887111
906012
38122
251172
121812
408152
960295
960834
78694
349164
566773
383295
153923
757323
707673
770653
528515
126613
609019
935686
229019
566557
670910
931938
397319
377540
468225
818888
889684
771908
426226
667216
89671
893065
805322
180615
758253
581753
76776
739132
436864
579029
170766
103095
74675
582519
307314
986313
940891
342075
426114
424511
718906
639482
602744
936048
855144
484530
855893
240118
780192
190401
855676
335097
227556
115792
747950
794598
157134
771469
217182
272639
535477
536464
523697
530381
227128
996639
388820
438512
140330
64013
107897
979415
170138
870525
834671
437322
666301
13316
906972
998948
1210
231020
948506
518751
908818
860949
213868
391688
502059
318263
188060
163153
938103
433730
200306
967685
495429
767206
356690
619030
584356
564142
835251
967890
297519
343367
376312
785460
551546
681183
735661
683863
561880
943017
465631
969413
457286
210237
378839
854510
426999
844571
511349
973428
641212
248592
50918
436003
382736
712049
209602
945086
465277
995012
137348
461748
898095
825535
568743
268658
968915
487592
224729
131602
22764
134427
387486
391217
532722
579882
130308
778398
763430
433950
417983
287470
552951
748956
25696
443948
774666
307427
806006
802861
521322
559346
713601
588674
944588
42951
944399
118408
417725
811777
164022
636953
337962
354791
879853
196005
891980
857089
553863
259291
190062
690724
784076
226112
217884
262412
885
557283
619114
62561
158404
514471
630750
630812
49342
93823
550459
25539
292934
102137
55659
675216
458072
128177
131655
162352
610206
666982
862534
522343
888114
50025
690497
584976
856561
3121
471007
219906
963320
484876
944098
49551
498110
166448
185484
796966
83406
75312
933935
207192
60383
281994
468880
551031
562897
435421
798071
803099
574662
371127
989718
532094
49563
277773
717268
981319
666690
354820
50292
797156
360446
677612
668071
748752
172473
427084
313130
919028
185797
668120
606493
145834
888877
779711
755234
436380
926520
41121
905070
206987
857210
333278
945391
572844
789398
144329
680154
181932
356883
944828
942288
140884
808602
600325
486636
598600
312585
159870
525676
597482
154552
614459
305593
416092
620486
674908
407636
922722
76894
119617
68319
879653
932236
491677
963142
493843
256757
187556
820744
22564
973432
354910
751654
561976
901408
294685
617126
213724
13315
58507
405892
105452
137146
168093
955638
736530
408892
942180
863386
12716
844377
280770
514623
176716
317585
496953
247501
823769
808399
362143
633298
917394
107141
338350
352809
117235
343717
582392
685001
954672
120312
45303
949351
760606
891231
852418
824137
622321
680741
619740
820969
65824
715261
766311
148546
826405
254556
145398
197114
367904
126709
845056
835371
202139
418062
822960
532815
936040
283772
363096
337288
133223
12991
240198
976842
215780
584380
683311
935014
919645
302931
336968
484403
294305
221724
866548
824539
416531
771139
286488
798143
274830
682237
176650
466504
680738
655334
496743
785547
419261
938233
265219
194072
20262
190699
693179
6176
835298
449508
180327
546304
283769
664987
720684
215342
67794
528269
626286
89663
744251
870297
815650
635410
863493
922811
479297
340445
986636
881251
790360
326034
437781
415409
326076
814445
489232
109584
72860
325213
826492
364844
293615
786892
473450
320209
611276
825293
88409
119969
967320
746273
352192
970674
75865
720934
305323
356226
109801
239901
311165
772183
442247
674326
83156
798647
475848
647674
527561
986177
314667
524277
973270
453095
635529
4798
301587
156361
575787
857348
21593
523694
2038
172726
705351
406945
508033
423855
648483
359526
422023
399421
913816
287256
329720
296013
483293
395232
632618
933428
318263
818964
61677
197084
288405
925289
726075
307209
689624
27031
427086
762759
546550
294664
312652
627570
456244
444219
63006
119650
631760
332796
865182
377969
803393
635896
46254
590249
523094
376255
503142
70863
738555
794907
97765
617414
6235
140039
444937
99490
476319
945230
811065
681482
84436
3266
290719
344457
252714
639509
895091
555185
807896
128599
774131
539756
397277
711244
613935
221856
662818
549289
60096
2174
428668
77483
638809
518888
755725
743957
980981
561213
297546
901188
479792
764738
207766
807344
89458
414318
764813
717249
849926
351314
587358
825931
946248
473827
286160
436904
523837
833637
759525
842161
306813
548662
663195
783448
583499
981301
426767
27493
570117
441293
736829
948043
50934
356257
727586
319079
120009
138134
221634
439060
201113
803063
977094
779821
877603
185417
42301
997792
362525
233581
822723
115755
489568
728555
472511
988279
589504
871009
700486
525453
730620
888263
63261
624313
904081
813661
265627
344762
62377
166964
650861
340386
246640
686550
272436
400976
465608
415380
486089
402568
799186
798762
903904
720620
277229
994640
984970
854938
592891
740704
854548
185761
672350
566942
723789
578848
726851
835689
118693
951869
34772
432701
562865
526783
23249
43363
476683
472713
142009
509366
94231
60980
609826
452241
469344
637319
421160
584474
953760
340373
283714
512166
199774
815604
752496
261192
390194
983509
518032
618873
706148
23493
663185
545957
951987
820735
527742
808144
124785
903595
86844
800611
415307
111031
676559
340311
128807
622225
702614
626877
569958
959934
861335
971239
242697
128538
236021
442934
825839
860909
822270
814402
629756
492901
440161
501023
291414
517174
474493
962706
318345
664523
840020
26128
561547
826471
376798
17327
174553
773533
7546
8172
976576
129512
360383
111192
577527
519912
488177
581983
758057
323770
454479
183606
414737
614514
918410
135393
583615
907767
76240
180510
779191
259644
59269
838257
158904
225047
12947
461709
829082
168127
172568
896604
68817
212775
707390
222891
987726
959601
889961
36597
537604
89105
390409
504586
863176
464063
611854
92572
633297
479320
328379
703334
499807
603730
643028
186106
406073
724378
213745
436005
754126
467724
892917
510144
478973
884494
799000
931478
597104
194826
283743
782957
483619
256837
179630
275571
88643
475169
313268
55815
375921
848235
381956
420896
928677
727714
385220
537630
271663
613061
663550
841643
366489
432343
917908
222350
749417
944243
441680
398092
975811
939461
756313
45499
754027
748780
41026
702116
65063
74283
250173
772564
297922
820038
871085
699007
785197
210815
191193
775378
956929
922221
97596
352340
349728
566581
373817
133623
853753
348072
698539
951745
746793
889785
723163
380626
515903
306393
898955
833873
536664
515569
912047
578743
977897
348475
845435
828920
925851
957182
694743
416521
758289
275812
847216
395026
521733
124153
890600
693106
840656
592450
195757
984361
467272
857528
964647
628583
288451
821856
716363
501550
795002
265096
297549
648358
719498
456159
722546
159805
774547
346289
919939
702776
711747
10559
265501
671067
381805
728887
627110
753265
309523
577813
188954
177849
206915
631254
512451
318701
873372
456852
252231
116016
849778
486851
963867
579411
403399
571142
648982
983235
353274
466223
991200
851091
375484
790994
833737
410530
464572
804932
878134
577001
525157
497333
203638
608803
335613
405991
873458
491865
6894
480202
468803
522313
81186
725238
332574
999474
718407
472196
77546
133503
876914
465994
273714
206926
172319
559537
370294
68635
922455
721524
30876
859214
815210
950582
984644
54429
458908
522944
685689
812831
180956
958615
43011
846639
508079
107638
863001
278649
709740
421101
236979
111012
432032
408982
463998
525596
223185
948975
149225
402426
947680
263321
907037
217235
672072
17004
339785
176090
177475
293813
711643
328690
604299
166285
462282
849173
381054
227095
482128
811226
386330
616213
203253
699494
187112
147303
856071
319730
322230
997282
506854
891508
357436
651785
134203
113965
170208
939819
456009
67598
379797
37080
198300
870024
914462
716801
675485
720815
711473
610475
914695
502857
318262
218576
412404
877369
268527
344466
394257
138563
821169
390237
423473
604411
534928
22936
419197
831631
473497
31367
77064
550317
391608
813376
123584
130898
898874
61063
942720
65649
27309
317705
171715
630204
38500
666609
356724
353745
167959
937195
417953
913348
655271
940979
109389
376325
17214
972505
785316
812846
723413
378195
539209
833004
691215
274686
325835
907911
614019
256563
76727
647439
777495
642818
553671
651365
852999
243214
140728
463971
619333
778245
676665
463529
958459
630073
886207
432453
537068
492064
97078
634046
984504
447461
348305
434813
965246
761704
519746
436313
931931
873753
563014
870909
864977
462444
746712
257976
906052
186169
187781
428193
301534
685684
167839
356453
525713
849796
301387
806383
613500
488898
294134
764466
668839
493071
484132
22102
762985
64082
580840
565053
452073
369997
457136
576112
762881
104347
433528
279979
784830
214472
871903
198401
814404
156812
81431
927853
577167
307046
956277
753143
530900
180498
749160
408447
952325
346790
762438
926634
843956
265295
879938
832678
971343
567906
127994
985819
922889
994209
997229
962863
248346
114317
332938
668470
29596
103010
83619
786677
820438
548724
18368
473617
546710
621860
367632
911257
539191
427327
22331
642989
320323
962995
853459
512969
672305
954094
425448
64114
570511
208021
288954
712059
44667
577501
602441
858228
263755
151114
903497
382576
814669
47618
963378
186482
455016
107405
327923
372148
163617
716140
207878
7379
427130
926802
427487
496026
934964
376643
563134
929897
923382
900808
488484
431809
852550
262988
494690
460527
146675
900311
480908
90451
600085
139684
583309
158669
698796
607584
14228
566211
276006
500290
405868
257552
21949
615233
488362
106380
899452
752311
491007
230644
312801
575568
381421
429302
344030
627246
841111
493148
155194
392733
580784
874002
112917
907374
577174
50645
452552
727282
655223
491706
15466
434837
745073
421273
228720
326292
43512
920084
70508
819612
466736
636487
113846
163137
409243
109518
855080
232471
875372
699245
482306
23217
484986
400928
513006
848948
571216
252928
900767
84438
155553
742543
883283
19448
251673
971424
392759
978270
814350
838950
770985
999751
535061
131031
676824
622125
554162
973692
79111
634267
60007
52632
702833
531942
568877
253490
584199
526537
656385
890241
257813
726817
83989
55284
604482
231041
17127
907803
630902
73267
264687
712821
88086
525452
369522
553303
518250
735339
62260
506613
15712
100046
30986
626064
970538
50704
471757
754236
210946
614659
191787
496781
532749
1702
854423
583197
337565
766851
903969
942013
627409
421736
414048
768054
603223
939263
956747
452794
545874
393548
870631
465644
393174
776067
434779
917193
652048
715716
668383
141809
829571
313012
452435
261014
650029
529145
579884
344832
6920
861777
982281
305274
188524
467984
537443
584029
229074
827060
479587
548470
26867
108454
487246
313303
797198
528592
981467
86583
753865
784981
699750
427334
988463
676082
830397
425234
216984
464623
152086
14095
950694
552641
53155
593926
846571
278591
813566
777757
764840
724799
853503
148031
106417
111117
58477
862247
822444
390279
357649
751502
688056
387608
674150
764399
13738
790671
331180
901811
196274
930651
543068
884863
175004
327397
419189
590678
804466
262602
277685
850987
558720
456692
232867
138439
487728
581460
307593
351251
897555
844221
806336
560963
896448
744992
9251
336095
456791
968352
721637
298927
643359
868625
70719
431811
21709
992338
709249
352476
60582
587332
141194
712698
470331
613926
105107
387651
760531
848783
791717
217229
165735
713223
82987
359240
715399
23938
928098
272011
7066
171385
587564
359225
447042
863398
697092
340112
442526
924253
433933
659662
677801
678786
513987
782336
260480
432107
198162
233960
923712
501331
931653
494474
522446
304951
111255
163347
680816
628944
745190
565927
957784
453550
781189
775238
585985
35246
192496
33241
6834
220440
660699
699039
232928
966743
9827
899247
509809
711125
132390
419241
909274
303347
909230
164669
257705
358562
982152
245335
41055
708193
775667
219686
202293
797971
941876
385032
420991
257404
201542
87892
679342
553816
837935
657283
671920
812568
689134
231099
768562
362682
983889
109818
914885
406723
755747
879387
208350
436508
718337
446792
193720
582
165390
609789
881492
224572
923068
162868
405152
604516
822155
245107
364150
507633
771407
64622
534779
99928
884777
504857
784296
353068
723096
295823
156005
148120
955112
888088
194769
346745
832776
179930
912095
27286
344121
178271
365658
523452
677987
753599
993288
61242
119234
308522
55149
582582
298685
532500
168039
975531
947031
236733
189622
691840
401278
343580
590110
944453
623617
51176
385829
42828
521695
628162
331959
493538
687034
26178
985450
94377
215083
769372
838427
363667
987759
475310
432695
716221
566910
176106
503126
318182
773436
317403
293697
77386
728649
926485
864276
741151
171699
444094
882879
358187
429899
84210
407910
518592
675413
504280
195433
444886
816024
499263
703934
297091
983254
332211
386745
442073
975830
528994
593389
841500
806877
530790
791597
261342
498491
76207
751212
722297
705857
981070
362754
832745
403216
651232
64655
788483
454988
725
388666
958038
970608
962972
760787
930397
697916
604397
149783
110109
789577
142578
717009
408609
334908
428115
864861
847888
919257
128733
37576
508136
232687
375182
874451
890073
649777
336191
752406
758976
893477
78766
980290
24446
25141
410151
404287
437621
907875
987663
258100
165151
930074
579597
467492
496842
675551
782677
683573
713780
596454
758035
122765
32703
250241
372784
694805
139600
215476
186115
279007
10250
330083
295063
50980
156515
96812
745557
717542
823391
266130
511438
606516
584753
824718
641511
664780
874411
311498
170978
397722
216093
553320
937285
200799
490578
527036
906025
788781
382179
672027
816608
497103
4598
497163
466180
899653
983319
54361
72792
741804
653809
381066
690782
494972
825960
50153
538933
802988
361686
714559
330795
431984
347745
999393
536743
152674
963766
268387
3372
910527
322468
602859
401483
784392
544919
297376
517544
221448
580527
928256
523622
942646
371068
342545
405426
506928
317080
964911
746921
547687
484322
831108
547495
400602
320978
490710
300141
505467
84990
633915
232686
858093
566440
367015
570998
477039
636225
752998
846008
842130
779071
870821
75058
581094
933654
215338
986047
608563
719957
687204
286969
861027
14752
126940
784584
129469
811206
321547
843276
618252
381118
446150
255139
656350
743939
177237
254871
350888
597001
196257
748519
496007
259802
382347
37552
149793
105682
914713
543928
981674
573747
28875
759255
52483
889190
711372
973315
978172
210575
405892
743670
869370
685707
832074
428030
89780
850953
874295
81057
317463
991810
311702
880746
578506
725014
832439
276244
295883
588165
16674
475154
44664
127430
258153
219833
744874
790983
282391
432075
687484
214850
423172
37985
619561
715321
88458
649268
614419
847758
564562
6728
520608
781057
288775
683701
40383
725126
534765
808979
259849
832130
113866
306305
821698
200994
400322
873490
347774
847832
438465
477525
43168
198003
290193
777792
790910
198618
898379
87225
586977
927718
535594
603136
164264
520921
310075
971131
256587
143998
182448
849951
866493
628253
909908
100217
336427
751707
269082
611543
446178
962668
295054
616469
97933
469175
995436
123911
443675
718277
353295
734016
905791
9252
838722
670781
838993
969758
764275
935857
487698
339409
967686
779182
966477
829291
990213
719597
517400
789188
3124
783546
82106
520024
664002
92991
111590
473951
824988
302890
746918
7563
777244
876862
419923
414814
345888
795892
899776
973605
245685
833227
348727
360404
833073
263283
462683
496191
265823
748818
62637
675443
562325
879344
696746
13487
341410
369158
147472
721410
787300
298270
816193
574210
872950
327462
815489
256678
859014
917079
989722
110977
147652
952701
321439
950620
603382
563682
754445
144302
610088
691803
750476
224634
467521
510446
671189
81349
540145
411934
321647
557363
625799
305877
846930
713534
153695
536750
753772
173265
177273
251548
615041
231239
304228
979130
888493
14011
667288
512495
799301
249739
684708
344445
807708
606062
114364
170919
240289
45103
979892
560829
773798
499846
834122
858501
958267
848849
762525
114824
421177
445236
896764
747830
735131
752266
480410
60406
63942
931974
925085
414222
658025
535723
442261
861356
691263
661348
847114
813967
488753
725313
441966
169045
807257
715150
906353
427169
391074
810194
930035
105448
912715
723745
390101
381721
567434
237214
41448
133991
160013
310161
64327
393076
944603
2721
399873
677019
894489
992110
57454
338842
7785
891149
759651
276315
587181
278113
40832
979229
194409
858578
499366
182083
510983
654829
747334
527801
276596
246936
954389
123327
884839
93040
872539
51668
21121
607745
844075
539519
199695
912801
625005
278972
444653
954601
11671
22530
138694
736465
13562
45741
266166
197607
991673
147533
798672
887020
315028
174154
460155
118667
935970
876786
192823
624503
459613
26273
417726
818272
617495
784204
504325
657681
735691
367722
549281
200233
765646
707519
484935
943091
636005
360134
718636
812389
189744
838778
568459
654962
131267
49153
485829
954956
932757
394742
47714
494457
451857
984273
62901
815313
156874
334389
446238
100114
139916
919830
982953
906783
622797
493510
921556
577884
251651
457114
278126
632286
941967
819069
180891
295315
638678
853073
108980
342638
263985
315517
258443
945932
677498
354647
255180
473000
629255
7407
249791
78839
403059
57782
951081
357154
34647
302794
398419
101022
947800
777439
362338
537321
190106
442507
334117
626082
548115
754606
7086
125445
711098
787579
325783
551811
856541
115112
863398
20026
868562
867822
821963
269270
334149
623037
303750
387395
748017
358080
332069
297742
675306
765640
322603
917335
93526
287639
405517
905397
660220
926796
979925
612326
975668
18854
492585
804913
618558
861366
882855
59355
861295
49509
3879
727170
570375
644767
591138
758680
776733
885339
198384
287232
665275
506313
265773
329534
82886
930839
564917
719134
870358
27743
713935
2917
894692
663216
92262
657579
721057
253111
154610
720733
581667
559497
235894
362894
405178
878992
103074
937461
99745
459345
654104
57607
237392
869718
491916
708786
526639
539644
361604
735411
418853
557211
565119
732372
828045
949517
198962
425542
432266
356637
924333
557014
277745
936206
214557
702479
59621
323461
798058
476589
500417
60756
602048
530425
388845
614179
740587
356166
72275
871293
435740
616838
488108
739765
69641
386185
901428
713203
59632
543188
179900
945950
596987
769498
303262
151079
930431
30234
360842
515504
700062
92052
321535
775896
523597
249385
291222
514149
373040
898510
306040
91212
965218
603436
110448
316511
276752
279640
421467
588691
827781
362986
429756
20589
814720
595324
687852
684745
475777
269121
896494
93063
799267
857023
623137
109971
951074
820586
568015
59534
813950
379039
250914
865886
458937
867769
710261
216207
907514
411028
15496
38948
144532
93724
215822
863743
763296
925776
802017
781160
455110
857113
412757
236797
871515
705985
288746
8374
625636
238610
963739
49876
510841
96972
215763
988262
965381
89794
604031
331192
466666
693969
656063
160280
857857
979134
965622
833414
801727
282859
374976
72503
165619
230518
753731
957126
670891
409006
789150
73208
278711
382387
310015
308842
283845
832937
253841
695769
143979
156760
585618
41870
435012
465380
697538
807972
818033
868
493431
242935
222337
830560
25486
734891
125739
434092
691580
549782
237240
503259
90818
389771
229758
815138
915967
777220
480582
437835
299487
357355
71887
115538
18481
362373
62124
788896
993687
980796
98696
789153
223318
360071
432138
842500
629197
80248
177363
240015
585475
608866
27748
596572
672793
966500
378653
401267
641118
726230
521376
807493
685249
565712
142484
897155
529505
351122
272262
197465
380161
10003
875881
770379
63703
44521
264638
269674
231683
678993
419855
393650
29405
593948
999957
628227
139175
497463
210617
96506
523426
414741
445815
155372
337212
565819
19423
613887
497190
142567
490742
486116
721604
974494
830777
228020
191614
536721
712961
568358
216244
853483
815810
917227
779726
405626
715053
50855
70897
123831
614006
136779
508045
801395
267887
350931
546963
990560
264147
210329
952132
792890
779744
107413
519909
985872
14235
731314
808591
303283
695287
373389
213602
284026
112272
89356
835098
227694
392594
936857
309561
419801
259703
302202
796644
667942
168941
712655
643786
30773
502613
752423
591999
648766
378216
584382
374503
248735
882164
640791
806285
648195
856068
719026
586515
436593
884638
384363
83588
665198
305638
38639
29637
57360
211616
259675
264747
895585
179091
259187
988774
781548
265480
874235
692442
79143
838642
460726
618254
827324
276327
236280
469117
798902
883212
203306
139914
135813
412368
505690
134865
698158
741775
257020
340825
179153
647830
333442
401509
54424
729158
637139
738345
186490
432913
542570
197914
279145
796834
333902
256350
801886
477913
921770
152035
307198
246580
765384
569484
443305
193737
157102
432133
996576
402671
514389
97015
221264
361917
805186
997399
211327
978474
121476
446041
158226
189332
462985
741123
822520
338588
