100
10000
278879
716492
250178
596828
890837
678435
628819
299278
237002
538826
17823
796331
288998
841171
994681
756995
402515
668265
675983
201254
551636
825694
325711
393216
631487
48033
108918
321820
4440
405707
585143
368201
370060
576088
298244
46682
307015
999858
36475
850182
216690
317161
998128
14448
461964
555392
597459
142146
342564
283809
229438
504946
157744
345520
747358
937063
226317
840700
812603
832948
991636
305170
576805
338434
905621
986668
910653
785037
906291
324039
869661
109701
901532
754642
397221
227988
53731
29122
534179
18111
199035
256834
126302
639590
274514
502792
431999
761381
225543
171267
370717
467613
603594
549936
16868
32717
823631
290828
625184
968281
440367
619044
854764
163309
410331
504136
703089
675451
718397
991198
636893
605088
854701
424082
299106
4069
568332
305323
957672
490400
20865
263993
426449
114427
747214
247531
401958
197324
115918
50813
930531
952356
99341
512078
682587
194084
401924
474063
726537
937224
90991
641943
868085
225351
654221
827476
646336
968723
691571
239965
382156
135227
674958
770659
932426
776176
426355
171013
4065
795685
507556
850498
92600
407247
130402
457480
120288
186380
326378
530348
73313
128736
894605
132723
77792
510938
349679
297549
470953
737941
422492
427297
511455
589082
625474
504387
32829
339811
589647
992003
261832
516219
460200
481247
768083
781377
741634
26136
711790
131722
210017
632162
293356
551910
58987
857076
42832
934523
567912
226240
740628
622862
91993
284989
725781
462945
826481
281951
624350
388214
762548
163496
226767
310769
666219
351576
441449
596059
32769
698368
939321
511427
395966
496117
383583
553663
625117
844319
562683
987088
279819
467121
297011
472931
842815
500147
974050
68852
847153
878010
559840
148430
303608
710650
904298
65197
735875
247986
845422
638916
407283
98373
195446
150617
112852
177897
484142
809998
563127
30136
222995
227836
595245
555812
82939
968504
110178
993992
162363
612791
407891
702297
14456
226958
608493
900283
198797
594897
375300
352304
41366
987357
396972
928363
863383
734514
704696
764099
509965
137272
23373
596931
764814
46306
337825
410654
416799
876080
229206
646463
841810
51598
742893
457919
527194
997850
487272
720240
335213
994499
921025
257366
64916
414669
484224
729782
207826
892337
303421
432454
877679
507040
17202
609411
637792
198632
363644
386274
55892
426224
2158
143966
224861
741213
530962
38960
139513
65303
842301
623005
786557
377894
620046
977577
198813
77110
336771
893289
210522
910777
777015
720374
684168
875499
334652
850749
577339
572337
979985
3636
470478
490587
425152
521639
984719
167177
136407
474608
340170
960809
133824
308101
128944
70558
979007
55916
778276
165372
105544
979465
543395
884272
858683
965656
627661
798269
88061
372213
431188
307041
787764
705944
357760
365270
21854
697951
448668
531892
901839
563524
9025
12915
564421
605230
115068
126798
728105
862051
238047
386116
487845
255578
708449
625657
780572
602670
184242
343417
459915
210671
42592
594652
107706
69011
301151
516804
624094
965450
476280
842371
169294
38383
650705
451546
534816
363482
962645
233884
952224
692562
561151
695282
984428
575776
282504
464567
506735
179774
494187
822531
913080
950383
801170
253701
862902
873960
349343
803658
472018
310316
862424
403802
425
969717
143599
456001
14757
670222
926701
71915
771383
676734
34747
574057
438259
59102
106701
806224
470663
552332
314411
754624
866905
870904
283101
81282
881597
699803
28083
111307
179408
622664
261614
813597
592307
150875
393167
182797
472679
330766
119545
478815
90306
66218
407685
942157
87308
431066
384611
577959
395705
444122
419111
229844
639490
906575
108023
11830
238114
411057
369872
109996
371370
382819
800688
910321
712449
820388
337060
704481
687740
259485
130926
587420
707990
232154
355154
162819
127948
744790
692413
952480
136408
118958
968403
440610
404871
192120
270804
955397
177529
1709
990826
844304
416117
721985
663761
608632
574694
234644
887267
281122
865910
164416
830463
734982
169350
78866
828693
750511
661575
929238
479441
958878
635448
969740
684898
128911
965436
34295
820838
959123
333207
112211
407476
961756
214661
344422
234693
721815
152567
577967
871231
706292
991275
626939
453920
893825
74982
165015
164227
425076
119121
422688
29842
788615
836078
152310
736649
717374
473845
855183
401763
80900
109839
641192
146019
740531
84590
438485
891712
801139
286343
886522
681070
887609
350573
24018
486213
939825
780171
757676
722640
130231
199614
313142
816501
636414
259213
136754
428028
323795
486534
594245
269501
167996
490166
644654
542442
788922
283524
383764
777782
315630
489194
211512
601633
534488
70929
649289
246498
729466
872136
495766
157552
333083
188514
47646
767020
654375
536041
950659
211438
41204
515778
82013
556266
635295
810975
846251
753343
576597
463130
479781
255836
332334
350837
698093
297615
80435
601899
454691
753644
694592
69234
633559
248342
222597
757392
164890
634541
375590
572567
659949
474260
970562
396991
421595
463837
795665
28190
918691
973972
23143
377286
19853
757989
635093
672955
485341
430442
712558
308815
827429
359189
278439
963804
893557
844022
672728
790558
498606
117098
898143
186026
25333
32161
166180
507407
727363
931722
222646
598408
310808
448733
81940
586202
222991
901380
409225
267536
685453
950567
151982
75857
438419
562579
660435
670619
154164
437766
235321
562206
986016
532761
440502
340535
108894
44810
170235
577991
936856
522021
116210
587888
394832
172559
734145
734828
125425
30703
619436
421577
889664
584954
992407
307845
773233
724697
583912
769922
524694
335928
832267
973222
979762
890477
624591
985425
925484
670659
590830
676860
77983
328227
86378
77867
773774
253918
10706
990734
460981
380185
600804
90106
400570
450902
338636
687038
669123
414619
341771
705125
222497
843265
313907
654856
550441
346
744718
845645
913444
915200
785503
171456
929564
198839
619776
830028
229143
132222
588010
990869
690400
760375
506515
173813
572928
832368
3250
681490
985484
491149
283294
893337
641176
689812
43732
615705
390729
332437
731479
298494
195400
898164
908402
189288
267987
305044
447705
568423
796077
391458
117230
849686
797494
478843
92575
590417
168277
664379
905132
324756
894865
628259
256902
454065
417151
408550
87699
271917
644694
45840
970702
882296
43934
830548
259148
828488
376391
186736
917273
652369
256790
879167
356225
421411
587066
40411
686315
881567
563325
598188
706015
296215
627542
830034
214311
519937
105563
954731
11604
20696
920467
249921
980888
211536
104618
345171
478992
252468
852541
109886
943909
398493
565205
3400
486088
362065
782386
663049
877402
678901
292284
290871
518062
690992
32862
454924
44966
132894
854511
792342
799418
680686
162693
468507
396631
589337
823918
955302
819747
926847
999353
287795
934239
662944
42735
818674
99430
609139
140768
285883
778194
672935
992023
341071
816766
254003
528751
778567
408357
853212
721343
705884
379689
442947
191984
205458
261488
542760
732592
63041
70697
929791
448703
609921
741292
654509
348647
224497
151296
628319
885065
614884
300918
342983
681169
416490
588402
107381
704459
516854
345674
855886
987279
562929
723846
303275
653208
778586
208583
88144
384883
481303
427461
822855
694931
38365
622769
7896
508993
567353
320185
496104
87856
242425
160810
902508
23791
445753
2927
491080
638519
920269
438391
772552
565028
383752
101621
423353
630785
385767
368897
788453
506044
472862
855324
471338
534584
577340
231632
120630
203777
191741
331702
880289
436955
386284
608657
325607
796211
132851
452248
611329
575607
214017
131729
537118
372033
263638
941081
875139
640110
726830
200000
155132
89997
852039
721553
647165
997619
557457
511663
684699
694444
590898
953946
725536
437260
120755
340241
105294
854755
405130
48530
920499
416718
838340
219517
460581
509290
118607
682262
543003
318692
988449
75177
358312
960044
636169
176904
32213
832008
747728
370608
383705
9605
859403
210250
311
928520
776256
135181
740085
437442
314675
971520
472116
150018
354764
879453
727793
660516
349222
497042
245591
428007
352118
243937
118014
894173
694294
322471
265796
250875
429549
513017
111814
254736
261821
329066
952700
170259
765641
189033
272494
352149
840545
341319
772695
964181
152523
33303
835989
845938
746064
257326
48137
653179
381472
101962
681681
631650
945634
289231
647327
429264
847453
632428
514806
49298
717692
911197
74753
595440
644417
593033
104912
15070
13577
391115
126959
400524
369975
126670
226341
559960
444096
500305
310854
164323
899987
767050
688373
993281
653411
939430
981242
681674
425618
279599
183740
349453
722683
866887
510299
811173
597660
121553
481836
826595
72863
714415
578002
122218
165251
651941
955381
67226
889772
609308
378722
910309
264387
29891
799167
981053
137611
513360
142505
356526
41026
606437
301548
234696
349615
602957
654942
522868
579086
101797
118680
560999
461142
746839
340818
271349
685540
868802
108506
664317
85957
991734
105457
321347
612069
29083
181506
344283
164879
447025
137216
960448
996959
785969
131547
498308
652940
267219
363038
934370
7628
591209
13288
446383
302819
289704
183620
410351
673036
555335
671592
165252
784194
988928
953479
162241
536939
431796
694355
92445
724642
618859
981907
966787
569503
693561
318620
914311
989573
86332
536175
973426
501705
153473
502127
774782
688186
464390
949693
567645
612912
923994
693746
672755
307605
750433
895352
180005
288331
756916
574469
121673
515065
250981
594293
952061
738038
911328
770691
661075
972112
982956
96612
960426
654648
942225
786625
235224
956622
479572
994319
351299
838085
764382
293708
253199
550067
389243
472983
614705
718456
73021
627245
820643
298888
723137
404604
769456
488726
961097
901925
937775
272990
319049
760467
716940
494991
899709
998515
260609
335060
476407
278607
715941
110590
554679
219018
380955
991568
3314
109242
439275
916454
682229
16797
44845
420034
590243
76474
82977
269300
311514
587030
802908
864806
114676
130447
437661
922497
197737
55448
711998
608128
88466
763921
215942
774223
447048
987202
90203
824415
625259
60980
299028
74633
819135
175084
233773
222812
996272
432069
553108
114949
580982
862824
140256
471322
164051
170091
165665
698243
375354
473860
315090
496389
145034
594024
944555
834732
574519
645125
157779
710101
423818
140824
409075
975893
499134
597675
961894
246345
226316
421359
285004
343740
678273
824562
846910
643950
725194
415804
514716
90311
169746
168332
146689
98968
605506
61482
508376
160329
395367
692137
379016
679717
349874
662139
53323
262399
479960
340336
534428
609023
236762
844685
444559
406796
459103
785861
181434
630680
623164
184855
896785
459075
560214
659139
422416
240492
571743
296362
687761
93403
744508
39617
809213
468804
583303
538289
492319
260025
627312
533071
500564
331696
872702
152179
620639
438827
902132
764215
366809
33994
410574
423054
545669
563497
505386
619134
556418
202551
531524
804603
1753
51733
889690
748770
647158
642918
875310
539663
538100
231225
589930
398747
727825
301840
867229
931061
871553
767181
833636
517532
255390
999608
425316
32054
562172
839727
344435
992336
300315
777707
778070
146931
89781
253482
39973
608607
666040
190334
724299
999335
54222
20146
846058
870952
942935
594708
207835
986151
550392
735716
589842
553414
346765
874071
389216
516195
788090
204488
506003
419150
539679
936956
962552
565540
997866
333584
466561
106636
737350
807362
414529
898510
541040
158872
477587
200075
833835
631664
251995
140957
781898
585318
776996
656779
253162
360475
452969
847337
636354
92392
783023
651530
169747
205279
789967
685923
183481
953082
919314
370558
287716
683491
437365
916951
195232
464031
897355
773079
520079
982936
628098
148330
685497
936645
485437
324799
132218
110328
298337
812764
749978
854532
947948
405595
628666
585224
44223
715525
555753
110557
8444
724681
946838
495512
226250
575768
603616
29116
238709
757985
198857
105663
950963
707236
831626
878583
19650
818293
600000
780833
588524
613775
133508
456398
384812
73363
993624
352107
44011
652124
587132
668523
816483
897215
742817
934163
757925
599908
813109
158113
829045
994747
610333
308122
355411
654494
895169
855151
696789
120449
898816
175499
57583
267480
178693
955324
159829
970054
348977
684667
460599
54461
591224
614618
704363
391350
776008
308937
565481
20174
100387
792964
613039
808956
645901
485725
262661
426155
476769
994593
612123
381176
257855
170282
431630
488202
580896
342657
592457
342408
553738
396269
213576
757179
973982
701276
602488
827330
54735
332589
3195
978604
634029
333272
339719
490166
292127
83195
997486
366816
284784
138817
891192
366894
410496
821169
956396
692216
600667
747217
101486
43374
830118
821684
81346
729772
749173
205735
528622
546422
293178
918388
21310
658896
221913
851729
150177
209405
332055
90153
219953
86546
837936
543940
556048
977717
337159
773653
821998
63863
895928
839968
296870
869708
365897
869830
905928
814435
445440
552174
819698
734950
838414
673426
610839
632784
598249
447075
896417
52261
735031
484890
11699
502227
561318
117660
780103
573859
681176
755529
161335
228636
568508
665378
666711
565940
123384
330196
643327
575219
793986
537829
845158
261159
174094
888314
307369
135230
214114
280195
409900
138307
771205
744259
456663
540984
501205
393151
273410
500236
259384
502403
363947
438585
748587
706699
91748
40316
596790
83605
230218
189618
840576
584769
466927
966732
389758
673889
332185
788271
567623
296803
854052
725291
527108
448920
876354
462613
269699
105184
56547
452994
991018
635700
610671
11875
975240
345232
987696
214392
488775
377339
688653
771570
805438
915764
628081
769258
292195
241467
341451
900855
586654
665977
804462
850607
466040
823884
396056
295038
706290
790195
397647
397084
176050
620563
691047
637486
147608
586212
562529
150011
171888
324731
203694
802313
367488
239476
491921
735699
547840
682939
747298
53802
969449
388920
733166
153766
873190
956181
812732
52294
834663
668460
621675
456555
838997
29074
845302
450414
108640
662331
544986
679129
585523
436424
20814
992649
212809
555956
389617
835998
983577
959830
712386
293468
192237
623571
606152
72609
509073
882404
310226
902019
372902
99264
533785
839557
873110
916070
699777
4726
962977
805769
250046
376423
950486
539607
545172
285767
556510
857000
703798
249437
656947
424896
683664
643232
827566
663105
146593
285942
565949
837040
828991
148168
637043
121953
780350
637950
217337
631106
30700
598876
543778
94082
697395
132856
919069
81756
417250
258775
798019
332356
77061
900196
411792
421868
566896
805452
144111
728371
47771
980856
185390
501483
897575
745000
30737
700805
307711
792425
931778
63131
137753
368051
901094
333786
648604
908513
91786
855051
953884
148429
215164
634300
621824
996615
105206
64911
538501
435954
17206
218014
851739
464572
507753
799370
602285
593592
313797
539423
725886
383194
207798
452133
78703
212430
619056
468742
50141
668149
806115
687063
212839
308285
922509
197124
840653
250587
156393
579869
334644
386984
88133
419703
941190
953814
701041
659904
502262
755149
71315
49891
319073
504422
858392
568084
513808
172354
670981
706104
525914
561416
455403
937652
612070
290043
155897
353361
129678
649716
512107
145353
406560
875520
168737
744433
902718
355864
939914
458306
715429
610361
445311
989573
444746
562336
128748
391451
476704
926820
521513
519910
726583
122287
79783
27544
368766
807258
370309
217494
541545
942309
705090
73608
840557
70992
476557
676672
748584
161752
494905
326148
400799
353809
968844
670906
514143
706140
85174
389935
9796
902406
733983
372227
146648
843965
291033
773109
558483
388656
827445
882759
516992
126082
558001
327693
693313
288234
147983
476504
960809
298410
157313
687865
411655
467113
277120
806132
8514
519087
840571
35139
53152
923773
955628
442755
961825
740295
763783
203775
797832
397455
284045
254616
908665
649695
300477
829390
771709
403619
516521
564909
328355
158368
356070
85398
377794
978069
822941
55849
396889
940461
260158
595340
550743
441885
793557
396123
236086
249952
315381
800108
645377
674893
333456
746365
973559
683409
397096
685181
500936
556303
152736
981171
639356
6673
61228
327119
24051
182185
599975
114379
220423
447720
85508
37374
195725
950970
584924
772093
148987
192541
101157
18286
142435
647868
717123
193194
755805
939052
788472
301070
531460
909122
185656
752351
682774
212494
379416
957591
238015
797369
223204
466256
561903
502262
506127
302732
523879
303336
155973
929823
76308
2064
110941
915130
588434
511729
838378
464852
307281
788035
810545
186550
368853
243663
308
236772
621463
145389
517677
339043
472137
901144
115286
777643
616439
673579
149349
692779
227849
278331
860822
33268
723685
45008
453920
575875
874417
877184
860617
943918
814902
281514
141461
810921
546272
745804
504154
314165
609250
608834
824815
798951
542198
882780
566467
958865
196354
994330
517769
530063
623318
147270
609105
172399
178962
183086
108274
413566
632869
975997
295204
702699
663856
919542
263146
148763
48712
912844
449516
197000
779418
291232
750179
742166
465833
276055
736877
247412
369972
706391
844992
543211
917747
878047
238779
427463
886719
518720
524568
983774
847569
847164
820926
382209
793058
551290
48563
146943
247218
847330
743151
957649
608037
786907
912651
378213
926343
828958
761304
994762
936496
8887
980685
913460
729155
335704
943192
683501
606928
221658
112149
638233
894234
663633
593180
965988
84658
246282
347317
44298
986754
25316
779111
709442
1510
216328
988973
478536
711156
232006
116490
669893
583836
811661
497716
691934
727595
671751
814379
322518
779434
185487
546605
177441
557539
843280
686594
125190
947651
943867
213298
31087
700379
967652
405911
85328
791680
834554
843085
519986
193811
534433
221701
755931
496987
941678
508473
264092
624782
193086
604154
600503
937967
732595
509285
760426
766353
13004
609140
7580
451897
106400
97968
728419
258849
32887
269828
239600
536921
206213
442093
152600
405064
55492
171022
576063
420433
387565
670561
184931
868177
968722
183175
581954
431876
534555
280576
878890
534279
626267
433333
146843
819768
85262
685682
40154
813817
466033
276146
761685
599956
917758
882451
406446
180217
114435
280681
947174
367330
480734
803566
94055
36055
785303
505239
112109
779149
260826
183490
653906
553002
433743
998923
201334
239268
457880
211005
406536
860103
568934
106405
531251
629781
987064
849923
640999
699335
804658
866202
730050
135538
147350
342375
66907
937029
938529
884014
830315
229039
828420
913711
647961
376477
221886
765368
878561
132897
175698
450772
299488
709806
642858
173729
34430
320320
515976
157055
462520
718168
488421
56612
854472
150309
64168
270733
915060
574078
438788
840399
384625
54092
412590
818060
417777
3205
273786
88640
270864
747987
134097
583675
185046
381715
216209
634153
137706
56825
301825
681741
605972
871824
786671
583757
495597
950303
336169
440422
988070
682215
340116
582463
40369
84490
993068
863196
131535
271366
163352
827689
631543
268190
487849
888118
178400
739033
266479
581314
192107
224547
593784
899632
497520
309394
452966
543255
921444
516612
692524
468789
473444
130660
744997
735875
973600
742859
792144
683555
24999
815555
239084
858869
372874
631974
35692
725834
780528
558757
439896
937392
307638
85028
710080
850348
265216
630275
677084
581510
491681
859576
655301
792958
67363
898648
703562
641500
572979
99380
699248
352229
823916
352736
506570
789226
308350
872271
186928
265658
692987
496538
650847
789047
278142
249247
61677
115782
750392
667782
625575
152480
131288
834143
644745
498630
307030
497511
886745
289041
393821
845610
940192
132967
5331
915330
135174
126794
84102
810301
127945
656586
263348
721565
711706
354203
258167
685688
258836
297601
196171
509056
157273
553319
700797
762077
188107
821904
659315
933686
284644
79460
506130
125071
961843
471468
57871
511629
363444
747865
599830
623380
21706
391935
976080
192209
440539
295711
606613
841620
238600
506849
289518
780500
161287
676960
194245
766359
999648
713120
271019
19881
868160
929115
174662
478793
979709
65912
999189
667940
28711
755869
775522
832313
858119
24667
606787
19931
86647
345736
351564
782933
573278
352747
429460
849383
939142
478159
866402
977839
615131
786298
540853
841635
570178
431608
351213
582203
93779
562320
88601
947115
109877
88152
569310
64654
951829
753700
454592
375838
430210
113498
534480
996256
87272
361825
348851
192861
471016
574712
736778
774218
61008
265187
320323
506633
582844
230527
368124
64264
296200
845495
600655
865160
730864
63439
759358
466488
476423
197854
623420
165375
101649
269145
44758
693273
334781
543433
929596
585049
46274
307422
375728
152908
881876
765854
936330
631166
974403
482614
705637
699734
916401
20209
277546
202460
693614
193542
976887
144795
646066
73483
995883
49442
124150
427336
268240
260964
836783
287463
953190
196799
261735
124551
779912
907290
784378
141295
293629
43943
752939
564511
280606
585544
990753
922563
71391
745805
151617
386689
470523
356444
613417
190577
223360
913514
643205
439660
873268
664997
597138
343037
430243
833652
64109
621237
366342
551318
188439
613531
380754
161639
537096
804543
776346
723009
520620
386991
401825
523135
616766
964163
638144
760477
269696
156307
408688
617787
297556
223241
828917
580800
25146
325649
479784
537436
447591
936109
637535
531173
329534
420
404858
228963
837230
72538
173709
649575
753063
428987
121701
789206
655801
584913
388153
867971
891852
527862
706927
580858
522422
678051
626183
26842
6396
625382
205800
489562
293736
606642
899845
152556
300995
713616
584748
165054
910832
263860
643435
861917
768165
863339
128927
634804
952774
336303
555674
104243
724576
640029
814960
807947
781567
107710
116895
45717
896428
941697
607192
245266
415558
945226
169262
409485
680059
367587
801754
241693
162980
674192
286888
935751
89019
158209
268162
863232
93817
445409
409816
937807
794960
882060
732008
719953
698946
147229
588271
469206
309853
670244
615788
106025
645779
841271
777549
750766
930426
127072
457849
367843
251868
333940
590905
724425
696444
273795
617027
843164
619814
541995
470565
366973
276465
616583
892619
361649
282709
259653
651437
411010
152419
399893
553303
568195
711077
116734
904214
140401
101138
731018
897276
787765
575854
233378
829137
483142
935548
383988
807446
825004
866785
476624
63927
244255
471063
129555
766796
894350
16074
157882
5835
516411
448530
876248
167310
197251
568718
627810
972349
277692
720217
156840
780696
803703
563692
343902
177508
6564
892432
288281
633391
553749
590526
853973
735744
474779
471509
156850
21920
114892
426102
475264
344639
684903
91583
460911
282373
160014
594595
181673
519350
78577
435555
59259
506497
944844
862635
275310
227109
463110
662731
550068
112001
959802
313552
474110
658486
732371
343679
892843
413434
644625
650157
197850
972540
967976
226238
540896
833968
313287
717304
519509
767990
94646
366915
751369
2859
128152
780671
532948
760267
151440
573954
63563
994624
113600
489005
619791
641996
402477
21737
673727
720976
79294
349443
829069
80887
907172
618914
48238
550274
205203
403617
147307
770480
931757
270605
91093
50633
330880
110268
476309
825927
142950
881416
896162
149474
258187
419559
604555
620854
75468
207016
691892
635284
972474
234700
995933
251554
145405
627519
831646
729327
731093
590002
331055
318295
671740
415254
779043
558735
222248
788022
8309
274446
395500
221745
239291
361497
589246
993299
264951
582185
234067
496080
705165
566650
714471
971676
558734
134515
380441
192106
687410
820653
316530
432830
227109
745121
908166
74033
594488
403059
725043
903105
638968
911829
400326
736210
889436
585625
629438
527429
229911
35479
7528
577908
809806
724279
630313
953479
358500
870492
140698
875702
726000
331182
656781
520987
471312
142721
621678
22322
173527
54375
216261
410801
123170
113359
620312
435262
419400
35480
866542
174226
552495
53686
734382
980392
470012
986367
685797
779745
853474
40147
321446
507831
397916
535654
950731
488924
125301
437228
702106
521006
980100
351519
494148
907417
342006
187504
559559
520330
692744
953202
271308
700547
692793
912073
533121
735065
302726
732734
890109
426061
652683
739551
845506
855224
380491
207568
994004
728728
362004
989997
658041
15428
710737
416977
561231
660089
617452
591605
757513
844562
880925
203184
737799
844310
597140
569628
928530
458283
757311
460377
453553
611497
301240
768747
222442
939658
806606
596991
545240
708669
290927
252363
404582
687577
735023
890003
392229
206319
536567
484359
579600
574200
514509
551113
512921
502957
819707
478157
319471
638198
130591
369690
444751
349818
135695
960749
928324
604501
749350
388540
376189
313192
968239
677848
480329
386761
874093
491435
485873
467099
630533
618273
854450
582713
961546
521316
7765
102540
57058
268031
629613
245181
638169
355684
878189
904835
936834
459465
412771
381277
975621
352684
38421
32924
98826
502328
286262
671704
66113
832128
457541
384771
208011
803111
799939
675098
614344
431202
83151
762039
968446
31062
416607
719364
751010
992475
909149
642890
360775
237538
252060
731175
179872
751027
39157
866910
351411
474062
326466
710792
717469
717811
752886
833897
312444
49598
597976
557790
688060
734570
975258
925425
295105
600438
382682
306831
126510
295588
445300
478609
480977
609630
973249
121142
466347
919092
264881
272690
222175
998336
82881
465119
442293
430571
362392
439250
387916
710728
736836
750409
498458
534046
394508
65216
390753
930115
438001
845090
588465
736035
108806
213149
435091
149792
190121
272142
926681
274707
867357
829852
245888
154353
895493
864672
911103
394634
175615
902466
469807
159722
889051
900319
131094
815202
506807
806886
192529
766433
25912
576130
283294
149883
356199
55793
304004
401932
432997
262900
701855
951670
1037
555103
230987
842565
426277
889936
491885
412340
11263
154044
93017
353993
230194
849381
73315
268059
506288
353704
283013
706612
386500
154034
368810
546769
301611
5331
128405
412614
904844
805802
172209
55230
539220
127040
580533
320608
415986
228402
163827
284430
541676
399557
561470
903047
64284
750686
590518
346604
652171
848777
7154
614880
532969
311
846536
748488
730470
480197
288379
89650
513007
829239
115458
248530
27144
49859
415089
451430
122818
25802
510918
33211
991258
671073
595
538762
988206
872078
326851
948410
446172
423055
385930
72649
362553
984595
442925
795717
431019
161228
275243
350324
114660
199388
443719
124371
777339
824876
134323
209212
602985
604700
119002
411936
794716
625620
771082
573236
493563
416953
970301
332265
659575
311356
797507
22803
767690
904012
666829
930091
69136
795756
473560
226224
234110
362910
359475
875240
71107
60991
682415
413828
673145
499820
569059
213281
382088
979682
632921
759019
845912
646308
76825
139548
17200
523541
422415
448034
528880
706149
432219
148191
413671
18088
949877
626890
346642
580034
286779
297714
502258
560255
579225
821219
583945
493439
670420
118753
54384
543566
819763
235025
663064
854546
671434
39159
378203
165469
423524
341402
207806
706915
693644
363588
170502
196741
990008
994662
248691
947724
574227
62424
74141
924145
779174
409597
473514
196440
970082
92485
953322
924510
863564
678604
58191
842759
393861
254176
893900
249690
439093
161887
625928
355785
843156
820671
618047
428871
257493
912680
445494
791230
940463
736636
242713
455065
8456
472502
113842
786044
18305
636080
539912
509524
747800
190462
96466
82248
323070
999480
695126
770382
712502
582166
604963
126747
87270
338547
335143
332530
831422
760692
625070
67742
789570
170498
876408
807483
929973
842290
208181
969070
648676
587846
781599
855348
392716
418445
365556
891864
26217
735717
654735
686270
116828
205025
129314
309469
970935
904837
795794
600586
701928
3886
116975
752879
752641
635919
547599
287130
688480
149398
210246
716337
792448
462957
299203
554372
469146
217948
147082
436411
737401
112203
130569
167790
816089
604709
352154
122388
463291
779417
507220
934226
177736
529530
986446
821045
550175
296390
773553
899835
865213
15812
112697
993676
790984
141766
673352
376838
28024
780110
512615
124406
662755
431821
685466
203170
272291
787847
474398
595202
190437
719122
949377
123664
235025
100284
178718
45109
113361
396748
170740
146530
263680
317025
659298
362176
464497
648120
357890
954431
360345
649481
693599
761483
964378
968400
951252
632285
470893
528361
950978
289646
779050
810516
737645
475718
876471
822617
69812
520754
477131
914693
395115
437075
170334
959954
722583
156819
5935
890276
556549
289203
352689
791216
121095
332096
34131
871479
888012
375909
393963
671024
119067
306009
216190
390916
939820
35768
366190
731891
812771
493808
579264
219668
675625
864722
348297
82169
425321
887176
16694
361009
837412
189414
7796
449639
641330
340633
119234
145575
121942
125436
228113
661825
637244
611593
836308
93830
99921
509420
958506
425263
24959
265075
667750
873374
486532
566690
55031
930620
460206
798244
269369
349377
161589
596123
329879
670801
884725
813528
499354
511172
841990
358822
434579
112382
862969
236673
37025
531709
579826
109348
469920
327602
139997
594368
97838
404934
427406
896328
407515
612605
800505
169705
710444
529912
715082
320344
54860
67348
876131
893507
499152
758448
611568
104425
906917
689293
491943
112517
909529
37710
411489
520101
443010
456158
264272
665690
966287
645936
143837
246792
26089
944482
961759
775325
222725
259707
573113
187295
647241
149267
216784
611165
888792
302866
320807
194567
88956
939408
201178
973146
15983
528412
565108
722675
669894
785560
149037
355397
906363
687297
488515
588198
672981
205325
170803
433603
562294
122093
200340
107572
207297
642226
572881
248683
250725
11468
86593
717957
114955
858285
455845
317379
408600
941900
309629
100562
595039
307781
85319
741382
236391
683421
788437
303462
783955
570084
53129
947488
989812
531059
783536
522717
63144
142869
703161
299119
734444
67522
195025
445479
910022
107142
967004
852868
534088
960321
276625
856517
822913
398087
45234
398880
916230
441703
254375
188555
733016
898633
391094
553591
239858
425649
367457
712284
338546
761696
342173
83247
744801
589529
24362
422129
410849
874881
149587
163937
412466
980768
812740
547282
406880
588548
648003
388247
275533
859332
78221
71578
219159
138914
269646
564236
635557
796170
921275
671542
623827
815479
8080
994671
985592
870325
108513
146790
164944
225089
845727
246943
283019
115916
970090
157947
242929
131166
954125
545711
451824
596376
607195
406935
706307
216786
743843
878755
894081
267682
626450
105391
753344
827390
796966
853425
469412
337849
566539
369100
50183
866089
48340
753089
491910
992042
687127
196165
695590
805051
953445
466093
312930
563461
754980
743045
599762
376444
541067
909633
240953
129758
62458
705483
137003
576665
36276
855163
431833
652361
705402
310629
340155
758815
308293
713227
297880
282461
803679
776947
394101
258493
12190
272148
376664
678450
424318
263274
541239
654726
670554
926953
731586
423522
195719
412749
34826
554092
473805
726928
179149
459915
472387
764789
504287
598662
174534
937410
468661
816330
619285
825419
809809
431562
497548
108584
796614
470401
780988
200392
244199
773267
100323
948511
718096
893201
266381
963131
130832
368923
162310
896756
709618
347680
629818
522946
255654
233281
866860
700201
860881
841108
802063
172047
356654
480901
779460
455406
475999
952534
892081
775204
513172
582790
857786
368359
621462
576720
347487
98583
17265
627018
108594
386220
980860
971886
714035
64782
366278
503414
981642
878724
594463
827680
389920
831236
403712
915857
508058
2408
535064
793430
346482
623170
966900
507013
746804
778182
947081
162690
514579
250598
716513
825822
69157
233147
918048
805849
814786
738398
213747
823432
266676
827415
374036
912786
625947
656045
745403
204116
137504
55580
971940
208165
206932
581669
265593
22323
324900
945343
958493
568204
7803
634283
891349
942585
881396
120933
355666
609668
557114
73846
611679
315739
723327
927527
437539
949517
369813
692624
16468
523249
405356
922894
775161
343910
846185
612435
525657
620724
111391
500118
529093
832081
102572
782252
125567
399168
719347
570735
399942
552724
354609
684506
436927
233939
483454
782135
4674
195125
826978
910767
15549
498124
927506
733889
131529
672893
245574
470158
434759
808556
670136
295952
913654
549046
390970
390955
565909
523863
335924
340252
822959
25133
545018
301902
828040
325396
693510
824267
868898
25135
886615
536079
6252
600584
748645
853112
601992
526991
112255
571674
841784
621183
177923
446192
567012
750174
837114
155885
445066
808035
66189
770928
648514
552945
117352
300245
442093
64322
140714
537832
201850
317471
293702
889076
24916
116747
73721
694650
909228
25216
491560
644029
628894
75345
481941
582906
686338
422382
792317
984629
835154
405062
947922
21615
835059
467719
837712
936180
668322
693441
304638
836944
239676
993704
913476
342242
936937
129400
922211
679560
693222
691891
132628
475002
123886
366406
224641
726771
643973
179850
620698
617033
864033
776933
635926
119838
764853
228881
679175
12847
802011
397813
798039
345481
247197
1391
764644
71452
179680
100723
479734
12648
427629
82189
930905
24276
696541
708930
326876
993501
431265
836117
931748
557803
31275
485029
819181
932224
215741
787891
839711
873609
338700
509250
69577
835031
11152
584343
275772
670631
704875
666336
339782
602141
107891
836721
542154
571664
895262
536617
120185
747838
992969
579059
874287
161504
601445
324776
529836
50649
655486
383186
776749
271048
646889
457356
626598
726588
931402
59397
146911
495367
673024
702627
959144
347755
361773
5124
720506
807730
898533
25439
321004
208538
187122
915721
553743
284716
547969
539092
889638
335917
633198
729746
313413
951150
310119
816567
454404
587134
772031
233948
81568
222592
700113
317984
487088
604375
200847
184233
599103
412413
859494
714504
588618
533619
53712
350843
929047
639635
25269
793931
297264
704193
264382
574038
597883
210880
233081
968999
922871
755361
363234
395393
607573
851797
405396
633659
840944
432356
645324
859845
341931
994295
565333
548232
506790
193103
708822
835244
996380
878360
620404
814387
987677
891096
492965
774402
330658
752706
547923
477760
20370
27687
126632
457687
121104
275148
191356
357720
704511
23446
604313
693883
869075
746786
153319
565315
665493
985521
31225
882496
739955
116992
256882
782894
646849
425846
479637
714107
295888
898039
251881
494310
976937
309910
936901
228867
699495
321831
63101
763099
609326
527794
564009
433392
593419
203331
461774
427230
68202
309214
556204
939100
565870
902991
172324
365282
267697
681184
570947
207141
578840
548580
30639
908990
665681
459953
872236
123112
588140
953067
261708
360616
69587
893050
14961
830343
525095
873053
503104
207995
221049
946584
612772
37412
921250
105993
999228
498930
94080
67929
590946
220323
120141
186446
525593
51946
458845
63548
301138
804459
325364
800539
584155
106915
316289
719028
752677
601509
354683
426358
637168
892671
514839
815717
151765
54907
331043
539314
337840
325121
453186
887077
99112
153562
54277
942326
106972
169935
443874
433724
727211
13424
704915
437245
386400
692912
986893
157156
884601
399150
289691
728272
703186
653455
739863
136841
300979
936070
750917
799245
464818
916213
414348
195721
36230
903725
737682
316899
672618
806354
963315
961460
682858
939738
409117
24467
174926
334452
963274
145612
95968
436229
418843
585264
80922
481677
89806
918982
192945
808040
239708
155167
534008
48881
565170
977671
754803
937601
659209
937559
887225
55253
514724
239208
733828
810701
734374
560354
626713
839697
197901
852786
883662
507982
895055
12762
997821
917534
520463
606754
421636
706054
497020
592044
945717
870297
515975
713445
535521
246585
523838
419352
28988
333053
621578
535580
49005
927534
248961
602734
1461
466156
655593
423705
852729
733422
548106
575889
347181
233831
244719
432864
902623
192643
171321
681720
208094
94032
972511
738599
939205
794106
636997
875688
276711
828015
835256
75605
662808
499105
346948
658938
47638
152553
694450
967494
464531
144137
865058
54683
334048
168394
196800
865348
649591
521220
131302
894022
417957
990780
151438
713999
612114
197607
625650
402443
22574
532813
936962
606742
172026
858249
414273
853644
333489
56685
693181
716987
396625
476674
433065
633466
468617
175917
854809
440403
699584
693420
344217
122203
233727
621376
247721
139171
992125
66789
361881
826311
141702
20285
205309
770467
772423
57227
309198
943590
522808
919066
470429
462078
485094
943038
168180
94579
518172
679410
261451
10064
307437
577184
913700
491579
500513
53952
597636
461222
951930
609112
608782
779358
869154
253217
687613
825025
598962
747658
324093
61261
108385
281622
48615
900499
82375
41248
555608
438154
257485
292031
821292
408191
739892
49412
561052
120874
883646
150432
540850
70237
794044
178979
97764
201365
117365
104607
314837
173747
438512
570411
690532
674628
508447
917699
177070
902588
513896
925773
741351
989890
210448
136630
812560
178469
84166
937723
847765
683116
154378
624580
527175
465098
215544
257706
197361
168368
237493
428313
922137
630077
393333
150097
434901
570193
784294
280646
683334
857023
146428
367080
988150
902176
59354
652029
610058
40836
812826
666665
874212
82756
385913
702096
726167
51059
690018
442578
13447
403699
450133
389237
47645
618979
139060
730337
293669
208694
557418
131012
132804
577695
326328
140246
499161
241320
757982
366198
237102
485347
657442
670323
556059
768823
965119
150376
12215
624092
139373
154111
597308
925921
621833
860246
636854
565994
362402
479038
462824
816696
129567
18783
251132
964513
994896
584442
351204
468126
730575
221575
79505
588099
591379
574781
605775
713353
318353
779504
452475
258055
800846
934164
134178
215744
161926
947807
688760
640917
276978
205517
21426
399899
835002
624125
204032
519687
271735
75129
501418
406470
62051
932691
346822
569066
637728
499818
928339
25854
132833
927372
653942
172986
573177
142133
657870
3474
781502
682486
611382
434408
155354
427505
476758
714339
915822
887745
156198
3479
682530
248886
452545
121571
133837
797821
793762
957530
335422
646815
271101
782105
259429
285216
547964
326328
270561
496711
229524
157212
19879
838142
68100
629480
553675
849999
663466
970003
891119
516110
105858
880021
707653
493782
187835
384379
54722
92011
221560
401306
932385
685759
771488
907232
463824
870800
681058
17989
839419
597486
322312
675233
436980
915994
664183
416600
101564
63178
764289
845168
802033
276298
547495
517059
556947
774140
19310
496592
988276
397760
625052
312491
367676
297646
307919
338517
506262
243904
328699
218342
319419
324813
441342
680998
573209
224688
960610
805564
435551
299335
4910
167742
434280
567576
991977
626727
977921
720845
901868
120038
857049
582496
119715
58899
915268
450578
232224
726140
553324
287700
566363
942750
996244
735881
47626
685872
320522
125219
909849
517464
599657
343466
182983
103553
416584
978843
634973
943876
963075
23341
497226
564803
976035
582895
710624
442965
35053
413004
290789
348251
950980
428657
294359
316337
651451
289989
331712
240001
315707
888215
37169
584113
269389
986518
256798
299068
394694
442937
529942
661790
621452
152575
318173
81705
546568
417744
579751
242677
49002
566083
123443
694772
617107
840569
219906
168932
36772
20966
578803
301853
744865
232432
174717
298634
312065
148655
833544
694580
983188
474901
876712
654522
563793
320231
106295
64477
915963
556713
895053
72696
442800
855065
852959
618381
56910
439953
145841
418362
380098
202319
448953
708490
882670
24658
941138
906215
137846
512475
553689
710062
825576
974419
265576
842139
222982
285259
708269
772643
959217
903197
39782
856545
378163
523442
703227
285032
899688
94493
347383
853111
795786
796005
12260
135562
362968
948257
28675
678733
616035
957051
603877
36075
497589
112214
586025
440709
917022
396684
832787
415039
95644
231184
945348
4532
92262
67891
740764
142601
25813
492034
222825
219679
112176
459340
19274
772514
151442
78401
13796
278591
36794
338421
544192
26290
838895
780612
374656
322493
683790
32784
142524
401204
329457
138086
779006
719093
795262
926911
193942
590966
731401
771682
515930
356471
988967
851879
926397
971158
929488
844182
426250
408321
670832
103597
616766
949765
324234
644416
344064
744517
472777
178427
841214
855303
670565
98755
186021
620329
487662
422971
411900
833713
450489
750051
812254
985218
615332
500442
221906
576745
49350
315652
694473
298455
54392
898182
114035
910250
248507
206894
318206
252772
977797
464176
13996
683452
801323
839243
148303
433555
857516
372939
270372
365887
194775
975015
639882
548932
279642
898698
605085
814177
416809
975855
996595
546566
675975
778597
515763
788771
983988
90546
865101
373019
924787
859924
77337
132503
319735
491618
521424
898935
482986
17426
315297
94308
772889
407316
295025
772801
225598
230298
237042
307648
461483
301435
406046
114705
904721
614125
849233
591604
116907
685808
368705
993583
65994
346634
400475
771420
228605
35821
900666
841242
761948
618420
902406
642980
923442
766156
821095
271614
92548
326576
942757
524619
485634
762828
491806
808828
393
479107
171043
985059
8979
596300
732719
51109
433020
79095
3716
447758
837617
293646
263588
559807
48823
277718
394729
807426
678549
698869
712641
363774
674912
731437
164682
647558
747745
763846
213254
531083
201508
234954
402875
268338
820064
1066
523562
973697
943422
690302
460969
732146
558536
151274
647263
149674
936687
619868
552284
96003
92089
549169
158291
382789
553221
451767
24181
92020
277436
353677
720618
719747
346006
749479
223470
369702
21190
100782
359750
328901
233475
152260
977246
788812
47924
392421
896385
822815
942840
499689
914292
616363
812879
335014
688431
744408
789544
396786
912505
583323
908807
910982
999071
274599
766290
593470
249168
960579
786937
807996
675032
680055
360833
33133
23223
315872
341099
988963
315230
611491
757893
607010
791813
303614
859084
972214
263788
60282
363708
502913
607852
944957
692279
731219
353016
153595
102350
472689
466870
945805
845486
776056
597108
876378
635241
990684
177480
231793
653728
583945
776009
940857
283851
226794
834659
206208
401061
191303
736027
360111
608502
965833
340192
667615
426750
938905
348490
905924
291131
169831
275698
169927
757080
188423
396332
806130
999026
662069
140261
144197
821831
105017
476374
394405
882877
765669
208738
950004
647309
85692
814674
491132
65546
158061
513002
66052
21202
335804
530344
360005
186576
738242
781080
466934
780970
533835
951895
681668
372110
208157
791394
466718
409428
897304
506138
537964
382352
499257
380374
358175
255224
248
889701
175139
758380
817234
340063
987634
591078
90401
499430
764226
741439
107494
311998
926046
360090
978345
337030
885651
63154
770552
517843
736448
291068
888587
546792
34641
741560
53192
314835
798341
361306
404001
876774
13930
239055
240027
975633
559659
318702
912362
444441
180736
754364
940728
674295
984579
488540
821317
839951
603875
792401
132201
101771
808369
647281
692148
445652
949144
56425
72246
92525
456618
619815
783130
336428
315797
346280
295853
788629
684596
597534
2877
451988
168449
793212
67356
496343
769577
49634
482884
169222
797240
617120
807060
296480
956019
304105
291001
857395
114117
578710
204904
710455
116881
893587
354567
164936
968550
959082
511595
97471
959633
842346
940924
722284
333579
167283
971317
925233
717459
553121
189832
127549
280471
534163
235230
511908
561740
838359
692476
341976
365725
269492
792385
785031
219775
920595
832588
722640
871971
109194
328954
885410
795077
164998
959885
112116
587618
43093
469160
448027
991494
941070
578486
855563
623619
985117
956203
220716
713150
870383
196898
13592
324899
752630
742310
669039
943288
116313
114125
174232
129359
670716
661757
74644
55189
232487
676434
681536
370952
576341
410968
965415
726342
596700
446963
158465
389248
489523
920286
375821
742029
795493
440400
31558
400667
704401
655866
724676
563072
384539
886253
560818
700399
81459
880601
329960
381510
892480
13553
822565
583939
703784
571114
506794
390551
69055
169697
788213
898067
795145
745436
162969
767551
415469
797097
805751
502665
937465
237730
141595
801627
96716
766866
567605
362181
1316
260978
388465
973209
628293
288396
71478
254678
565762
594561
230456
139644
33323
483366
488443
944703
90899
628616
215717
181910
427004
973648
945853
943026
110305
894082
845574
71692
497952
785759
859826
582487
871491
858731
369797
148053
585130
428873
568520
757638
490518
518530
614245
254458
385236
98596
798694
656392
155076
202567
583685
656663
195717
799659
376111
432985
261822
580669
533978
610392
346956
915256
179711
217577
861699
136424
677814
745917
621987
773322
521326
572757
994713
996880
800517
537366
989358
134017
170442
203698
664336
465340
326732
26054
746875
21148
906462
465091
585860
806263
736427
507587
433602
6657
142512
703997
201881
344079
301018
894676
353060
97013
348476
497289
91006
583504
262380
342801
790382
827039
522299
39682
470701
786060
280656
691047
551124
995529
256609
593906
285607
500630
485901
174033
846776
129054
630040
878681
999993
938241
835267
135007
633058
738093
473927
208806
448315
587621
9774
951218
865734
746852
812687
187323
424845
983450
317988
31165
886659
36821
503753
200428
798746
70587
80467
671045
701600
993844
432331
71040
444310
755428
774406
325794
711888
303190
154402
535662
859138
53492
182239
708155
455660
538866
731543
506337
265508
284363
525595
689869
963709
211428
277612
220404
233297
91660
906387
447269
969776
199845
519517
529014
844645
322012
555895
457504
637025
119635
990370
45927
174023
926497
279634
474033
869203
818543
474921
942841
22504
67651
811979
384091
396532
104281
601117
160143
428930
318637
384543
551411
351067
982358
496420
313344
254298
820364
456106
246175
972427
750986
502682
23636
444991
696462
517917
806360
465775
113022
926040
242053
904075
455333
718790
685419
183006
199066
994737
305152
843423
11585
461901
670323
796950
429995
334513
493089
283752
805913
142515
668065
732418
193758
876446
730810
987038
776418
51794
969012
930869
854018
82745
741963
861377
41941
890977
710976
417261
163402
906363
569099
130012
286445
677231
28587
944595
74632
57690
260317
44164
933286
624613
660459
534008
653811
770563
409627
812120
358591
257031
641225
529239
516641
858719
113679
55551
667384
685745
916768
509911
780813
241296
986548
409071
362836
386331
375069
784776
596306
385266
378745
315298
596888
345366
893952
127714
36653
261788
152125
366752
5834
846926
35418
430219
195006
98398
600980
903801
197170
472840
637197
206735
205895
315907
591296
779722
483611
496099
183823
821863
254059
296078
518840
777845
933394
638680
678182
15989
17392
919870
124516
125739
236646
630204
649324
781572
970941
449291
271965
675235
378854
8251
341516
82250
480732
813288
160497
656609
600805
843842
304230
497144
769
992286
51954
804089
425537
840927
482852
791904
435452
11858
38572
845623
939557
910595
920886
105026
578810
737201
665712
738552
466526
603744
217274
276400
711636
540622
150377
216983
811290
259389
12152
302174
351520
307503
185676
720880
727075
871472
809251
956705
26219
301005
897368
668450
865117
521122
270101
569776
535933
429009
275285
455566
710020
305871
31252
444775
312730
192024
273302
91093
12401
341059
116113
206975
143613
189936
80441
523228
769171
488285
187046
422871
199581
947416
426659
631371
674936
144783
47445
405165
653610
314563
795462
989641
536899
587227
749517
344485
530575
897109
417564
1602
754613
358359
174374
521344
17967
325284
817387
744033
681958
470954
531297
236646
875369
200375
262016
728853
327818
860300
531690
318172
14229
170122
582710
908367
780526
347273
443544
329998
509062
301576
946094
923202
926713
281150
619177
783558
928455
116559
306262
661026
143662
334682
376712
688818
963168
459247
912164
769381
853030
310366
562057
300897
357713
223658
876378
630724
838552
239837
771561
662022
303571
775861
605121
260794
350355
949884
251408
877427
504540
262197
515055
906307
488576
916210
737808
847135
685209
640963
348291
663902
404130
779401
786661
878240
330674
522152
584613
919820
569751
89946
775796
482929
22411
469409
49289
529742
482453
234709
34574
362413
396927
700827
473130
892201
20975
769590
471468
573713
353893
225719
125904
253477
401680
418512
983090
276029
334797
20103
681996
677321
653245
834822
412781
795251
515841
554319
286585
28001
469845
957964
668311
529686
936774
409796
756987
278904
662353
342570
635920
285612
927578
715792
232001
359453
29958
300985
291044
382236
945205
941771
993411
454370
151967
305699
591241
472496
394122
112771
72326
921815
552741
870950
493919
89492
876036
184820
298581
742099
739193
93649
482928
200404
53707
805264
399367
856491
371606
337542
320879
112289
379007
897337
269502
395001
316497
148278
943034
240333
854777
730177
321059
937749
271386
975847
728474
682569
826894
77168
290733
749663
202171
357041
635712
873966
824781
962877
113497
935411
798165
727803
272327
985712
17470
691027
484848
928754
396903
584003
683446
690092
28194
764814
983878
468287
505161
222035
965565
408411
462199
459131
284278
187391
469546
181004
259828
837724
87091
693083
217449
388888
965847
533150
27233
74158
462022
497631
976782
634162
145909
662797
106416
811698
845018
323181
361888
636600
929348
612973
102714
824749
284180
263385
316901
510168
185627
299623
190849
331907
396882
308332
13099
988862
648944
720370
56239
356989
127532
600161
388683
80348
558991
69209
136412
42563
938228
911842
466856
356645
657184
785595
470023
316706
121464
719823
978990
611341
603427
692421
87705
138247
45629
248758
91157
664778
727540
679546
463015
735682
983875
77659
290396
872213
76873
223787
227822
835908
387141
794994
236240
483241
848624
934847
901847
937184
292471
364383
314949
897411
882388
761068
157298
737613
798152
11196
206617
479200
849335
925307
744316
521185
220320
603219
733941
477505
188471
519623
608411
712343
77856
963103
409869
728553
602506
628990
911582
845834
464422
61711
661533
48221
526659
28510
675839
403575
52680
560195
203115
18723
860237
141497
654882
259967
541846
61324
2698
355587
849068
435889
902997
379938
36442
905391
195602
766664
135553
68155
489360
924932
178712
201699
452458
269888
705732
36960
892148
6443
459024
381070
146241
647671
876361
925559
17102
640574
519097
824459
681422
966207
429758
655724
166610
304839
731397
444326
14868
751723
441000
233660
453793
124658
39202
975261
829218
462159
264683
219254
466053
498507
697077
564001
440333
529921
157505
392698
890226
614979
472158
947154
436085
949147
933055
93821
330565
284971
348856
824903
684359
213494
37845
931523
779462
534327
599575
856707
283575
427567
518668
485411
354151
495293
295178
915712
670595
193381
105671
996103
651652
502323
858904
855783
761717
634808
674372
993768
410850
186867
102468
513109
546783
111756
363226
275797
609266
84921
397259
132632
589918
249731
416891
749869
361484
988963
288675
167600
879640
215430
999665
690591
764790
627568
811644
602958
825600
405564
876833
869681
711197
972993
483328
634711
717647
300817
673677
517046
758872
592027
751827
55649
769290
327920
327307
206614
977066
223139
624021
760499
634752
967369
985553
795977
99262
622431
694685
552265
664011
355339
601131
517595
402922
441275
60925
57806
568524
858538
589504
826986
906030
266561
611842
626400
892336
195226
674450
577699
908020
699871
82931
660496
45935
61585
672380
752904
617551
777573
646671
529502
219593
87368
105076
936556
903230
320516
675089
311936
908105
119802
213448
460980
108456
180367
166189
647579
299460
796772
877858
593303
962974
315325
468434
685960
960216
341379
16454
996639
613982
475300
241959
600464
117807
555480
603601
221350
179340
12607
277071
954736
14203
992742
761657
843993
686456
265001
634663
46486
725305
747762
947409
798008
150428
627615
245573
545505
172144
991746
458051
756051
254749
640834
267576
249828
218609
429086
425749
946702
465543
239698
612556
938658
683670
946706
899751
518045
434131
585523
143173
763923
938564
371689
59121
333896
446499
351467
862240
256350
908651
192819
601415
585000
219329
855841
841239
572124
972610
50751
55766
6759
873381
789088
939355
327131
231373
701217
591206
562180
64494
278289
490777
878936
89881
267437
107991
402700
39269
305156
269944
724547
166588
90489
827046
655393
610239
941479
841175
412862
68823
368415
87527
396983
185817
195788
234193
461726
958037
782904
970953
841233
81276
214695
256058
652712
705899
852769
790359
672072
529944
682382
379424
450901
422744
48057
832819
815364
29578
818167
160652
685262
370532
460193
514011
384
904280
71868
15937
125935
214306
168954
476582
759817
884657
361625
958841
455495
391407
76970
375877
73471
676015
874540
297965
588054
131122
345879
754564
474515
276758
154996
241611
440910
110044
615593
577288
316167
799828
209939
330879
94547
155687
765836
873936
779696
238273
351500
593964
481850
112217
887851
165621
184439
189342
970756
599666
770444
174463
227446
568300
254291
441943
812228
916647
148740
469684
911196
240960
676368
37315
980597
197856
614220
388057
523601
991258
991434
35552
683618
24167
28804
218844
318857
836027
845874
880025
775609
246595
877179
103027
164538
588286
916359
391746
851402
13749
309683
741792
859101
870296
404894
228823
987653
535543
335072
624172
385454
478553
933083
910978
782272
457597
398825
83629
265127
534379
265589
51412
700847
59253
469670
647746
795848
410255
474357
265097
946089
851144
214239
5779
615249
83876
464566
667654
17321
33240
206163
714387
421958
177378
495846
634332
38986
202690
431086
962304
396010
114840
644291
659140
43978
354267
96785
282271
790340
205171
328927
394082
72839
945845
35725
482306
227804
67641
530205
655107
663428
667352
723879
368259
669694
548551
76784
833505
293285
442251
173910
370888
756533
936728
614882
623195
75438
294922
921920
412223
482193
138047
389898
620479
184519
612303
648192
175584
863649
838441
615124
105923
795642
481483
209634
86832
252665
259357
720381
532996
297587
350315
571045
850554
54381
541693
557012
583887
192511
81877
668535
96981
77651
71877
156346
684438
418573
742058
649212
258211
722117
322824
541922
468536
285487
593988
956807
302157
691804
697848
605265
602748
71577
777270
968991
149705
603125
474909
110494
712723
234657
118353
240443
464086
855471
396634
561779
845338
32957
55259
172742
423996
828715
352620
32073
734679
411847
920087
374299
760207
497226
777452
3440
826426
273404
696001
605449
310379
467314
632330
243844
967195
414648
401040
954895
107126
717257
176081
64632
672896
164411
467765
455904
270754
516088
671976
541711
51221
204134
735896
966625
660074
915880
119629
617373
461811
460350
216288
238950
655505
682056
973977
939914
949531
378408
950889
705144
757992
986116
354240
471182
619514
961578
897420
614097
683783
334031
599568
879734
3109
334128
858908
408733
971153
60058
494126
258781
551452
882692
392933
857722
745906
739866
508574
436659
562184
527829
920557
284856
328161
751429
861434
167289
632062
573168
316725
235418
863776
581333
865783
441283
14907
429129
154039
359251
506617
27779
251749
585140
78247
101619
634854
725961
140032
733772
29741
150404
496212
243363
741747
223765
289749
880175
681874
500797
610302
282032
146564
85313
806369
397485
72370
707193
808971
64597
688828
852103
625813
534855
785797
14373
936714
205741
842487
215000
188848
120515
639898
539777
385589
16758
981900
687058
941944
992615
435294
991006
970160
272270
896331
761352
811645
763644
359766
973277
694793
629049
345023
590078
405531
538827
796705
311734
134712
368024
146155
102698
149814
205411
25721
717550
245342
999922
175374
16820
919101
333456
371056
368671
439175
346030
112416
909174
576105
743333
115125
796532
235114
253975
268628
202299
694908
243763
323726
805801
941669
452247
438166
690435
270597
763663
488605
3151
706435
300411
494796
140990
780440
829391
294558
795909
440440
371445
736599
290444
863640
116045
888036
573055
710496
779540
70672
272835
704623
776802
645217
243971
849029
378125
473165
322920
773650
834283
857500
739431
370968
438325
749723
304244
612479
238344
553274
465684
421301
163909
92931
542800
497343
636119
510455
480069
189601
170836
801031
594841
577830
663805
109484
440584
182861
764896
696803
241948
196048
232221
476872
50107
676690
353605
807246
600986
360228
903326
340633
897551
57971
33091
800888
275461
257362
266280
228098
516937
168992
518972
476748
65025
429974
362279
121668
237499
273967
137330
257133
359331
211956
651334
724215
730639
718307
156493
274490
281205
622075
114357
608591
63932
404903
377747
513227
791407
903365
36452
101465
812174
916753
525422
677747
738239
821298
789637
577533
649762
731105
442921
195262
429186
359410
1933
955515
825062
512705
879346
250226
956552
140730
624050
781680
245341
83588
331801
802127
628883
586699
458990
483728
643929
418344
440399
17169
685911
796336
843322
133163
578431
689942
713256
753322
910459
184317
888211
143785
623686
31647
520665
658506
481175
888659
640441
112464
265207
252606
589049
517209
376628
550680
823914
186490
144686
379098
648004
679097
818382
741633
334507
274401
675799
263234
971155
476166
39508
674314
738495
880150
928497
384048
123172
265879
347238
686074
620653
289410
904590
747913
631960
840892
693974
508002
246781
206061
268496
90585
156335
412671
674599
424924
979067
738549
973997
450393
281997
364965
363985
306061
657138
937172
772140
765739
13305
731564
108026
511525
476402
235228
82021
873561
655448
266572
539261
502491
629259
752060
442437
26587
636277
44536
626663
819827
318479
703098
567879
666512
501756
275484
552180
382394
445587
972727
790139
304065
721914
792158
381142
279622
547629
92208
958530
428067
123678
626974
733934
349880
725175
287482
513295
564563
947003
898615
502672
13883
148938
973891
446823
312537
398147
48126
212739
786692
665220
501781
242913
957415
484620
708224
10110
925841
537026
463444
127911
962969
211151
274245
251308
497516
250086
740284
698611
371317
759203
348689
206184
98343
462161
325861
27986
932202
657798
137375
924417
641567
581929
237633
429412
858642
907028
518374
609847
827643
212692
873754
248537
629873
7629
761174
193851
626604
449147
406294
94581
783349
83283
761945
172210
396012
796296
228725
420236
959158
913705
136532
825267
450177
119783
570255
12166
262453
791349
267813
852292
81720
71688
290264
858524
325086
672766
26980
76896
26220
355674
474588
508440
563975
346221
411812
852531
383422
98514
19589
95192
469105
724112
834544
346459
592796
16546
865042
570444
322244
546130
560720
103209
666620
189953
607968
501619
939092
289156
215043
866270
324319
991657
695139
913121
942560
569623
945284
586606
369297
644883
264298
485180
554831
957215
4616
87295
756965
700861
676640
64825
150771
273745
374524
897258
879738
647588
96839
618211
387271
116037
478856
224249
925114
95433
668924
677332
710386
449268
884944
920039
834648
792048
16632
53690
771652
192698
855727
769443
690191
273180
456139
177043
579446
506388
975996
666124
241447
624148
748513
263408
229100
123171
936262
25781
738033
536609
378430
999669
16883
921383
423834
857698
561863
884301
364355
678295
558597
529093
150521
914121
82447
208356
271464
848668
652417
103489
452068
272210
608183
520246
133570
557534
134005
958084
997458
566679
292919
545555
693436
601800
673430
441110
934902
48036
425428
992461
971231
473367
958916
309860
535163
951351
58649
227385
668300
342233
15497
601403
244361
507968
719965
200109
707453
381937
353944
480906
488447
205602
983297
244611
731658
945808
771983
518756
838712
418416
520689
710036
676960
474301
22007
353403
535560
182960
415392
276350
380681
533902
327296
51557
11006
622811
120398
391262
143336
970732
526280
575963
566498
952730
277635
26582
194683
37650
713171
484596
538549
257994
823442
428359
191193
376014
249937
232622
700149
177656
467673
739928
731188
48702
212380
114661
910424
946470
863933
656109
917398
649748
646905
687577
463757
139396
509616
587759
944293
9490
549204
125932
746496
653494
285677
119946
976288
420366
143622
182305
958101
438100
509048
311146
880801
790831
687568
94302
146986
88997
46559
455229
117274
955053
661087
312490
990167
518050
218173
422707
201242
837204
899784
389167
425966
470649
11188
986368
995207
952321
728202
866744
156797
532743
561648
513944
801059
283811
581200
939188
422280
688156
352680
880690
502922
964091
322670
281905
348177
377787
484766
457222
853615
869468
953889
634017
92498
688534
736539
261518
328036
706795
792530
807896
200256
565077
190582
398344
63184
823967
7313
439499
811783
700752
196492
932017
176184
973697
801819
771218
321233
221008
787718
626699
485752
459309
626325
789222
214657
763218
490008
846679
71881
84367
526096
895779
530354
493187
510077
953820
284091
574567
316421
522695
481722
757700
494014
913118
51833
358021
266776
361008
675947
324839
500970
658086
393
472652
930967
674850
38606
278895
974109
35584
625739
223090
386426
239294
78183
335764
835771
564472
69239
826110
3106
292492
635126
612092
996915
437276
970017
806025
926747
113137
388978
896386
295422
150076
895990
833917
279835
709753
447373
210099
191518
136685
258750
706328
363907
164686
74549
810188
528738
313217
416154
844457
737371
585533
76046
618301
256990
102159
126532
287954
114199
279864
185722
178152
668341
438641
686291
981316
195094
687503
760147
922337
827281
636352
998006
805061
58847
939957
879661
758959
485670
327770
229238
303340
803748
238528
904855
271369
701492
158428
980982
303267
566656
577129
420056
565530
506180
858920
491444
777444
365114
584648
82611
332862
292648
808352
512327
101500
508802
97880
671973
975490
755388
328488
778912
239307
533361
905784
733603
293798
241001
881063
228043
955650
395082
58152
200479
739870
128286
145286
255021
944034
564413
790280
564610
842572
41559
896943
537605
3
893536
648476
607152
400008
899608
316110
239340
754570
405366
718026
130569
880728
53552
999699
566743
662321
382570
518489
308260
231863
396729
776814
99857
501058
564818
47795
274259
748177
516051
66385
977988
586588
55662
308323
385251
263877
480046
43121
203182
660524
363367
811736
133915
779937
934015
766277
565550
886645
289746
436000
492793
582249
405126
944581
858870
468360
681581
589037
881274
39953
44176
603947
999575
604684
800798
37587
738961
440509
126257
10549
242234
287414
964729
667079
863725
759175
754311
81696
456291
890577
425080
703905
9909
932857
102780
595182
744686
800568
56002
176858
571212
326926
621570
922017
283604
1494
595174
208334
846415
424565
376982
732029
510500
365484
777567
577979
719507
326542
456191
808841
278604
477707
483535
88064
988330
600490
595917
350798
579791
100885
991237
274654
154460
918734
292700
617494
821197
237760
460985
629626
214128
321520
167632
105070
778688
39570
447116
218200
355938
191032
318361
79204
182139
305189
453899
124513
555436
761024
351534
218056
878059
371940
344747
542557
987903
67604
932115
944750
253143
619084
301899
974969
902728
112690
411413
16875
158306
340716
140599
823234
531501
205067
559945
367635
948485
768036
310816
290280
340239
436480
45651
108033
323287
258089
268262
140475
91336
46885
461851
894927
947463
521471
491729
779121
353644
996032
291990
57368
610013
987453
661457
599005
768073
949066
865477
946237
252606
805132
357251
999993
219304
723116
830511
563293
131815
677608
324524
194269
945739
644419
665063
74330
974831
925853
311485
320900
329647
224413
780618
466778
239687
513290
327631
131918
14217
216249
631743
269892
78587
793953
737190
973880
890827
773450
278902
975934
295791
979044
435184
68773
747933
655988
886764
319989
756388
461289
649605
395480
201638
313997
119523
641365
895090
691159
166374
640183
537666
335709
717931
61068
842190
46886
278655
333449
724362
470238
747422
783755
775939
552867
819942
967480
569105
826300
167261
16196
805626
273513
66907
717968
734820
586581
209622
4524
903092
414888
291336
95677
723399
166777
433983
908026
347595
134625
310721
650320
471420
501546
867801
386342
91319
418215
668738
724603
100540
561117
7983
599146
44549
885791
739189
52944
155709
598391
964502
788868
787359
812224
563499
801541
780780
578833
901421
144050
222024
40084
327200
690034
735346
931572
973532
875763
211422
781300
419641
276624
368625
381277
439190
926092
664856
401488
502918
458939
947462
33657
503320
249088
544840
749476
565186
774897
258182
118761
332265
592919
831704
975875
336912
141713
171266
303359
170906
519896
943374
954448
89917
685980
873541
951615
687366
250830
661513
51775
523842
971447
566290
223007
277264
334853
870019
116760
694401
68966
983016
65734
516905
693517
643023
65012
897093
493650
223296
753616
894408
125750
686873
992061
310916
66244
344395
335431
693554
998290
296875
830322
3294
622887
762293
388267
133042
180023
487012
152032
154012
998409
776551
706347
844511
425273
32320
365033
669875
345690
846526
561321
459354
122739
586133
974657
579649
59434
819927
503738
780430
727231
851665
342315
441996
515567
108804
413987
277233
666361
945791
767744
610312
656892
143190
480732
499711
678143
89921
977383
570703
63755
798995
257488
229699
460531
16852
493469
370792
378356
378366
939227
621264
408375
306513
675055
974274
846067
70739
796298
595905
705455
493543
79803
164663
501413
701833
545246
610047
390722
840100
114674
596428
674954
598288
652361
332153
357657
150059
561112
210669
286596
290963
978670
259498
276190
597757
97346
259763
335447
575797
634853
38616
693246
344754
4566
510879
614374
657109
330036
216849
132903
938942
867662
343454
137532
819211
38230
723821
217546
105710
395765
128004
143552
112106
799096
142801
126937
647210
264103
27283
94526
797630
900214
194152
617353
640883
378261
471091
548773
914573
291170
615145
456657
820835
282942
787321
498563
637848
629821
133206
944361
895729
245879
870434
468874
323928
109692
527864
673996
188204
151652
529046
25806
605379
646211
479717
787957
325117
275260
70183
883845
752134
723053
484284
691365
355559
173064
654225
230277
363849
212993
674854
622491
342344
670179
694009
424776
531952
585598
997780
185946
947351
661755
712432
111402
774231
948688
619973
868646
575910
299726
668591
847465
266259
438359
452990
990918
372254
753710
603034
3172
957493
743591
722897
203395
302215
825469
336703
981277
953607
360258
768409
410855
269759
309169
916566
172214
215182
18143
125050
916351
188288
625168
535552
99959
661832
286246
422435
890777
759388
46004
417481
284934
182125
343921
785293
366790
931266
78921
532199
950252
654000
357773
205434
168856
289272
94281
573882
29463
514877
744438
542072
270309
644768
909254
448012
748178
513018
956317
356446
535041
849845
556832
172369
728973
872199
412901
924364
872839
91789
791690
773093
571611
492800
134753
65004
681873
287446
139145
534610
202863
658167
611608
352821
384699
970522
570996
311753
357469
220604
620865
764324
446179
512829
207924
246437
872415
476951
748295
112642
892459
29179
427013
548974
131789
367434
594885
912355
702453
146604
214259
527057
43875
799121
979337
481379
92069
408962
845086
775466
612158
571171
895573
167144
481123
916423
157430
440059
721823
563056
520985
716773
24854
511074
600702
448372
101670
134690
245690
394834
281641
730000
257676
495531
176663
829214
250894
480630
777737
234412
747655
350691
300952
361922
474973
871136
330020
546025
157672
292423
99312
978470
392161
563879
678699
785172
783161
604781
823178
795933
713542
78446
819600
3220
752152
721236
152111
608434
924074
492260
952264
32364
884596
524712
172879
192749
315293
561021
652298
893429
550670
601659
876408
360782
547938
423420
140558
581222
714873
522891
519068
458830
898988
622443
337039
729870
414747
886209
827791
830050
430497
656671
316681
84118
40489
928365
183559
905721
943002
298550
788090
369089
152686
209868
968282
502971
327840
587865
203172
768172
989764
896068
629378
980937
873968
131900
578441
614160
522456
207652
281116
97346
21432
910875
127661
55485
610090
431399
128356
995577
630871
824637
656024
950431
743818
827567
248442
416513
156256
516018
153937
219002
64604
91467
856607
873443
419351
233878
558115
697647
386772
678835
193720
634020
311154
752654
153563
600567
457594
325448
665865
347522
379608
201287
160967
438884
159207
704791
158395
833653
780325
477051
35832
265316
592902
757204
439447
952176
238948
364269
232384
719231
398867
413089
154568
239262
383187
327273
315957
491606
102111
467270
310044
847911
767010
887943
271787
616484
690953
407032
754115
857962
130931
224487
333949
261502
479173
97172
298766
248771
944667
425396
581893
631188
903577
447202
401585
876484
103135
513187
987423
245679
69275
895124
100096
903997
955512
510450
641770
880371
255156
307014
29237
21365
522831
736299
156486
418524
126879
718845
346728
120048
554624
843616
623829
627522
996841
196970
129173
474025
27099
912046
72958
859223
379762
19878
951577
222103
214430
195260
513509
776869
935083
795765
609653
652969
125051
501307
135668
681874
374038
665093
602761
133899
925912
742949
514133
910109
766409
986605
521689
777761
869514
674175
35061
457632
73130
871024
103499
527561
116952
563545
904834
627918
674995
627770
175783
458139
541502
740874
626925
297395
786031
535327
54421
669737
602214
35062
30569
254585
874235
66784
450914
644609
664688
293770
865961
569055
384901
74023
213947
739304
539243
643388
275429
926273
833744
501767
870703
507486
858073
373133
275157
453973
374446
790655
841456
746398
79726
429064
629428
477545
549444
288310
546642
224412
102225
854018
938110
313256
958985
275005
100747
726471
563226
638105
507185
404820
470790
390098
788785
468806
218194
265335
232079
777610
451094
599321
570302
662717
586037
4815
366746
317955
53799
846178
735055
484615
778162
78428
318167
181967
131576
584232
614304
781306
116073
128998
201739
841945
975640
874766
613713
85416
734059
712382
806080
608040
228205
931553
82595
283802
146494
