100
10000
458204
597148
164087
886382
347071
348163
310545
681374
210144
521307
648594
325102
195388
738468
502073
205996
552397
202725
705729
244088
354673
288901
83595
725795
325273
950074
35241
680884
705514
260633
867977
770436
365299
702347
971324
574857
762956
796960
271714
863919
542023
906301
114420
453794
971798
680881
854446
525865
265209
707878
450263
706028
284641
720307
763886
30678
818534
99150
992947
313685
520866
514399
663119
765246
989352
12783
370912
19854
423908
531327
513445
865036
464337
309366
234627
595530
283921
472562
666610
999177
793772
334655
67847
954748
598824
391461
438110
352549
201664
796763
307427
558556
474437
904026
55101
715694
5838
277197
301400
420130
355165
350756
649678
992023
204176
169672
181042
74505
352768
209193
62712
156018
704698
792691
530692
275533
766104
926366
125518
949301
342715
818341
279086
331117
574566
900622
913353
495289
60474
172968
96472
862825
454794
396947
426258
728373
953754
121081
377398
328004
861241
605083
31927
517831
446520
140806
573123
98498
239686
125860
379058
826283
749161
914158
270600
238123
849435
977599
75366
139841
81023
778884
765972
242246
607230
475600
425507
513035
670019
38284
664130
251934
181327
394571
659872
748588
374201
257212
995320
172352
342278
73849
73342
879401
38049
848636
921124
39418
950903
628721
557385
60395
740849
125414
179519
575005
968335
578782
663927
264571
39774
112261
157515
58044
597269
918527
143016
659268
116434
3418
387734
972714
873580
831393
120166
654037
958900
594578
245879
590591
76173
827687
418980
438236
358181
727824
378190
486035
7183
186178
472001
744875
770367
925801
995909
541249
135713
892473
131652
167221
380374
431202
305426
217637
952972
362338
206238
265361
678520
980148
591860
648414
47219
638374
441581
184054
398062
549640
403252
123660
555860
701504
496053
53309
496827
394811
551396
309586
940869
778046
339494
272354
197273
650587
281312
35925
682617
399614
40219
869059
520449
7143
511633
862650
609915
652146
813719
850270
89889
112466
154854
212843
550576
151452
785991
993111
14565
95231
110299
169554
354775
885138
63620
890095
638256
322630
903796
438876
562121
994042
720080
940621
449953
72942
813376
408632
439994
739343
662934
820089
902353
938032
251416
53845
9720
568858
488747
633627
742993
651962
633566
761510
960809
462904
938321
250240
356526
264169
20737
281313
207247
69210
831793
523285
562735
510925
176181
159035
917765
46080
176158
867945
330194
587560
500733
691757
957952
220157
242070
228463
932948
480687
306147
383154
717840
684982
82945
636217
148776
710087
236731
493318
754782
207906
864562
186429
802812
354696
908902
45480
929774
690762
17699
480340
538361
229565
371786
515096
718044
255434
206715
231349
72321
944546
231644
95769
286560
558158
967305
173886
892081
138468
922264
30192
636875
313813
390087
148843
651422
35236
790596
442978
668170
241
819353
64412
638106
543347
947443
476217
214176
980741
151821
282387
584557
510871
14078
51264
282925
692549
252827
444403
950941
269636
999818
347842
139627
184633
943908
14338
143209
752804
472774
678798
326188
602297
821
949607
984007
347151
41387
289845
963103
454897
662338
292012
725355
871827
837756
3850
272843
995231
736813
212028
959809
628076
889029
210848
4112
796944
219838
574117
722608
781772
995934
244047
274986
803046
145897
728023
102934
496596
730535
769775
142191
577748
144909
880867
255888
803481
983307
656987
210318
225375
821489
459645
592113
343647
450815
960559
720463
502494
966471
966778
976583
999265
515073
966154
751063
271611
159915
420562
545819
991430
469915
78284
508835
280880
759587
499166
314223
766765
423583
645912
67785
152714
184285
957466
188415
417570
835818
795731
602748
99753
164085
610724
789314
764965
394211
916771
345159
813501
146478
432699
404073
385258
786554
728176
684174
431818
117302
967360
579612
632403
273963
257317
524370
250468
809380
753911
920129
809463
815482
251567
73259
169715
1723
206791
307830
606495
157047
313277
714317
327344
320166
401461
297876
403587
908665
301310
288197
487846
968572
49133
602284
115024
773476
980837
650107
671473
769531
134265
681547
341988
886629
338472
923824
868738
487501
29639
231479
223248
839346
639356
448254
490584
802056
381094
29105
315797
71948
115994
151709
346951
272423
60169
524210
880295
218430
150525
811610
922293
499988
468802
230000
171821
407709
460961
943134
854807
473568
544071
559512
779454
582983
791877
642543
824760
65670
174641
608019
515428
244838
61801
183464
948403
60333
927479
285507
877596
943212
483536
57345
911731
110117
143159
858116
365652
57622
251007
880843
834361
830630
88109
695213
515692
213483
348732
822322
457046
389654
782202
559054
501557
400060
317839
346875
521388
778497
349917
836274
313012
122787
610691
175301
606128
317920
247356
863260
591583
842565
443173
614154
209835
840917
233820
262859
165982
961106
993796
278492
195956
320619
413348
51319
872267
917697
271151
873642
615991
974167
925598
932179
782450
785879
184122
713914
830128
487675
994230
679883
562705
294622
467960
520366
700592
67744
280312
575557
726040
877999
513793
467009
368727
528249
485397
726433
784618
920107
285870
521545
363991
747748
766046
222907
724954
2683
329623
224436
706935
577897
216647
612837
301742
316501
250460
797196
744461
632827
810021
136047
961695
137272
337816
820661
489218
605172
865712
96353
524823
705644
836015
520108
325778
359642
175361
538813
356272
832324
676097
433863
309449
872286
692244
815359
484923
767069
80051
923641
356294
584666
24327
788382
301174
191646
361325
493132
622075
324496
485401
344202
897748
695992
260118
207590
246954
406639
299755
986797
504377
542949
860506
221063
852777
588303
128706
966124
345275
594923
685412
356039
87262
321841
109762
33381
434850
297688
600227
130010
610116
809409
746100
858609
792039
900548
10313
257741
884708
153046
391168
760736
441592
428052
930054
908999
261148
170606
845747
60161
818674
229107
642193
659019
604699
813044
736378
896857
913317
801496
325663
990322
30690
193148
847205
654697
629972
992516
490537
532467
613060
980419
877732
597610
36913
542595
867050
876509
530918
625649
633997
866129
732965
550568
109918
289881
921727
133656
815635
412557
805765
437139
930756
193130
884441
674676
709968
528582
345757
320300
905565
655086
712333
442986
211836
144414
3049
388198
945578
584284
696906
893963
826930
210033
43606
120767
130480
72581
83919
700944
226930
723286
389381
288444
114551
216532
725612
613789
534617
549469
379400
46959
699142
176784
921157
572479
943274
454416
947299
648946
210857
273239
496718
329008
647816
696372
439435
441963
739499
717602
571151
244047
836345
378503
480810
763528
190363
38086
910304
374763
921636
317953
682648
774018
486603
463662
189038
657847
119059
197973
902691
392603
855819
273315
122036
213716
122545
353838
282376
56417
24818
802502
705538
636108
33101
635636
765943
265387
867925
593042
671801
856594
527957
627334
609682
195224
543886
13468
77005
758020
457371
231616
310125
93525
589558
788437
667905
899947
332883
234804
368207
611861
226794
765636
225518
781304
9170
441522
706352
907928
225353
357645
993723
739078
320016
211265
532473
849126
405491
303599
489637
304028
586534
783589
448070
415315
452043
357311
767097
436585
235601
906649
701158
765883
458678
425967
382357
76616
589292
450260
476761
829956
867482
668491
277546
415484
394425
123334
628305
803488
888031
839864
571516
336050
868825
964953
182449
135306
267888
888502
791647
787843
822030
445938
24144
89286
214075
130525
686459
732273
738752
335662
60919
103651
463340
748704
709833
59302
428212
72167
555486
536634
255413
736526
738836
895226
223894
478895
876658
377837
382857
207822
788537
703724
843504
677266
232018
292011
527196
748064
208806
215973
752368
492949
214989
790056
149860
470176
71006
475706
663974
839419
752165
652519
424090
176964
137074
501352
340802
557500
974606
22066
490361
278107
47945
566232
328154
627533
736687
997085
691262
290381
950425
202970
990433
518685
785567
589064
863782
691807
47595
87083
393777
235027
492520
825436
597362
143982
37594
334385
118594
227539
227528
287754
453285
964016
791188
305979
310767
126776
100779
706321
760516
92408
414167
420995
295864
210777
764401
472887
859925
79089
698612
121517
657850
200773
344046
160204
201376
292383
209360
952775
913720
672904
240996
208172
535920
887459
556637
941705
190485
9958
623178
928507
708499
874677
630053
680916
121815
764957
148680
593896
804821
336169
294591
549813
507429
803941
604216
618476
504905
476717
360407
715616
917898
442416
534886
633802
180287
828039
221674
124790
785199
694252
807569
532046
690062
462680
317511
638721
660644
524029
217895
659600
540363
821149
794382
545589
155351
961029
785420
24048
122576
290474
325492
839727
506330
434142
407187
606809
741622
312239
657213
339383
726369
644701
37570
129279
541402
454005
762816
455807
199681
341838
969106
227
324699
835487
858150
439203
985138
18876
79277
487115
332697
5739
454315
447976
683662
947111
441582
815372
702840
133169
600027
107519
354319
862541
945572
234306
932890
476960
539093
27072
641876
114468
517838
619796
841256
584069
236491
514865
382428
98523
771103
120114
598666
393477
811328
514175
369480
640350
204411
536
913577
91743
641288
169985
503005
712849
791928
550602
178163
847917
72331
590970
540671
926161
173726
5208
201367
907489
441025
785237
326775
812856
248231
394521
486724
846154
379894
668392
363310
690136
134463
795761
693742
250190
785735
31923
334319
193084
956100
384973
696009
852847
631715
619936
946920
649900
932742
853410
584203
652296
725707
772738
452968
165223
925767
952755
787309
642639
339667
833432
279970
658344
138492
35338
576107
825234
872350
189833
996457
188131
281547
322108
677567
74748
486116
733030
737329
973382
160522
105640
968425
846158
153391
653869
225556
403579
217158
159157
516393
802856
119385
787137
902794
591714
281464
175384
946115
528191
885775
756021
331823
584473
172817
378318
471737
599974
615697
281408
656832
716149
790383
350684
599252
961927
300143
377544
164637
473864
938533
844435
604060
84713
39244
621273
219784
413979
796983
471119
157210
708265
194655
444332
507109
370866
611802
579381
463324
401282
73325
210723
6008
957645
548920
502514
769265
437575
848592
695496
250281
76066
306922
985408
44840
734309
957618
60819
361282
999846
159739
783075
92437
877348
197073
724387
143855
114499
220523
403109
865612
148836
868413
80001
460668
267105
761705
526815
112611
513954
748450
698331
188703
888600
545521
604468
698546
245709
163491
475291
58199
445450
303111
914136
456260
827499
691313
390943
366983
646036
907564
583456
467845
586384
987442
450053
801031
762007
565775
99500
493315
917193
529302
614224
977779
668890
635554
689122
348323
396030
864055
148099
269160
327599
932870
484252
19887
345374
626831
622299
481075
318324
865
899594
401096
984707
924221
462029
401173
805518
358105
985464
794143
262129
57728
254475
638015
682286
318870
741643
737974
541654
894777
602110
76439
852305
893380
549954
548642
453002
669613
901834
962609
152121
301582
625142
933388
627406
254721
35150
779223
59959
250660
120796
375979
874894
109180
759907
43137
803490
529909
462591
971466
696865
8071
484314
365789
796191
314357
685576
760328
886405
854703
161409
684935
948824
120856
576376
908435
948325
949794
242972
558033
328199
157652
335658
753131
622228
575981
810733
480892
206634
810915
483988
427237
288721
762180
972014
878397
112333
696190
417156
781349
642691
234810
325394
737849
925317
344674
793380
528418
501436
437443
778186
11080
68337
663374
26487
604261
834616
380473
902652
754229
826617
706563
475100
374089
861340
942228
837515
235451
913297
847938
327112
1916
625721
246128
872788
53513
251956
251729
1550
885308
927112
786762
881196
174847
664874
823606
675224
518427
99757
162499
280868
147182
520516
852281
845484
720699
948277
443611
320903
961052
65373
82278
387305
585042
306970
865526
836760
984253
334808
758600
118985
11175
522363
471514
818007
86906
392486
927919
75359
55314
190118
309039
313274
821101
902655
393514
103192
351231
1552
547453
37493
469027
699173
464269
26427
349931
842329
915376
728757
697944
707878
513964
740906
483621
705931
265879
943582
571390
395993
481053
712289
436302
258841
453344
11922
775478
634781
673978
838900
952409
86434
839390
858026
17108
319903
993500
196818
967819
393580
61635
383676
910814
538770
518240
669958
197371
120043
883365
27093
666509
330230
177894
399538
196883
751481
21884
26366
788171
291795
320268
332499
714124
51101
905954
790841
526899
735868
356406
659266
244789
324039
574033
180547
535956
391503
75913
554351
207341
627023
68008
515473
435950
532465
679275
167398
18980
389883
414310
752596
240370
682580
366533
916427
103262
11127
870509
869495
371205
135731
481152
169119
102575
696988
165056
380509
283709
21010
756939
310266
123391
328107
977796
509797
553122
403776
701522
211216
295686
2705
747586
430184
698926
909910
37128
797935
994705
276131
59619
9655
190669
951286
342558
429437
646331
131936
689138
578655
432477
39246
658121
364667
641972
156980
151197
359846
752943
290261
4927
190214
621181
944433
167732
420429
219907
689227
471226
219858
875561
558549
639784
838733
932495
352634
922419
945455
963102
832840
437005
436700
682233
998521
222631
682374
145809
946460
667799
357031
23767
475109
343125
200411
914957
230221
725728
825559
827766
504615
7294
662090
955628
206337
286496
527502
16592
143347
34339
646091
490907
752135
577651
562217
276563
346436
326794
482735
407770
422745
826646
496445
183201
834019
984377
418210
405817
357339
337386
870683
362890
925535
540345
701673
220252
103323
241903
692557
854611
640852
689491
923107
183928
599697
555210
439769
462129
347110
990422
256906
879123
352670
535039
951739
161358
536068
971727
483504
380999
358798
889142
724908
537475
440615
955406
495364
552958
789720
150073
137247
398300
505874
941351
920973
633847
700186
339124
802944
478295
390353
223598
670955
565631
520415
411252
553717
217060
826172
856953
102490
213305
59931
231592
921695
163557
870451
19298
535279
153302
21354
117347
696151
877231
655200
173250
728027
19997
695318
596503
378419
687943
718074
595127
573349
37092
922640
917850
14464
861478
500158
140702
808242
604308
403636
998820
251079
236533
133942
864984
347134
155304
130823
1231
532490
311121
443636
897609
334690
113774
447354
110229
587269
303879
54996
519188
306510
893892
244006
78101
122479
198360
330623
768160
39117
785435
142094
282766
349240
223542
822565
32341
526981
475703
990882
55202
440970
178821
576447
96095
460278
497389
885624
177748
716426
838170
656597
34729
449784
79588
518419
66378
134294
455359
283507
716451
211391
738900
597150
67979
178183
76525
579123
68797
335000
313737
452719
769344
636270
698383
774648
907945
794027
836896
152390
902775
367511
16261
777710
950236
88504
970631
685133
218139
816970
899230
620045
801100
822300
441921
172695
70461
686407
31900
669973
588275
366155
946144
197154
452430
965191
910964
39953
408266
843093
984009
462807
631201
572032
995787
42006
95694
96227
861171
716102
717677
7199
523897
338498
377983
449208
228903
33837
304201
457805
102217
976191
439067
555890
206401
446256
173358
767979
826742
352447
348967
940040
34093
911391
534648
53144
533808
715775
129254
943051
257706
703604
32485
886696
638741
435846
427871
615655
529738
989012
84499
443436
903479
661860
493530
615520
677423
440715
894982
32494
407388
837109
342499
242839
212943
574354
18079
702835
909688
915294
680006
33477
19761
2763
861861
774201
647988
25612
954704
396924
307821
571584
242624
681528
141739
679545
285076
351723
117552
555625
352824
746595
545127
493865
40931
861656
752437
813157
660602
754725
861800
685798
627218
86693
408524
301629
250387
601062
181276
922825
250103
598157
325142
324390
809970
682118
951719
534642
914156
350309
50950
502141
773353
477982
427421
683916
888650
592605
78625
553802
45741
8771
279874
628492
905007
431935
817982
295231
993617
517892
62481
823473
635128
802796
721543
218360
880846
767209
312945
403267
252487
544099
689398
618491
788094
766708
865537
375829
706877
647484
537752
283703
59484
431457
362125
170244
188736
26150
93901
803526
848901
21287
629717
180023
257590
993582
257541
855852
879353
493814
932365
927263
514376
824954
404035
992151
638233
712440
590487
631542
819104
637639
852958
926175
724970
258834
109770
544833
557802
255920
888123
878853
783697
309729
181038
24272
660950
945768
453075
808053
168405
163328
655421
428154
995476
860028
110259
377029
640480
276286
414755
204964
269974
873939
667958
981558
825085
376938
90111
965944
40145
978031
633421
488112
545371
159561
483871
518959
277947
323692
487927
606279
415688
799323
827271
798218
211342
403134
686216
588986
943414
875483
361386
27666
323459
84404
305062
996912
610744
819518
314991
864541
35032
409721
200838
668091
555909
997424
893805
620234
212170
527
801843
579926
850804
793436
247854
712385
301531
973844
689991
794472
479678
143587
273327
807157
119884
415230
642864
916801
427903
26785
256990
899747
264739
126752
465004
91994
324341
525484
406298
658195
460710
565029
38092
668439
828415
52374
462647
648083
669982
482641
372020
532229
274078
565288
292023
832385
710357
685957
142873
148190
750390
156071
301136
1407
22743
107386
617345
854401
118670
994065
415852
289918
326644
535106
268486
661692
184459
551390
261732
193206
21756
674763
724563
373380
365753
178624
267204
120745
635585
189661
577572
539129
713217
735269
210442
767909
467160
720665
34442
52965
639155
27058
408103
272448
534231
307450
496421
898043
996478
814023
932795
96604
152408
69141
891815
634713
249778
184511
199452
190562
431156
67418
842007
620616
568069
786414
732623
281224
210697
276946
181707
6776
16522
258275
326669
575565
141492
232224
892332
390791
555258
471269
755135
155769
486551
650626
780597
795769
285679
140024
999490
44256
644500
744143
983156
147774
155620
390167
318756
826269
374095
620857
621255
853232
680694
258936
421988
928985
515247
554634
888928
412308
805989
779725
345717
879747
918108
639080
802753
550870
76307
59007
731195
5910
909122
520466
861888
584079
652867
589619
950411
543832
681357
188386
251332
879680
168923
923271
160431
545815
456363
932490
943429
22934
935330
415378
984608
407468
112332
462681
432591
885094
9858
31017
334858
606009
785252
160565
450943
688687
82566
382166
144138
471468
724136
171809
904644
553692
837148
145249
262578
411260
256652
657142
741343
992129
526100
997449
54084
750376
782475
808106
412387
465051
157791
878409
703347
353277
370334
668750
798197
177619
868753
952597
515365
34318
882371
83337
210956
837177
863583
469788
220018
747579
716663
195680
452785
795210
759777
567749
908069
290477
624444
423984
223872
471851
786832
233652
271226
102741
643220
480239
142309
455341
252489
477892
3294
891186
577603
975664
498463
780873
737287
969675
908594
913481
317136
854749
77504
871523
670252
152923
691720
119021
193411
452157
756843
716169
357688
138429
440419
761846
480104
487853
242708
354803
335440
304053
753339
779595
855499
61224
279555
369986
588024
580611
843702
126938
449466
667521
678929
441858
608921
380318
787568
597916
922054
995878
145640
744553
490683
161080
100595
560084
436865
868444
698438
595032
787467
531134
464319
617998
46336
472007
840762
584791
452054
309143
754051
557026
316185
984033
805029
816218
81164
627682
597345
245423
113446
732159
966267
195136
999869
872314
404334
787490
301249
712528
677567
83664
861918
584755
138478
737775
271045
418079
933449
228732
313797
186139
59100
239188
890451
284686
347267
966495
859560
259196
499424
393626
977481
859163
921511
242688
959458
100886
604310
514901
829708
166237
20994
67855
493166
130407
649101
339681
828991
3013
470580
135013
214249
289380
83205
359525
61897
278879
455533
236677
501203
911679
109231
170193
805459
407888
501169
162271
224270
253217
276081
168609
737735
114839
724117
548361
185501
523310
129183
465625
78482
888974
520447
329990
69862
413574
75330
878856
194337
965159
956585
867009
625392
285375
231636
186503
24679
503345
130269
982224
466149
609198
955714
315705
391189
443986
440058
992947
566033
568349
439336
776650
166305
200460
626605
353043
9120
776787
579928
42162
615103
754490
312121
41221
530019
533969
698067
615473
489322
22737
710639
451975
795211
132881
777485
656658
783835
587809
680886
541887
114476
815559
227821
460713
766352
695956
424771
467841
1339
956065
129738
129687
836358
489643
178465
264071
633744
675529
699374
943042
167679
105030
781291
288504
315300
677599
42775
679519
699517
262298
203916
734819
622356
682048
102512
717738
601860
210938
265797
382915
937755
859460
642588
224234
224411
364176
375079
360058
322267
635385
134251
142064
418507
122914
392276
31959
747925
385835
592802
266646
160542
263503
481538
893202
959915
142173
9463
54337
623905
434193
455735
59852
619301
829135
270930
154720
15458
482811
454669
769746
940520
695479
35149
519852
343601
891706
244527
49113
23104
770954
792437
152360
995299
418326
905178
507776
729047
629682
657990
574049
744586
341039
18333
416338
549499
813590
20785
455917
99453
576129
780248
787395
836123
673751
297177
373677
696790
602274
59520
498800
905994
673551
866897
496652
822895
403905
589145
183522
34618
122578
86943
593599
422691
508903
172730
665865
183106
350830
529084
988100
862995
69239
171084
390530
516056
444588
197074
967077
189278
729262
535051
804946
204887
768846
653308
924276
575270
497573
294147
785834
109114
439953
310216
771022
771346
573452
817235
454179
45278
842666
453816
154650
604102
239343
506541
847297
821892
287434
535292
830473
613036
663346
210707
280882
786060
79516
352313
352853
887278
64598
146907
398926
859450
623427
783300
10755
870968
697907
630188
828630
208372
770783
826343
648739
104122
80126
931518
268598
734593
961990
182619
219084
713380
645826
435805
359364
431627
843340
661836
97059
155048
911080
832294
648960
946973
79613
105688
495058
382203
953969
176904
357076
770086
752991
532879
928786
287892
483960
503428
846804
746932
160627
798964
444196
330539
2098
985389
973884
340729
98867
812793
180049
331515
407343
97897
355766
756937
388947
355015
812527
520767
846744
862637
497939
42073
475841
888947
157596
459256
967408
538883
646799
251009
752806
211401
41602
421221
873686
105735
62031
473723
560484
699525
757460
37384
123647
796517
902115
352097
261079
9877
860109
110248
333053
113629
348742
739890
467415
114072
804853
788361
812668
205695
730779
107853
243186
258721
133533
316469
379969
44399
252847
637811
47987
748659
10271
213046
589227
175713
95099
897545
156640
471686
325857
447768
271156
953245
31329
628691
779189
579329
876816
596331
203247
494460
933484
683066
701611
615357
111399
277759
16841
977064
94482
833926
983541
817288
954023
733094
498249
705248
646963
422500
670015
855071
879774
51382
527377
35121
390168
843234
475375
922418
678562
669699
742876
886397
225910
548205
808678
630883
61077
354792
648576
695
982187
894105
246910
574854
716896
110847
235307
216997
148029
184152
996746
632034
978105
965604
514152
260700
876384
343489
514970
902895
785183
274101
34073
786311
474734
713611
340470
730646
639834
57876
252987
7136
142958
281998
614432
234483
963069
420195
749735
1013
724495
950216
612885
224534
408422
850566
286861
50020
326635
77270
572106
124924
382010
583268
156280
397086
241159
945206
383344
119386
499563
266598
96271
106663
385935
831051
687089
702611
6963
569078
200399
828500
122908
40152
169778
385404
350040
563905
137491
647819
345967
598595
503826
565598
559080
3509
589198
64966
328309
129107
438823
209524
194364
51203
373710
899280
327682
580402
238789
856040
138166
692189
14712
283781
512216
677548
986360
76762
822404
173432
747088
566550
585503
589294
17798
356312
360157
782667
650160
295298
949804
785607
676783
417830
248896
83086
149261
910430
834172
483049
570095
426616
317114
829884
201782
572237
196151
937640
273208
38643
583390
815376
769622
581064
558703
254585
372986
918767
655180
30923
860336
690007
261344
81908
111453
6903
612972
637868
244640
645526
617519
793491
511107
660486
885234
340790
112477
768049
75885
875184
601288
436875
284761
48813
105467
311143
65043
105546
633091
935782
479850
575128
726883
875657
866309
961536
121924
909480
825972
573120
9050
135932
885905
327635
619094
166742
162194
502511
871873
858035
473967
992744
840828
652134
273770
604722
991825
2869
956032
99204
279989
578625
100522
675927
584732
680284
266128
386957
117497
499455
18443
316911
522065
874835
631893
336783
156091
344429
672080
911436
807670
290711
741231
758516
508391
213641
102853
16772
815469
734327
25000
747274
634659
601860
997185
611115
305265
973780
670196
986305
129295
509247
139878
125340
611736
179169
202863
319274
359366
162446
707614
37937
616400
321443
257699
366456
165853
390391
620061
744838
742435
787441
402753
770
572705
662003
735267
605433
515573
502324
881380
74943
677531
246700
572729
507500
854914
719400
699156
413512
811980
452413
908849
129729
394787
960921
569278
807576
514995
698101
767591
180252
586375
222118
848062
168655
407107
569107
559300
77541
233660
771905
573782
950314
401519
991050
390839
82947
941861
730093
883254
761356
237025
38079
343420
656161
441602
523518
114676
438265
191164
358021
26455
45676
461165
805852
642131
63317
673119
729447
424471
364242
497881
311423
417150
430824
96162
753822
618581
737412
924947
453748
883979
903836
359255
377686
568564
264180
604547
393430
22713
474237
736204
89709
601952
709399
737577
792789
25076
180087
243910
488436
429905
663780
477729
344626
338830
962332
380357
153387
3591
367635
380705
396224
215493
147227
641349
141000
96589
111711
70584
5156
918082
497865
172344
208497
59063
57796
202447
574614
491093
619931
446478
213692
460901
940032
964393
932830
501563
256105
837294
138102
306560
284181
390564
553815
402010
26861
636604
168473
391162
810821
995638
747438
830209
276673
402515
736787
443920
569620
5554
82787
240107
595236
828426
245637
298312
594826
891715
755398
967866
978037
335729
888513
784501
7150
147502
713531
655677
708598
248978
397771
365168
297355
479633
826806
175980
726026
146226
689241
724382
981166
5224
677055
553512
97014
990415
620947
485934
101157
818692
844655
563902
649187
790433
51794
929433
170817
119764
77873
807330
455322
511451
754212
762210
597780
184670
538241
845558
666630
636456
469894
683990
251380
640003
203567
679234
145205
618544
630824
697739
371830
278848
860445
397243
434071
521874
89837
80418
533746
422249
995516
290430
31101
820777
426791
105094
784133
240047
848275
780307
111770
950218
959518
749483
634186
329881
604663
771692
749445
98753
701194
732306
88992
221963
966291
155877
140277
669529
574036
774658
417959
359427
500130
214339
235779
272339
75417
77006
179010
881624
516015
653815
931115
67435
35046
624531
854549
919932
567451
759322
1994
167639
976892
72504
383559
257273
565335
479344
269345
655369
946573
292077
802625
594165
20517
203367
860880
771498
70908
855214
715949
443439
977563
143126
142363
498079
975457
569600
587960
620801
920287
299712
783016
857862
424002
137776
279313
603486
834091
176529
599102
119223
424603
233304
846823
873619
833482
710685
194184
957636
535382
491932
197037
345287
251993
237669
350543
768443
717971
742758
978264
24316
453574
694995
16259
800096
21729
487215
101343
127693
952468
417466
366322
616885
142018
611255
583162
544560
688021
130713
494671
708469
866347
149577
575076
170932
708845
622039
527724
893906
33409
833786
942553
517825
906709
313093
798719
434043
374300
329705
649176
254620
680662
935329
595296
142938
630343
427070
589537
691170
237641
804623
81545
587855
806461
481324
132982
291337
210013
194591
293204
161784
486445
791920
547102
355428
59216
518284
949888
575979
223095
886737
334237
481117
246772
522553
830508
318200
406381
374112
668221
767931
996844
20531
811866
808489
251730
767927
785865
643932
662187
980019
632237
31490
347741
716092
621323
676985
922619
656667
787819
280899
502711
62300
598357
146534
868723
635254
662394
114467
448056
542674
666613
83920
851008
161530
688614
170772
154413
297951
763966
540543
74525
857606
82522
246660
389077
936913
508166
602259
905690
420134
488290
741079
42526
579902
649442
873737
750424
840844
140847
662127
358764
121927
239915
265845
345162
495574
857361
549286
778835
922520
803835
82311
346997
552653
875582
64592
950487
163044
503472
207432
276656
396065
703498
283004
746803
844906
739816
716955
679524
694063
400045
13297
772750
200692
722755
56126
656973
694973
282432
191923
921094
853461
785764
635976
145719
90746
447807
214012
472169
499176
915439
256618
533378
446464
214791
531525
420279
241301
500108
111088
550366
685140
236441
569597
481697
565453
589922
991615
832271
703394
746261
344589
96140
250443
428508
949846
959913
384387
520831
68252
880142
848530
878439
750351
939668
723768
230462
188743
39599
702835
495665
913372
4873
936493
898071
981797
867754
48134
313451
31820
639378
626809
11893
394251
74281
887981
430280
265733
860301
249754
584292
899587
854923
285078
303291
65545
198506
614204
848401
300245
735648
202231
256764
213811
96744
36976
827019
230464
90475
452882
423299
35065
300443
906550
406789
50110
934111
258608
601611
652329
373736
719349
784401
865349
921251
261224
902032
141357
95175
252415
163813
914051
672654
63830
47697
787017
910080
690064
613209
498591
449386
901798
997070
667801
259822
352782
504359
461372
530292
108744
895434
203734
444798
686663
829354
689655
453530
268859
61705
674768
859056
414583
25439
30694
638203
612548
142355
927282
299413
852417
835942
421464
49514
857781
255215
710914
345806
656307
226816
340441
830571
57897
76200
557536
677139
363077
300562
462444
84084
433987
727243
812996
560745
629976
855073
396945
79085
678964
740582
761537
67818
784504
149460
612159
707952
49972
716107
701063
485761
179035
45749
120808
347528
101510
220810
859802
694506
968673
13423
715897
863606
499318
67962
404702
64310
89236
697360
303256
749927
506139
38192
945548
782788
107943
387080
949798
97982
658071
358469
583483
716489
190073
120360
473213
308752
66324
342227
853402
519881
431505
620388
520049
471586
707718
734904
166257
178394
672992
881937
61328
938477
381741
774226
452453
30184
774916
745831
790628
650586
170321
278273
601715
460587
478593
17087
536365
405382
211014
361256
27698
335922
673607
394389
986600
662591
589992
836396
603027
231643
424369
268678
518093
205572
286365
611762
195490
724183
946177
506003
261962
209864
663895
65572
264195
934507
765159
883228
375115
893550
1361
651949
375223
747177
454521
319974
177459
115342
751631
504440
682199
461435
658170
236117
315234
701743
718112
832436
226709
986136
813844
380274
93422
864074
857053
963218
64128
789900
653343
201957
669547
241485
743273
581
726078
678324
768858
233979
421477
713877
916720
826496
195216
245183
834095
187553
87011
96626
984298
446267
769875
948590
463600
430438
596452
210470
871126
392686
694460
501139
281694
484989
180578
64102
808577
170964
205657
584853
866782
757560
650387
67991
552575
655529
67988
661290
230148
283981
952676
954193
832942
98860
280304
259036
67210
515604
83006
83167
829687
680029
532491
469765
65046
30279
930116
570557
587854
719807
139293
587218
763129
924929
77520
112920
267887
883543
778933
990786
314669
792831
463546
786193
420577
393898
986048
894375
49044
406113
367123
878330
749300
116227
201347
326051
5373
682793
92323
495510
879428
130986
243742
15532
885792
505338
346673
399260
242549
626093
175752
803337
951262
598106
328313
133173
38070
529370
390615
740499
262788
879856
836468
727929
718401
381186
852023
914804
771846
627589
730261
863478
645654
585400
232879
394090
278150
956359
56456
298600
914629
321231
400034
761924
785996
228225
43956
127489
852643
865440
577161
998947
527692
418916
606775
852578
302352
622273
5947
92730
317733
120577
145518
236896
819833
435278
95782
705615
260894
266636
271148
161023
764434
772131
308693
881079
918441
757850
435711
247418
375193
707934
252202
744221
560546
52131
115440
730232
400152
961890
85410
144635
652047
833344
7809
993496
643937
92047
403478
226142
393182
201005
956078
257510
388433
71434
454198
471078
853099
547528
455471
4194
845711
572539
976333
955331
110585
150799
477874
927616
614731
208649
569922
11193
213430
135654
293794
276706
344385
422431
804434
155996
795065
114958
817764
125151
506742
436586
979865
150164
152901
439087
438295
787456
860343
311769
69064
148954
646725
952078
86801
296573
205726
448539
905837
70136
915152
959319
907750
720643
436750
41764
417904
141517
605732
106067
3170
795376
358580
541351
655697
862854
889451
788850
199115
258069
47366
977372
766061
356005
894907
970115
621474
251379
621253
290620
329336
376190
341391
83382
496992
848126
819452
729983
63170
305460
515601
669345
916283
392285
162112
209252
378356
162496
860754
407543
456736
186791
886703
225385
534161
445098
927757
167570
267128
992742
932275
90831
122551
389005
967465
66089
596325
47063
45438
195799
772189
586391
368822
787674
763011
613992
216974
505094
229909
918150
507564
403425
712489
36537
996584
325796
736905
109547
555313
112990
795303
812763
944093
313976
266687
578090
178513
16403
999944
867027
899209
898125
687190
4984
323269
9827
147983
485975
652945
802865
935303
736667
113583
866708
325371
474127
694562
329328
228903
717613
398874
702349
468868
764821
243127
324764
913826
646553
214011
45016
266141
410549
602769
346504
856127
886492
662708
447201
497778
709997
533886
219015
591200
841796
867790
555316
721705
462125
58388
838834
13312
891700
36988
480898
62626
447128
888116
800671
419252
984670
943452
103964
129337
462849
294217
360682
86061
879303
937526
176374
601472
637870
797128
54831
564594
733894
432636
258405
637767
509080
65008
257933
311784
918084
63499
78241
35670
765673
3913
639268
28939
938492
116902
505731
528559
265339
749734
325527
86836
995068
986559
723911
748686
808095
97189
22411
309970
757602
505200
808395
78698
238227
425643
422245
501299
369248
54203
596558
106739
614602
19690
520080
225658
112056
381327
151089
445140
60264
247388
888756
960103
477632
836548
826169
213872
689091
811974
28799
872596
352031
80411
287114
310374
408931
917240
995296
692404
556749
60032
275565
14030
634113
907850
797382
279317
99094
255434
698058
356859
148299
288798
752101
880540
111767
639287
853102
272696
985310
528162
260080
81421
888767
831154
200582
436749
27658
893644
763359
108929
294799
459791
12514
194362
500242
969246
694699
259695
248346
484747
792434
181176
815401
946273
323533
449446
909765
362510
925324
433852
633589
885291
823618
238798
94280
968426
11427
304501
460750
358555
858505
10989
781802
306715
126225
130443
95935
586393
379298
998685
276616
708038
690381
638688
870724
871577
848464
429848
237838
354940
760565
431888
296970
964438
624856
852654
543804
636598
607237
215154
283890
603736
684351
33931
505186
583639
623326
748310
697678
653808
560400
835060
980835
569391
138816
171078
857570
773561
179987
252104
804021
566965
729743
239239
646883
421143
867670
800064
288671
756041
126544
480855
388091
56184
868136
488816
747834
435641
28653
737582
886786
427287
294424
825094
281520
756091
935277
828351
424454
844854
348218
482760
602240
874413
27964
453749
175492
646561
305633
598680
489719
466265
622633
500216
985900
43375
948198
209649
856183
343989
848674
85416
534752
952194
183135
931944
463347
220508
360057
612446
983668
42947
252328
933101
168817
378072
702306
639983
567471
254633
18717
691337
831302
918298
248498
546986
423177
414640
473309
198624
986013
146749
50017
533271
225835
492452
648008
870190
485488
73096
255112
855543
915505
163733
151682
861771
893260
388074
663715
529672
830890
179234
39021
224041
261521
314750
697872
947968
694870
466160
451890
850834
380975
713287
621966
214671
368167
87602
826424
125356
234346
561266
524286
87455
125376
442400
926827
718966
543383
318616
686501
339477
20216
770305
534646
320778
29404
619258
69287
686351
380824
271139
664008
624155
579763
334597
350285
699429
964120
561503
380563
694006
846055
686670
182208
421353
113893
593944
492423
501058
910100
332949
326539
268009
940446
892410
130011
982530
244523
226179
698780
812522
416402
797245
290564
157775
933995
734829
380674
767916
330819
77344
542588
286240
291497
490128
889904
232362
883493
962800
980028
679491
633864
931413
179897
593816
704991
276992
13249
868643
20993
554380
735761
763941
988808
912880
954314
770498
727708
314994
640722
977336
767338
791465
941719
863229
96500
909549
620851
714229
841667
334109
203627
223757
150775
93516
354514
599799
209279
426121
147339
767810
209315
281161
818348
525205
13502
729779
110781
571208
254730
665032
731359
154270
335572
922669
765705
669859
4430
272791
584814
467230
155203
697490
215163
714996
303973
141038
151484
65881
843650
384390
104798
336947
294357
16622
844687
631757
154553
834424
752898
400052
595768
660899
317070
999346
38722
534818
704182
569700
545017
527044
511043
480506
68329
410820
789966
488267
140117
475311
312218
490003
801837
317038
202333
209546
717659
454639
941855
111905
359676
306740
498236
767324
222572
248248
730884
167239
15354
702201
161025
391446
94651
423271
91160
792797
475642
963687
969480
963560
822093
35524
638736
393720
46978
217843
128237
757467
529401
62401
79809
690726
586379
594907
571727
335634
269096
72761
594467
73265
294591
741033
830351
446859
457366
469876
715983
933145
655161
591791
919438
456413
243151
729311
696194
519644
775112
776073
967858
189498
850226
311958
752087
964976
395627
857312
72864
170859
211505
600860
907728
462724
985109
568996
443395
289112
773774
521311
600974
490948
837930
909263
8835
628223
691871
453558
823124
433620
667008
922278
107343
950522
244491
835876
399687
872594
318367
415352
654739
150844
280587
603412
480560
354005
959873
94
493506
995473
630569
841564
427639
80434
225170
555451
655308
481571
316675
251004
191209
986035
153840
533116
117224
744881
870664
124894
836276
35104
89579
836887
552971
175575
152185
195221
605157
293496
589126
618509
517551
174026
367145
998816
438960
983542
325619
761513
293197
27931
157501
958949
754535
406798
856731
716928
579682
89265
928685
829560
481985
976366
589779
130544
961069
986065
820992
721171
135893
304384
420072
685859
453551
592855
550099
751325
763356
441956
518419
480523
755177
918652
748114
895654
215665
95928
589189
454565
666721
809936
178813
342246
565844
279633
235804
472568
206620
333758
13988
649091
326114
310785
872107
111125
489317
402444
808363
117321
512798
856465
223606
790230
645764
715610
161670
751409
364843
498757
631538
141088
923656
134880
463101
663005
136783
908381
46345
626274
986493
627826
41961
825623
72498
157648
9556
872214
536374
176765
705397
566935
11356
570064
200030
571901
193796
321353
816221
902844
403322
840266
855655
31781
123643
828406
814705
964047
977880
661669
640414
344996
141236
514753
223379
287877
399975
105984
584678
81947
645829
867710
4724
398139
510457
9334
261585
330997
678538
336348
272538
866490
770624
264154
285223
236199
909279
691750
380509
987122
492690
244221
943264
533040
586596
66622
909861
954432
805159
87397
419813
538392
500471
545506
939821
103914
452824
474965
342867
326642
138556
608425
471747
855455
857826
27274
538999
838555
54296
302340
88197
688569
880353
889274
727122
808378
915057
705471
887780
741308
487509
412629
305152
110447
830463
8164
537878
674079
290564
113958
359271
301374
872835
801754
795487
643012
418925
95129
729653
799753
635428
192044
521048
184680
726959
571960
888759
474624
252694
963220
139053
275476
477344
396859
841416
709074
783655
89757
71157
251121
18837
461008
801673
763187
904637
87140
542254
408970
800920
405779
695976
555607
695450
792087
126467
409997
574640
432150
830491
183028
361689
923065
796551
22154
737374
691546
678307
113860
168815
704283
998649
673714
585116
385108
902668
389376
859820
473252
8960
252248
503326
512681
893289
95013
258682
388618
698286
765683
570898
204913
607002
302834
493786
228502
886079
212250
833057
374967
95943
254952
722219
560036
969240
695558
533677
381430
170659
965064
30629
815520
560586
158099
30291
898525
871723
15896
109271
188041
173262
526526
747816
35468
605479
533726
662958
19249
671303
973160
433982
926932
928550
5282
532143
208762
632709
155729
576925
269371
775107
1072
887738
799450
253054
997597
932236
224821
887268
858771
190343
345943
478101
636242
767047
845995
365174
934875
887337
784780
176661
879127
695431
948599
239476
407064
720655
672162
859636
217975
891840
888486
733536
920731
536640
147607
888082
927131
439068
567220
117574
361019
477404
412474
899897
763283
823106
862931
233789
811662
442208
26156
190492
577741
939923
283364
255078
69163
169567
814559
145306
325660
94824
794491
796333
820334
944523
524570
880249
324530
498135
890142
458501
367412
701419
747636
766189
230629
95981
786310
847278
268954
558180
970388
304144
693165
457779
247965
586736
477185
868851
46967
4841
411044
480172
886462
698847
577741
966895
594281
874344
578500
351186
469816
996054
40609
114313
204298
281509
881516
338269
859339
527742
826851
698828
242698
284838
747931
357886
781032
744454
441726
472735
130156
813975
852915
133149
870580
300585
116379
791872
226310
371153
931062
999712
622021
575405
48038
398472
715711
353429
204684
109734
678115
373920
252047
701739
656720
549904
132539
439365
669128
487643
41093
961910
727363
830359
303021
496017
851296
451457
435644
184209
370870
423657
689645
562134
861897
659774
565096
971517
85337
313458
526377
597338
966996
400585
837183
400917
962603
876676
642673
629790
592129
820324
153147
29774
735872
791325
613686
488540
144582
999833
927509
532536
17341
890725
910411
101127
950217
253692
869195
853308
393754
274606
880103
533647
414241
886893
961242
210717
229406
795508
162337
960668
475032
954325
481603
476665
721062
823005
666930
630480
185899
109413
779658
278087
435999
277560
131126
310088
240903
534364
201074
542681
346247
932863
524906
249753
538702
577407
32513
642073
538223
669398
816495
174868
495568
400545
204162
877197
162043
631563
337477
38724
791058
783322
279294
662996
921503
133654
829968
251500
947721
547409
635201
456424
917347
874520
75990
408331
296671
321013
359771
394715
54880
489437
884095
707801
849197
479165
533339
320988
897857
300124
971731
106249
413695
533484
236181
278321
852290
37491
581055
889031
810323
257873
766493
377980
419700
909165
283856
675001
458137
529792
275210
701816
217142
807805
984373
980416
849779
23324
480883
844731
221757
204290
189952
990325
722934
904399
659188
997043
768076
73347
484965
671534
64999
567501
20586
853931
222716
875826
458490
233336
304959
879575
636530
865093
817845
968363
703413
540
656807
919987
51246
519422
306867
49715
982385
684444
792124
109494
748287
706799
632449
542011
714216
878068
880203
138236
616907
698311
640832
540187
476665
238171
229269
543020
293368
493268
849697
860313
493987
112513
854668
876982
540527
549049
763558
60962
63176
62993
58708
456470
427481
878519
858853
516429
784683
112942
482306
731024
188005
993766
242628
834141
48753
465399
490272
115315
736639
29114
631549
616637
819427
898564
240231
576280
297178
737024
881051
292419
485546
927912
829762
499682
389415
549280
809083
729391
7377
529071
458705
383550
117083
167834
427660
284523
986887
514527
903971
490658
261292
849035
630927
221130
283354
966840
298938
537103
202644
447719
262358
90506
965692
479029
107723
850704
66444
428477
120584
691668
764288
70539
620347
586937
531794
886200
489563
849592
248989
756775
338466
980395
377379
683930
666137
543860
454378
342130
536395
816204
482945
739521
398171
612524
49696
400846
543538
264977
597037
130788
22608
789360
251995
672407
943492
235958
950829
766356
266998
232122
984153
737828
429602
447362
152775
710717
419103
416047
127608
4869
14813
868934
691140
640164
797614
111259
54587
791236
579195
1116
816749
950696
997527
546295
212870
316198
783472
676329
70417
359170
993441
796452
772125
809769
167589
616477
385981
317959
549799
2543
248424
869317
65077
443695
733313
626274
959826
178125
623474
739309
750378
260067
662769
763804
881952
251165
35941
493581
4164
492806
301729
336406
87648
413099
93070
799434
802097
852461
96104
189323
801267
730089
371167
844615
883541
473660
934621
179793
418764
784757
283751
196124
276612
27739
184797
953366
345712
494999
943451
787359
993922
296256
931842
527908
142967
325569
795217
356892
552906
695593
973740
413983
673544
160335
231039
14878
239043
34592
18044
515907
243296
864903
972224
559974
648012
513847
322323
914536
777931
844440
514382
566320
466417
898699
421143
648384
504489
42844
211016
922099
639026
380931
534575
496597
153578
706071
850926
222303
580995
783568
384833
485965
897938
982199
177759
587230
146694
314348
386362
296424
616373
39828
162849
928213
762386
454621
938757
390206
365179
254063
81881
724514
531631
984752
299282
459650
399581
906676
826830
900125
192279
45568
209553
102851
722405
799865
985450
337880
783030
948078
922036
592936
18482
845439
666040
854689
452651
408488
34416
722161
515249
154413
902502
949949
172612
750692
225211
230907
932324
63130
468356
792236
808645
831907
705999
143225
771807
440066
189251
642857
682913
371696
563045
987773
975685
293709
483511
385449
762175
441248
966587
488815
708623
924045
557397
587544
318838
879570
846
606866
558853
366845
764981
791841
315600
924782
854880
568451
661186
710596
953296
540645
889866
966951
783346
711739
834803
745138
289538
651520
524306
804795
716106
183114
970072
36416
991497
764104
950151
982575
239215
599452
25154
969810
305475
346639
297341
540821
753319
891573
868819
802997
345460
653918
650870
604359
902335
556086
230016
276770
551549
960442
825256
557291
172419
764887
781073
785083
107557
274913
672253
710703
501376
875052
466655
934091
245140
401291
761294
995339
491529
846627
527509
694472
99474
698987
117031
917572
660207
316418
840176
820946
517836
191532
146054
735524
5319
809194
977406
574515
730319
732726
183324
851333
186152
445976
202146
704414
422411
390056
231049
363845
36841
134817
158286
668401
700240
771741
880803
981201
210343
72498
687494
214389
316755
661289
325551
911772
160252
445848
590883
978394
797482
815131
931750
84710
282633
3315
678349
976446
555979
250362
851377
758711
128556
825858
343040
375140
83217
864522
640621
937698
230922
686044
228872
513919
138166
880646
922792
622277
555462
563379
599044
529254
552026
31973
674081
887429
439879
149393
856038
604511
362362
101014
57867
635796
409078
868891
470384
240342
820537
643141
636682
125805
290045
846995
890488
124388
853402
364118
949491
376467
919048
222415
259236
242890
59458
885479
125968
932311
964807
526341
681390
192437
15610
294160
225946
552721
336938
356673
289634
799097
306731
905763
116029
674404
460899
239658
9499
291352
684769
683629
936470
857916
442343
497026
612296
37626
628296
256117
807672
184336
620908
7780
97004
50868
978417
680954
720994
571554
336108
801222
603417
214083
980237
916407
150538
81595
157729
642871
153588
824207
19248
606944
402901
673330
278854
329247
54260
175787
653583
246564
237275
558372
322459
270275
974627
608785
430082
865450
575015
113146
407073
679103
284762
981159
93570
740438
516917
324584
221850
411660
945737
765822
631467
546179
724914
5865
121162
491450
914156
698127
265531
447623
900223
593094
113208
362484
751062
707838
360209
992308
113454
939534
843373
20864
818346
204505
872110
101843
864195
758557
228467
147646
103324
776280
887351
58216
825267
103895
557974
463782
328755
429532
499312
367923
50215
431979
622310
235852
953098
514417
677506
653547
528698
6226
860851
237405
878794
510157
352373
791554
426870
709902
978127
365409
564210
332305
291638
622501
778715
772205
992783
903097
443535
363205
720914
30843
835480
206022
255690
691231
778435
634653
402552
231011
534543
122425
946839
990506
687873
208952
92539
368632
90965
923825
339795
863945
408910
837021
179597
503438
754798
731362
793624
125061
910594
714237
476037
571699
223701
560012
348295
319745
761861
396214
424729
939633
32754
350328
671103
816635
572242
287180
980708
92360
522081
510071
664098
61386
804342
963632
105441
373814
392689
914088
69846
79647
425361
835323
373037
583920
186914
391217
84482
957702
432019
365744
375816
306408
566245
179650
471436
311268
783744
973695
46228
630855
31904
841175
580897
485752
129196
360382
505748
55537
415335
597108
679981
339803
265919
252784
512814
981830
815875
502696
346590
972226
988018
549440
551401
735708
627758
572044
97253
66488
454864
971204
237935
935176
121173
530563
981492
261670
284405
138492
896076
21396
322836
19066
801216
197965
67346
48401
796140
514311
79933
50790
364351
60936
966630
763864
850848
190178
624337
682634
609579
70989
849414
682255
238169
504415
728388
650608
639870
400298
185237
721372
989739
432370
776061
481069
409843
161289
565964
8723
65355
893193
130835
423583
776139
111278
641907
206254
961297
310798
566480
935088
744709
477813
781093
361044
890870
169121
56882
292178
731171
823575
274960
960468
866134
1376
928676
122626
996267
103779
480498
956648
672559
539808
604873
815431
491044
861318
88348
776821
429408
652530
609329
388273
63188
834502
745522
965575
403818
298401
787489
135196
891080
322496
383657
645079
832306
425265
129295
892780
518028
719023
592072
399558
496636
462623
50723
428689
479150
103846
172711
502433
911729
39013
220407
874690
978815
99218
834610
164573
361178
205236
287832
491523
754193
380538
575909
213401
112034
610553
539330
196640
940217
858753
666769
425120
641495
171290
421030
109873
813582
339104
791126
163238
992680
803896
264807
430486
409448
184686
815334
397576
26536
197485
109080
358842
418849
669466
761864
955662
97353
369293
506495
155346
464855
943084
191506
815531
328418
336230
75221
841949
706151
421769
773230
249592
50345
732993
553412
948195
373235
771758
827349
155198
710969
506976
126503
848759
939997
57458
878934
804011
911245
621248
919436
90486
478473
805638
148687
474841
371522
419222
878773
572935
762078
9397
711474
409356
689880
56595
21138
735514
821125
101734
572034
796210
242289
864290
385736
724011
879336
805975
287827
196258
565456
902694
899756
72895
574196
290209
826188
42015
847323
82239
362760
835235
228311
783096
490152
741845
355546
782851
270101
329522
800321
620074
407792
617496
852149
337158
109183
793549
105511
278941
804610
42729
396792
865172
344356
761314
422843
955282
764237
333426
249298
18228
430804
864807
460916
208038
125138
712966
346833
957412
161042
955293
821324
598862
387748
428132
615271
978081
989904
867663
364157
742552
398056
152499
262056
695326
386935
305426
522307
857134
253973
487429
581833
76489
126300
380229
869724
164307
336053
269845
78626
584267
965900
985232
137674
996197
334498
310923
404652
22982
416704
603686
581647
226459
523017
344500
200772
459287
742505
924292
926767
211847
521962
422028
710245
391763
979749
894321
598385
732051
10901
191094
261809
923787
372423
75518
745630
908805
373613
535231
817129
128010
281042
944453
905984
606396
86377
599776
85487
400851
258494
712684
468644
266738
917326
445563
199243
193445
867314
685665
747096
650745
755957
87515
876963
550072
631687
41628
682092
745216
373387
108214
196672
477503
35275
832866
415989
486542
630795
251436
288911
131494
643195
541053
149701
534339
137669
245894
54621
134868
514887
335367
716276
514523
952603
56697
421338
752807
106705
156254
656922
443116
359678
346531
562647
511868
300013
231790
116689
48612
118324
215754
109703
708773
269986
601644
770167
72270
268309
548962
240833
400819
480680
374679
641961
190667
866697
733317
14331
280171
447592
571831
983497
407259
516875
733626
217552
592018
402686
191136
701113
635284
899112
908144
378619
802788
544442
244461
243357
903654
147712
574081
716249
237014
234265
46918
435805
941471
264900
666290
423403
680985
37008
714524
680159
589666
967734
830191
128913
120215
752642
769322
467472
104112
312683
553105
339663
554806
510724
263156
952092
836257
513547
707673
211595
774162
812255
663880
14897
220201
632591
804212
719564
765892
643918
802817
98816
192277
721090
241270
539708
179231
343675
198145
519099
242829
441601
793505
580775
589359
537222
568884
921432
291346
154810
39133
656889
273978
472317
462097
972684
203134
251568
340351
500484
569664
27493
174042
77263
28232
849396
414532
483767
693309
929583
640408
152478
726207
595821
79380
886695
300259
528899
895841
65908
792908
164689
918913
122633
767907
989240
315220
537807
93810
526505
986055
645045
883490
487705
95258
651377
505615
932240
331659
398884
525701
425249
838116
77084
683354
269556
454174
10547
126568
964159
149489
671316
819428
297619
124025
474910
921568
465683
200966
523105
999833
622143
218176
766341
772030
882414
505973
323721
269822
115226
63617
95849
614348
497109
320729
176154
871986
508698
571444
433007
298703
327614
499030
951005
766959
459782
398586
773659
488133
719570
73243
915363
581895
832886
471263
548950
274918
820073
925089
342972
599209
500246
219033
406953
44133
731984
503978
779131
848667
652643
76296
654655
345582
334661
628932
451187
954623
656620
536374
57830
372967
637113
619654
618748
504272
844881
820118
366414
60336
122701
355088
23406
165027
183815
223751
288520
157285
675157
832396
860579
393193
3026
799056
665223
817176
748183
22129
883577
28841
720969
100067
586274
770841
847756
326076
675470
461320
83350
410907
364751
648560
948126
670582
722370
838978
979634
140671
923049
149407
865064
812403
234423
249071
415917
313663
789419
88226
692729
147535
323412
540801
949155
388148
367411
110640
70416
844848
770941
940034
501447
644257
564543
202041
346016
102217
661596
250584
501787
124534
308082
121895
737230
219922
772763
798019
690102
693833
480719
861023
789741
966674
998311
406299
517692
685661
177340
196543
428808
317207
699822
271188
101545
8797
207041
369119
342360
237626
504609
261371
284998
966046
942790
652690
8457
387870
521906
436087
75057
699362
589848
10979
757561
540848
278999
571531
775258
311698
415779
65498
987129
450277
18437
769360
250880
535873
53432
210615
941385
601408
777972
450493
200119
434477
452233
339763
446623
511563
941089
916513
411492
774655
646632
287875
734369
826587
777223
463140
315262
787207
352331
328598
607653
548302
272549
710603
696911
649986
280970
49236
270392
170381
564987
870003
201009
513366
276639
379294
186132
870476
940299
910547
907921
764818
805860
556114
98599
22599
678236
611516
21807
930353
759640
679686
610450
265733
346098
399002
475163
444181
397658
598090
60263
16918
494167
746161
523257
434701
298348
18472
330858
486166
557141
953250
680638
91153
264368
890661
110417
882985
696825
836326
314480
621250
453230
51391
787716
765503
418001
38159
424
383853
466380
881198
268892
985679
967470
548491
377811
802438
631891
239205
102759
925469
530915
770786
282541
95151
47793
630223
468898
189493
816963
278261
333828
748976
250929
291220
736573
311727
490854
273343
534074
566334
53252
916755
72987
334891
879524
553941
194563
350966
220922
538471
859726
310932
417623
312807
577122
390944
752201
351525
173918
968031
942429
156542
391088
89582
675461
99546
382979
587722
109460
375038
318421
729020
583525
872270
2790
541855
798620
647971
582860
760207
630980
201221
110052
90992
602200
813509
535907
288152
269853
219066
787402
347866
559980
856278
325880
300976
756494
905891
954905
383044
102208
773024
87164
395035
487125
753522
896131
458527
834939
169801
136307
236487
747221
539088
428843
50085
400712
426960
930098
288587
986194
935842
130089
1563
797140
192527
160863
685290
59504
523462
212035
718416
446861
682808
308276
349199
719031
630804
60789
180382
388772
576346
340028
117329
53521
588958
272937
980390
510731
505564
494740
718766
379210
873330
730495
874774
779960
618686
697067
813393
683279
840084
961222
725220
806368
17180
188545
604365
552943
529799
158080
428881
135036
986796
158699
660257
849245
940867
828578
142568
133446
420092
888973
240051
24619
318781
258449
947710
130684
931703
726302
237015
615055
91172
926565
897457
58268
906463
508647
730760
200737
212575
458281
287467
371430
676689
505028
404587
112795
280465
175832
388126
378525
375686
128801
207184
265047
581655
325281
286472
118213
601486
831421
644786
956180
816263
937956
778158
75878
569300
252586
290164
319665
688625
202803
778209
537479
518047
290890
233571
655664
806111
485777
103486
242611
63756
914067
839032
539764
21141
490613
126055
562935
15382
934476
589525
87170
430291
794376
305677
503073
243088
838733
534981
730883
99664
756450
661159
195330
74664
711746
558590
54080
229694
632528
233913
132204
597283
878888
139615
378404
481867
962833
275920
747189
797797
105678
626740
219646
314907
190932
241602
133682
981288
472277
663087
672891
334480
579002
74353
632380
970497
277232
105582
871151
135748
158170
710918
763950
249312
638180
213114
251469
814219
760887
975479
145507
110286
349192
638851
756842
688052
222540
258563
997052
961326
837638
984742
70077
501190
307008
880178
925656
266046
75032
241769
42146
989701
332401
410455
543898
187413
953867
329147
921298
24876
184237
621200
324007
59492
166079
374390
139115
895473
820532
11522
982820
724791
526756
547167
950638
645894
269367
917791
660731
42419
715517
231650
713787
955348
466971
30945
585814
749719
17313
447448
682518
642751
776822
9038
332514
20157
897844
787394
530725
480487
413073
901683
41038
444567
872754
122124
428656
394147
564068
412843
530633
189620
960613
189901
83167
910533
292124
502104
463174
429498
465897
845635
619327
362330
919319
383078
43835
65963
76078
722586
893501
290153
551205
438348
85021
993442
774197
265635
221096
191665
986953
776907
654693
173588
196946
610718
756082
788397
234998
829935
214669
335890
966760
755442
752240
673489
177043
417739
371283
831811
905519
171825
450837
228875
111543
646207
371445
719532
219057
257047
859770
631364
168812
178675
359155
687337
462408
143114
654041
953311
661935
407131
83408
232371
501986
683800
718028
350454
530862
620658
400657
549337
818621
392701
87634
532066
79048
586944
164923
892361
119402
946716
725642
699761
564496
275926
481496
150022
800653
811843
440694
98607
891914
857743
411506
796656
802714
193322
822777
927264
527276
734543
14934
350337
614490
827313
42457
367105
390110
573445
330771
855756
427556
581159
7037
789580
454138
980906
267320
220926
816163
131455
849775
629938
984588
249152
464600
778463
968342
818586
46362
614112
278802
847125
335305
423311
702026
170626
84684
790845
806652
269376
630496
465867
13922
118570
414773
49959
992620
739296
241910
546919
426448
986097
212326
505019
37815
452770
699174
411410
136536
990877
67219
618444
769058
179961
203980
372503
960147
755362
49297
1705
850534
677605
625350
137880
760873
874651
690391
953817
271148
809903
288823
590227
265749
82317
820033
75359
808849
257576
57919
722783
920101
615080
689480
841528
171683
970863
385219
331949
604087
733639
209482
660889
867105
948586
635435
694216
98173
756908
34824
300915
714494
705097
539614
656983
998457
585863
906082
417073
8541
632391
256967
646488
992769
138670
224989
561526
408534
133290
4371
445540
283259
862564
588637
795618
534576
979457
888624
788720
689058
796563
330154
823627
268324
468450
986959
457031
604159
298771
592943
729094
141216
453555
486691
517522
180208
207459
310390
590173
689025
9375
541600
487634
603427
733740
724652
353239
51607
545694
175996
714082
427035
719875
85603
457333
242340
760304
137840
93431
121450
118566
424970
24240
279197
988896
686135
820577
961589
395195
228151
736062
256039
670978
547277
398729
913139
639445
111965
370061
836122
543606
697072
817971
648749
915185
372821
821060
492545
682405
514019
772539
363391
906930
318873
116614
768536
755905
714662
869209
861909
552618
146308
290607
792844
223175
75582
445343
998126
235539
841171
692951
706110
732669
509683
589815
853788
923023
518118
238860
259328
345078
3276
558247
575362
738605
33599
705625
803989
423626
129940
190094
189460
615909
247681
402372
356724
812385
708952
294950
72666
939160
785585
479177
284230
301287
457062
36162
829868
223827
6008
840609
861027
918742
508880
10319
129975
43402
803359
887168
33305
506993
215974
903252
311222
583646
974034
408656
457252
702340
300735
747827
678905
606810
985373
569144
302646
317927
928496
759400
481185
614127
466737
621785
10608
231738
737234
670662
582625
612093
744799
728716
63463
333800
330048
774655
142590
502219
512539
22759
406559
734566
825046
285850
301392
430859
709434
702775
98963
391218
31795
710588
29438
913049
195252
164421
20522
303446
545399
433698
345861
11770
525410
722515
898115
673316
852549
232098
305841
70687
429888
576606
487210
660473
10242
409007
438626
698209
485931
157851
77792
346235
984851
612948
368968
257284
270500
800699
147030
619933
295970
895477
626279
799670
806092
917160
727921
637528
488410
635219
888467
254094
614117
20936
71943
407025
563238
239814
520628
603855
555862
264695
298017
658808
17141
706626
376323
628260
238887
986766
659191
697732
771832
37845
529291
277283
428608
731040
881014
211321
236834
927012
321192
483533
233262
562617
659132
763075
530278
850035
54603
508361
615390
662943
509338
807898
490301
615068
694067
33198
881696
504723
825297
939198
680029
276884
491828
944823
926244
640398
930133
669755
65474
88555
117492
511822
616191
994118
82125
999267
928424
404362
231081
413764
46631
532776
478032
287896
45006
983604
796059
983764
63026
5661
976808
292353
551988
526279
752104
914213
681243
199
992594
558865
900061
909818
438458
143366
666621
660098
895932
261445
964430
91806
307218
105394
18965
731749
49414
833316
901516
690591
199937
46860
145347
733696
875265
620543
461793
10498
278121
284065
470857
674206
703282
498160
318488
178150
682687
750442
68490
214274
774287
675612
942588
775941
868812
93897
882572
611755
113984
558131
768284
961585
59175
143944
485558
787281
320223
7404
911881
576537
635132
244255
692882
830567
896824
161099
429526
84739
352455
729069
638987
398937
149449
964765
374423
949201
902169
452091
563312
970509
342978
823864
257058
88767
582226
536958
498671
332580
92870
640829
183952
402656
795492
175188
914394
513911
511848
528216
488700
81445
395862
28739
923877
647452
444142
359036
744642
955096
679294
608638
831589
552352
180433
153128
553217
791770
504197
530082
318354
517643
460795
246694
373657
9451
534631
616325
513761
524551
769161
862317
988320
537840
301600
424122
676701
800963
148524
413538
481772
165503
200069
441743
199926
317232
773815
658014
961753
712646
825382
959682
371356
632896
552539
694281
798734
671303
849263
293943
395002
816919
11858
16078
904328
760088
543737
195631
98739
181899
784162
691994
839842
429664
43141
47314
202342
676388
757785
591708
916047
246039
594303
758629
690603
324507
686543
209475
345692
828553
95358
204116
759253
8862
158825
15363
179441
998803
970368
400425
728048
801802
333841
667407
962510
773092
773104
281170
581633
109231
208449
462944
68752
348221
752098
84830
108427
658192
835383
187820
251563
620721
615315
501184
380870
577824
557887
919279
313838
507685
703275
747274
555176
964677
904815
104101
222660
893776
962044
898931
157470
472023
108259
368205
111919
222588
399041
396497
85008
691105
673863
468199
200525
877506
906978
986911
344930
622175
269131
751798
663765
758865
241197
563640
997743
782974
421357
545599
521304
671144
805019
87257
648270
380767
247797
157512
30914
31575
948242
732130
595983
859796
118834
348889
126167
261378
484959
830805
223356
879393
284351
399357
74488
139933
422329
109909
621594
201595
303298
105858
643934
437104
57347
417192
419751
542668
265705
62900
826587
177619
34696
799093
161819
567916
273133
552869
549470
438387
627647
839110
671273
871657
630160
503784
574637
737931
424518
524935
335548
519360
179680
429649
371881
514795
964839
962372
786236
20513
737524
644086
842703
960244
463768
211567
254409
462446
275563
200496
91764
576922
988084
628759
577852
240828
70770
347098
390086
755936
904709
46577
958186
117071
823420
243792
861583
210911
118140
996882
24802
171810
473481
211377
447347
383806
522676
678194
848492
630813
922657
923806
479342
14330
97972
997162
702793
727196
694424
698936
724888
82016
627051
830838
676471
264814
153801
241060
811555
428558
816372
374324
909484
168019
701661
434954
803225
308661
815057
371811
415704
421117
967555
406418
468320
637017
670130
98852
703781
533839
517751
721253
829047
170638
230253
176828
105336
37728
139837
940465
929976
446269
518404
551951
474671
410553
689060
915045
926550
400156
458532
830630
161570
470674
288773
966960
646686
493817
408546
850666
296739
524056
588226
188486
94967
265776
32638
637734
493824
409130
960777
880218
59171
121327
738017
197896
200446
206743
568145
134693
867518
806585
838048
459743
57949
168353
383258
378781
509435
155551
100536
111070
839768
484284
424686
379454
760876
132680
878354
184791
179363
968463
780068
885188
280568
939114
961278
508865
106989
891633
634009
209902
728420
118606
656825
564082
216542
612653
114870
955196
705229
177039
183785
153445
886359
769150
152175
833778
675626
647707
603037
257269
639542
136723
325504
536210
29388
388656
524175
594591
623761
46219
945136
473317
770654
704799
26723
981700
541496
618042
107279
903731
876263
985165
562791
848100
227701
881186
942137
649221
605060
733292
540627
283683
341068
719290
886610
812009
738865
602438
643272
89095
851389
743274
682185
18798
261247
648818
536082
830263
690367
635276
268375
593059
153308
222236
965608
654589
35077
465388
983423
159900
697872
347201
616936
154437
604474
341769
216333
383917
526908
34992
694045
828699
278214
856913
104729
497772
604506
677129
611707
755760
248776
170920
148419
958130
760322
31745
484575
839126
778779
303841
405814
835290
525728
202460
451665
132991
298707
223234
915366
599553
314176
209521
322115
175105
242367
530564
37075
360132
49669
688361
505488
359828
958694
898833
495110
334340
405035
897536
239104
985937
377931
143428
701649
782116
152074
57922
112576
234804
133227
930604
655377
635657
148115
117774
220396
19675
299452
61512
984749
314201
265426
109718
607879
63877
931502
911115
387669
527996
131948
876317
189759
799124
675883
589017
681733
179614
356960
706807
361771
561162
583767
823240
786753
274474
827592
138892
706446
851023
950226
427488
910873
394767
941398
149332
673427
184553
881971
889947
626340
635967
444953
801819
492624
67649
950284
829733
216774
252267
857847
666686
619525
551716
160874
576796
497835
463751
249842
578796
96540
85567
855636
844304
479691
86668
256486
130407
700200
995042
608649
353476
27942
748784
23174
980416
135784
502590
944964
816234
192967
77807
202787
887581
191298
224614
181305
913643
744195
885829
607079
375733
232778
395985
633879
449180
25400
540081
988628
754002
910586
415957
233541
273546
9552
951988
641031
858382
567033
770221
871078
434606
285821
194319
175928
292310
441239
851700
267735
314425
114940
859400
207289
746474
872332
269928
857390
433353
53524
488549
844277
639834
549502
241127
269946
447345
783894
981998
616112
115210
21945
848308
831943
516789
686492
231919
908106
334958
228854
588594
612953
1610
214347
250355
824574
64078
229719
664743
115501
333082
918547
676938
945628
985027
816678
509307
64061
430206
71787
860099
592085
277623
457627
29174
380666
913025
489751
507058
852589
711721
645013
572548
325201
420515
300644
264363
993800
741734
413917
859764
211625
802643
935976
992132
635679
246160
420136
829044
417569
549364
942660
664598
718601
726939
154131
409494
952404
884504
805539
157756
564021
900554
43814
877070
923542
508679
21882
601363
900204
282742
469460
855538
975157
62073
285128
521912
891985
841159
525367
882168
100346
766295
524949
732044
264354
808888
888853
797946
331304
459902
597556
692403
956982
591574
988255
97845
143289
815547
310850
655311
729662
754817
763311
454276
691558
728783
928102
996425
509190
390826
645831
527593
93213
685420
942673
578377
110770
173267
294934
822149
57482
275637
212733
79480
687875
495313
942707
697307
826064
123073
958832
43141
613906
692173
590178
50768
598095
938393
57848
608796
439313
12926
478220
338477
237149
960437
89197
601968
580751
895919
341704
871707
934095
347331
735859
250865
500082
656191
264727
496869
472751
753119
962871
531798
552763
643932
607265
940985
579524
751323
274991
989397
417159
90502
646330
386855
96207
748920
627165
604709
795211
797842
384673
109728
925386
161451
453322
178754
405013
562084
74493
346039
528233
408473
741196
974377
284175
215731
840288
824803
929434
430362
842818
369943
678077
60040
455110
977979
161478
629945
440084
160397
750203
317694
952020
582071
540367
894385
560245
849807
662913
726403
907227
70005
329042
864177
900131
611615
392865
437525
780564
473586
180708
971289
893027
319494
542597
837382
553314
984972
301463
537274
81159
153996
52659
457528
67925
231558
287347
886298
205673
296570
534154
131681
726883
143172
684671
865453
803759
800735
621508
879304
275375
493770
230583
955420
422215
474055
544372
165381
24580
362112
167957
737345
771882
749957
664135
987588
730648
460848
581386
660649
101274
460714
542853
629314
624715
830470
736259
686608
564261
625995
67726
256526
672935
738959
756838
236968
304545
99710
908638
533897
485215
62202
168468
691986
594096
80476
983051
338790
640018
214745
75431
812962
984443
342465
380164
135402
75334
930720
867186
249374
31225
67399
67217
718060
793327
399781
673862
435968
382566
518542
606679
603286
963239
681630
492265
31343
970190
231991
967635
303329
752629
94821
124254
445257
710337
236579
770843
429917
746824
275191
891041
902236
554462
854904
