100
10000
864610
107494
925115
676848
781737
716968
188682
851740
277171
200239
980368
574928
702951
960606
336759
533367
852082
226747
897143
960760
57603
371619
165600
287221
77600
104798
352006
311853
356900
373645
811209
495233
552214
939648
491327
98772
357094
889636
293825
690891
141766
817113
317135
664308
901026
711522
335329
691394
165054
786102
86475
47670
135211
418483
261963
358298
385062
664434
119154
608360
582925
157301
923181
16903
345535
899517
479472
5045
616846
860537
155966
537408
434723
101848
431894
653294
354863
427711
33021
64444
726922
63382
308325
86467
311018
496061
849655
895671
223425
291421
271170
760842
290930
300249
23551
789742
995890
474658
57280
223031
541944
276010
693941
719198
146912
14896
628379
484386
767074
611130
627586
496008
982057
688673
725177
5636
646547
829894
161624
301040
804420
764706
673257
803193
551015
41275
310003
128025
154242
593651
116005
680894
541301
679739
393820
977354
414671
296868
877137
298932
591053
35030
796834
122891
211760
442073
91003
537947
598906
865425
177569
814056
929668
559367
907291
87575
229055
786722
835133
935404
290373
496116
835922
443566
475739
730608
493413
209959
706694
152250
836460
444808
884806
152663
467026
808681
696692
827267
322720
924909
376179
816354
453383
808004
411350
33358
63756
50954
293326
67407
946448
682508
628686
510696
277499
135595
652925
967950
313797
173338
41303
890996
76256
149826
633185
5185
225669
551876
308999
5731
641178
107934
167443
82237
968509
659111
648908
828604
960368
452852
107625
734855
398305
844573
606640
646357
929364
688922
953392
702488
668975
954886
714327
106327
566818
628486
287281
174361
153265
937539
825022
931517
350559
435474
87342
499175
987768
447669
685371
391765
561916
80891
99875
589583
48035
704450
317121
58941
798289
542941
640135
840210
389848
952400
344794
392166
625252
436216
255882
136354
848519
276168
380269
134101
834466
856878
831767
205027
261228
363604
517815
709340
859490
443906
449937
412203
420235
746464
604243
814693
37735
234905
233879
962753
409972
494172
529332
531367
904796
806012
901505
725729
807102
8119
95912
283566
543255
697620
531746
854069
820301
362085
240276
64343
885528
351084
87494
361181
77261
703066
397820
496336
471240
311795
490163
726248
514678
547341
363449
805340
260029
970934
233769
536
510216
24181
782146
501965
263474
855849
481956
668194
693646
974543
22566
138120
737297
896927
160086
158955
635869
741397
479246
204228
817898
730637
507503
516683
619283
67015
957053
774474
975099
828747
9239
668557
415770
604518
394833
777142
862184
129362
969328
680941
153892
500531
503297
68340
801601
593854
523798
259160
910190
433460
355230
818307
616448
31244
453728
587247
194303
466351
882260
81845
678538
363485
12254
463683
593959
822829
503592
704492
797035
898481
943578
72794
818754
740536
920697
303070
824412
747117
475161
834920
668149
833500
464832
720530
14974
30101
972441
772310
285165
47529
99089
858528
359454
892817
709522
632511
298148
666990
578586
847541
682993
488428
369591
281069
381085
691391
592225
90892
279830
846543
603828
650144
259493
175472
690568
196341
775577
803018
527791
232454
613522
331672
878858
54097
684779
719500
249224
174851
147461
428687
674300
942803
493997
920293
807258
299179
193321
200879
779151
21824
133028
494922
919162
751874
628339
259477
588362
362031
497475
509073
560181
776131
756706
637089
107345
852362
966950
26864
637651
907029
826429
940337
95523
207115
435731
792450
803992
554263
415450
617642
801813
851455
837113
673345
515839
725525
680979
170863
405210
254790
604146
830348
129343
761423
506896
556455
585660
626768
720066
178402
325768
762745
330945
81018
362209
391136
936983
1509
449284
105013
17379
498388
605256
924941
658568
961432
611480
476826
267128
361249
913803
383228
163352
56737
786594
90800
792081
911246
325341
915622
193523
712327
587770
204145
182213
96974
607499
66136
664941
208180
741939
934217
410232
114194
575549
204333
367431
872499
992472
772887
771159
709391
387699
636822
856747
623026
385393
622441
64152
859836
710345
420626
716141
838337
113341
99395
801469
674768
856373
173301
920714
560913
603000
463384
415695
693960
642950
59301
772394
881974
446292
375375
414884
493022
556964
877847
749662
167141
702849
805375
608539
966482
235028
25238
599524
113014
588134
161394
303644
378085
770163
675516
346208
713506
250407
776549
831578
885209
381048
628471
875363
636165
85663
187526
784786
791474
638964
121157
890342
295389
64933
312948
542987
169271
109010
803639
917324
519304
775368
303939
419094
804464
722649
504369
43941
551433
702997
451701
302734
402985
778279
362408
165287
952388
110157
738561
809174
282926
218805
749282
964085
319805
70065
220238
286943
578125
372631
245753
745626
855453
265528
493624
383329
72982
694843
707736
655372
244844
580821
617738
919006
59613
907302
686267
433323
384983
459635
2050
705060
923382
466556
413491
522113
415083
28986
179793
850889
524600
911991
694880
442753
946263
727177
199063
889391
129979
795692
376244
623241
977582
649275
782570
471359
302681
979339
458550
563746
648098
3236
617103
276847
732848
458845
453820
552764
100426
921235
919295
432766
121629
49990
648559
644917
131100
113296
721379
622708
803970
437954
90442
608656
68275
77788
174168
49509
199296
132841
804251
140544
120713
489397
607020
602988
652541
451692
456000
758236
173693
2513
410526
481522
107743
906135
337451
948458
254095
663071
572961
727782
194959
558223
892126
26774
767454
958667
434521
199619
510327
123475
423983
317177
593968
96825
624668
787023
254595
839485
327365
173652
454122
575815
425649
387864
37731
463168
971224
889684
185811
630285
933716
922743
812935
172009
645556
606413
734165
24157
891952
972558
80097
813855
859254
985665
198844
262853
571426
900363
457382
352612
575053
877208
493684
249929
993725
838373
372237
337043
942330
898727
461582
905259
410304
94811
50765
358498
373776
329899
548347
689061
539169
81274
865123
531871
390324
888716
92495
563692
546629
505813
511561
621109
554141
722525
97023
976172
433860
665996
397440
221029
631380
230871
98467
847056
3689
412807
988038
64015
631989
716963
157428
775224
269552
850618
860064
777832
766316
933071
259534
904770
654214
503649
122577
362499
434425
933141
359087
572483
517516
880258
978272
614923
137708
355545
718197
525581
896020
51375
333078
465988
757928
456169
358692
430761
655650
341699
48253
636687
920739
798717
653725
795676
852459
976674
196706
582820
137124
464502
413224
927651
625688
324667
239826
679319
709636
126560
594026
690296
413124
883207
408480
24789
675629
27569
313967
378316
84025
752329
249437
218918
388445
527305
807457
837069
301175
325133
721962
473891
64562
213326
758303
937133
252202
16890
858654
420064
188000
454501
18020
322685
684866
627657
612438
543496
574768
67385
423478
915964
991999
122917
773826
936926
759274
428796
390313
144430
433301
616044
426667
772090
101887
157253
627788
807694
756933
780731
178356
737990
997837
113034
283558
242628
539541
113012
910939
570236
735512
95462
514234
971820
500250
420729
700663
251881
335697
433619
393669
463701
674992
12078
267833
669677
223184
97137
837949
49855
123709
752250
794413
279928
538139
468861
678609
450587
557172
256070
822071
995214
885215
343898
322221
590287
821325
945275
461080
386180
326835
899915
393908
379119
336272
724808
954665
978112
647514
674614
713606
887044
805065
557786
700700
875516
904639
268386
86202
352648
758802
386530
114112
400194
142776
263993
760546
429544
356814
306066
160507
746737
196485
555270
273547
772096
7913
736351
754767
133110
322639
690104
243580
455330
577819
104000
139671
943828
739499
303325
503411
673295
539940
448685
145416
669148
887447
917543
572461
457787
874575
831840
128947
361141
425721
572074
546333
541581
813296
1815
633087
229780
750757
731611
49010
783644
228776
413647
334321
20356
256021
722066
903251
17202
36509
270410
341285
148640
554352
565000
307555
620237
679300
314505
752467
133139
919621
477657
962815
677912
606041
586003
694925
645598
643662
255811
322684
419510
289315
164076
727293
274578
73840
6757
793900
21431
135218
839518
714985
554385
875639
740352
885143
662816
153826
810355
75185
508689
193500
404857
716868
641384
519448
678391
511309
345880
312704
510420
481199
115061
560705
833786
155728
629120
129712
900090
733458
395810
968279
623628
560297
78388
14753
874675
545182
665019
798557
436607
495327
967345
891186
359404
896896
336382
2016
522536
937746
580870
757358
457906
820830
511387
524790
388190
565951
222355
915145
416053
378521
102773
987136
446457
802682
274957
466464
439110
419083
794847
288809
94419
388402
473272
697275
311384
472584
612255
753830
838218
593330
879787
586700
344258
435294
432238
963637
671547
984028
152463
207855
578362
135446
392694
4192
407624
554670
16480
980842
87451
455346
158482
448505
703571
987966
849706
417900
467040
140783
6928
985501
543552
702399
50956
155855
14374
588162
208754
144435
305398
771452
499512
777239
530285
927197
462312
911660
875230
133658
875248
802034
801815
448744
453783
143682
945378
709847
498570
553591
266535
223306
82645
676090
518895
531151
766317
502633
258051
347167
129897
180644
776819
456819
112657
936500
888498
301248
935951
688535
907487
996497
509634
767468
554270
973377
685810
386679
451877
217617
76253
557010
980307
809388
259184
251697
638010
415732
217425
466448
288125
738568
309465
376635
98581
885333
740767
683257
533742
849302
649712
248214
976046
71081
959962
336332
4245
870223
686183
98510
470527
898816
63592
968304
96775
531817
17191
615862
455494
640003
421246
574711
994489
65297
842309
715885
528320
42422
764646
621404
645507
33456
29518
90589
856751
906613
948732
478471
195550
154920
178107
598264
73301
533368
710252
333445
923110
5974
468157
116988
30646
551952
113782
791378
650393
745167
762674
12526
990425
580713
985258
955088
591766
29860
386605
598560
436551
318984
123244
878095
256479
512736
710641
397868
775882
52621
389680
516549
846550
549702
745462
482039
923951
431663
679038
418517
427331
992725
259043
559281
556932
472068
915439
362058
128139
240454
290513
335250
335002
371192
367981
710490
648570
213770
589582
658460
119491
778002
910199
213413
743354
951630
376535
523741
428116
696052
182170
212852
878553
275896
854620
955115
533028
624602
62200
324668
935751
822184
408575
403879
663947
299799
346820
537307
869396
484538
644884
337661
408099
913821
687620
957143
244534
520321
861602
944864
840906
338803
117837
400612
747521
263435
680801
11024
634270
363134
326986
922012
50284
655393
292090
324693
248959
260091
827573
774854
704018
496005
60105
129282
179343
388864
292252
645137
534766
214579
364382
883317
554293
608960
968413
358295
228637
30818
265334
188371
317461
940037
814761
14301
982559
74946
276166
974542
21657
566326
170948
993551
61270
709886
489329
675680
863531
599312
955523
303430
459014
54585
478540
5263
218104
506479
255372
995523
585619
691538
27936
795241
170542
458564
342809
921074
213957
942433
293544
461767
357437
234333
536437
594154
646150
808697
817870
794571
274458
885986
60
241578
776802
614182
655154
371747
105527
549139
753375
98139
607685
868590
61666
551813
972492
793869
260253
73426
644992
932050
122211
776307
35025
502852
867083
282444
347845
533131
563302
691062
222912
847496
33165
863153
175142
277647
836755
918757
618519
291010
648473
628115
37849
558667
268929
44573
746836
508277
999995
447470
189814
255655
357691
629831
76022
689919
944011
633255
463862
70471
83772
184150
994690
649367
776312
546639
396406
610311
458035
579976
544124
79566
571584
532767
871729
352892
397696
935075
615977
84368
523125
684411
774793
536119
590196
234615
886163
962594
867001
256753
90751
964802
295828
820319
402244
423779
559938
534777
673910
911906
914775
604737
836233
727884
314454
223347
981299
435797
654371
155659
1968
250418
397647
926446
679263
636179
855507
690678
243850
539840
55768
152157
416323
382031
748595
583365
184489
730688
388846
508769
733386
14581
334017
2308
279074
712913
100768
268612
739970
137067
347694
343370
177164
270831
769679
790201
182235
119249
839771
311673
877823
710639
128238
631007
564005
543875
821916
909563
594710
142273
320066
72829
651222
681875
230711
730436
61676
903279
539746
888581
390850
163409
789157
97300
259426
583642
34359
572370
34912
247493
808976
689844
637399
867010
848573
878827
18571
483953
535571
880821
754862
856060
345920
472640
794942
670609
596413
944822
266763
362235
455008
695978
449046
317788
897421
317533
975445
435721
882892
141932
755540
964674
325047
987162
153717
286860
919498
217142
891416
907437
129629
690473
681621
13124
491437
740510
522342
589954
194582
411086
852386
65673
624861
688807
363492
931487
222761
975064
286858
159374
500242
515515
750041
547100
137554
612704
60862
964450
877081
422130
898032
536332
353980
770697
627889
397804
580493
492683
28274
841658
484165
755647
417174
760684
267038
39664
729167
463406
839038
257658
882597
21503
171661
668404
320405
206632
443815
609850
838806
739737
829805
678229
724087
845729
365494
708937
30627
489673
150884
767804
15495
677582
651665
68414
523722
255546
434855
38073
177083
34206
295950
48566
632137
975790
523521
930569
335339
780025
259194
880667
20000
795459
783756
719186
456528
383809
817999
342303
872274
282544
972725
935779
349639
149074
755131
991551
387363
752134
223228
411318
847372
774850
184095
134017
676058
987440
271089
232816
984895
50211
155789
636472
664960
714741
812088
538653
468705
64574
690697
91901
583071
972083
330245
196854
701783
461080
9353
258165
410500
740579
820704
798300
121894
142703
825717
586959
608317
646489
437090
937948
33844
892283
627686
267332
168795
710211
777910
771882
952269
495279
760362
540567
324273
573991
292440
85672
109723
767158
666622
939093
311250
354599
436760
85534
841837
437560
316626
3476
328534
451773
626264
842177
773488
345748
340937
757877
787669
446337
515913
196014
772280
596710
361013
217827
394026
181856
812530
147309
912376
918272
555038
433938
483185
321764
493352
347120
784837
899698
373692
660739
404232
736304
417878
23187
406806
798915
493752
201916
110673
647747
920247
803355
518150
519799
558447
46482
497774
220978
881686
69241
348176
70729
728750
490338
367619
341743
757140
228614
208850
909744
533494
945872
201208
8582
618018
113158
648394
99547
94137
314320
604468
620892
556546
673127
426843
789686
357531
192667
43234
956337
831690
952576
879433
796965
743025
483830
802287
59484
703264
451220
106488
352326
607492
706353
843977
255443
211582
647374
823152
973873
765967
459939
685089
208866
245615
219973
952859
66232
873405
930352
947050
382064
888080
137335
115269
55465
524907
856773
637271
564479
336143
596367
493403
48841
488363
904024
107872
660843
239471
674272
983532
175640
988862
745194
895229
594151
556802
339049
177770
393617
241113
360262
367913
397765
708716
585232
525929
212584
385057
170689
458143
805100
274534
625065
439839
353996
761902
576186
206624
802529
211961
924719
787170
41636
513675
175769
26923
18177
338430
476935
931948
353812
201715
790417
951363
333634
270948
365569
402842
792695
174229
834015
27308
241591
711849
841176
652584
723363
571985
329226
217262
879115
610783
922607
262262
162794
15545
262499
382416
963266
157929
984659
788550
356309
943184
938372
99165
860541
260539
600509
348411
829289
64590
508691
316194
217908
640732
229711
832794
706339
872857
394045
211181
800571
861991
491156
235212
625277
537036
791485
13135
55167
262661
945601
122522
799016
970611
213332
586843
667144
194740
676984
175087
558866
377549
675792
353764
121271
600067
500674
937049
648479
999881
828487
342658
760070
848467
749586
325896
818098
103432
976986
96845
591501
901399
769158
656333
718243
911073
819956
402016
940216
177940
303527
850524
134023
167255
363659
567767
456787
555425
991589
861450
851948
915045
281563
676240
832769
474984
956445
23438
647196
677170
811247
162094
274430
813666
390101
587075
989719
184284
72858
218321
357282
809694
317372
688484
548507
236145
35063
975006
931806
269243
661100
996239
157917
967153
453742
586044
408766
740201
457770
845954
577679
833485
346160
163412
954791
916204
521122
651233
535066
673322
467383
770001
653528
241688
918253
814765
326754
36959
636873
347998
553450
418901
6668
687117
241799
261362
504564
181354
718418
377564
449195
31753
402656
578974
524689
789350
194907
739063
609185
221769
432127
359247
346626
280324
766447
903428
587052
649946
294577
392355
292405
714298
317645
106419
73335
501672
944893
543402
156320
467645
708177
454083
228438
830853
389282
669351
591301
523142
842864
542472
910470
924640
579803
243213
939181
757968
136506
376871
529263
863374
499868
166403
188974
479383
813209
214168
935651
49669
286163
144096
941287
501209
492430
54371
359838
909723
151401
324846
503104
648792
294649
699683
203717
320331
815809
428714
574893
478038
454735
423429
607081
278575
25142
688258
591785
653272
31907
603145
623491
26694
543134
20309
883389
762851
606815
987968
845623
774575
415754
26550
887288
846274
963977
793292
73107
6700
72581
876841
558773
651197
180801
159906
992526
86368
623059
709476
85722
315170
897343
575498
200907
680849
496561
823503
3285
525183
837527
157
692886
340582
998425
841220
31967
346597
309174
297670
303208
986108
903439
419131
408231
893539
386817
792851
787397
440007
597166
394421
796312
163329
826783
158064
346184
711521
548369
192484
373584
531977
38783
905517
454242
125801
630810
456042
61543
485970
752854
524713
389156
510201
283870
650352
456376
59147
614696
168042
311554
529959
413602
427245
355551
547453
564364
21604
6737
564033
758111
361822
400635
256523
57259
453618
659784
96590
372222
414348
789612
335347
295616
746393
572354
500049
550620
477067
985685
533707
661017
296713
219642
325575
526023
903542
220314
70598
115540
761757
156238
238693
259006
606134
907043
968239
775459
733271
886013
673884
878132
596282
43799
284715
263752
429095
397352
784855
94732
531198
312545
934329
977817
507043
892627
644858
808542
786566
185710
827890
316284
868813
237477
439138
580529
512481
743341
729994
107627
840274
828131
367336
111678
661608
275725
2383
255665
380551
433144
307872
263859
1342
773249
326375
98987
354220
57840
975188
54125
261967
415487
802068
742536
808106
632056
651275
192188
517266
321596
161585
450057
399638
799072
863622
451298
518793
819697
743347
550592
417326
449496
141055
813204
407614
772953
844714
236500
26456
884533
260201
913271
813382
415600
206399
238460
144359
942381
570293
558627
406911
71669
179446
635775
823512
243094
477833
418595
989586
167720
768491
663994
687886
207339
50760
451187
5427
666444
500246
61721
435867
900038
611214
526400
235038
660581
837320
418075
462777
791334
145843
578603
834714
247355
341614
847122
928650
817003
720453
938118
568951
62549
873355
198176
16157
703188
101584
607188
174481
859710
887743
119291
768746
991623
972439
748365
414412
392515
472964
333034
959506
332425
660185
731415
661143
628019
415852
613574
596769
519169
754447
190989
251115
823581
735590
311737
399822
929529
98666
326716
691403
30741
791545
877057
269751
810716
612631
968544
215428
654574
732357
662829
476008
859385
71676
90859
532331
406592
749254
251102
892562
804414
131450
222462
836515
39843
208466
516935
176277
638269
198954
454062
53014
701938
496343
957614
420088
517546
184994
170239
549945
366345
78624
71144
71981
60826
293103
112044
929162
201991
246543
386784
962960
524676
901722
339548
272147
979468
884002
63184
245222
201924
909989
393326
297702
546235
544879
522245
316896
222483
97165
454830
98848
150073
152041
84639
9495
923407
702663
318429
69032
159787
600795
55758
73935
692025
839684
262572
636334
882620
732969
230230
57014
863409
94127
673280
648494
332244
782484
836491
512035
55228
900395
256176
737773
394913
828852
621525
890137
796414
818711
663618
983864
144593
230973
268973
461251
936640
206731
452337
960681
938198
498172
76637
10487
599914
974746
508841
366819
668512
685017
857284
535733
545161
956112
765064
63379
843174
675349
42575
654311
490378
880115
309727
745135
118813
406474
55169
704288
48764
178692
805679
376312
693054
582832
647019
231007
957138
598844
813548
329849
484932
653523
230643
363275
629534
801553
331325
107911
381867
447839
884625
700854
733335
302960
694969
701632
449586
594839
169869
495579
535763
548930
461226
417422
144985
208599
249026
307041
366797
399721
143245
785827
215139
10519
631070
566551
325663
145601
559632
187004
650581
151400
600159
417848
948553
526497
854291
864224
565620
578230
762262
351655
812200
357722
940839
779936
653771
650438
58279
759793
81663
52532
992657
963798
748770
381239
511495
957711
743537
949237
62855
582952
625735
46403
946684
833763
4356
186395
127345
950531
509513
629564
29216
301367
954079
215518
532073
270178
215863
675729
793054
987715
979404
528049
186683
763206
535652
456392
842099
335910
631606
463232
229221
517821
988454
279235
931246
98025
801772
128177
119511
314973
225490
71869
925295
515521
955292
487077
940916
496071
877249
543884
716907
107596
16664
21045
526479
199782
41614
459998
645222
242512
746643
88823
294190
740015
115989
911741
921079
212736
801573
878776
50250
800353
422517
413645
539783
783160
744450
267584
571085
42692
706191
308299
841873
623358
133703
364307
530258
676587
872580
129549
551843
401153
887597
195629
811687
851635
791353
123910
145883
979355
905491
409219
289101
925764
492950
252992
686315
641745
507703
605190
204406
612364
707906
515297
394198
991439
96701
997152
461574
847817
570409
852201
88751
100845
73638
991478
397331
732925
954742
233520
111520
261935
146010
257318
828069
734393
588312
437610
937504
190462
902750
129992
824117
296277
397248
819876
284412
595634
52254
870511
968689
791411
789601
313285
569039
780297
66084
538791
616310
609409
885743
987152
307208
948974
991966
588662
458004
370101
881440
764638
741354
557429
513435
413084
806542
908752
862381
547494
650631
553115
372366
357460
978711
388894
14929
235447
229636
6216
387337
600851
332565
863282
714760
151802
144281
715470
750147
3142
881376
568620
175057
616242
982669
180840
711890
117589
608515
191412
839276
74557
209981
962622
727985
165732
137402
850493
274397
793618
390421
201885
265467
987470
882482
422085
914278
730690
515477
483585
131757
345194
979981
844817
23760
618680
789773
678605
277607
43272
601178
243507
473442
122235
715936
951119
903979
739314
667296
676422
229608
957097
409412
769726
592156
665133
709908
342573
733805
224955
873216
716221
463936
775927
19037
307161
489856
139014
975533
884759
907710
832328
203287
371202
379891
967093
321909
195330
973472
629331
673356
534506
392278
572881
175895
513183
159122
79108
694844
619040
451136
323323
346656
441909
517088
267200
137046
37432
961670
870702
468978
219642
33211
601450
160892
515860
4801
565055
370880
758092
664564
837658
768835
672096
201804
441503
301520
838130
685887
43813
172399
506959
214468
735765
672055
949085
977265
390298
26747
483169
187462
740485
930272
612395
395650
398593
257359
264799
899891
494061
287493
334176
439244
744283
344903
309722
196270
454245
496499
769964
315337
459623
351090
685553
86364
422428
965706
375210
599768
108312
196176
160649
273698
453215
578299
208156
27832
709921
38931
761172
520491
457235
699975
843634
993610
941995
578718
405517
11807
951800
62022
881026
580499
565211
166665
902968
227628
901158
244765
448910
458743
732303
159194
207076
931649
259856
914182
660291
576703
151199
36044
294442
648909
408517
860748
950966
855827
40350
503499
113965
573508
497132
502347
386535
355456
950935
986230
460377
832090
179205
921460
61567
263539
462930
369628
726949
171973
494252
173766
305427
866812
176654
967487
888083
825150
885975
682390
480864
372684
56838
947859
419181
49280
804373
932999
281678
663030
722223
617087
211399
586823
952846
475568
516337
612213
52186
667521
829394
202247
996159
825408
354963
677955
22063
888004
272098
285
974186
596260
859287
679225
955385
11586
962552
827206
928766
967341
81048
358581
263975
818679
981402
594709
518076
976469
89363
796301
162520
743148
888205
572277
50165
693950
858152
862289
926880
64560
24284
500074
104715
3767
71961
147787
557121
502623
166031
807061
233204
531448
874570
689919
856434
107549
109877
23470
411062
580066
610687
971885
956635
52249
317722
556425
713260
404545
721760
569612
871126
878796
322192
8788
87039
986828
458743
41423
155119
621241
876202
448085
489708
682465
857519
182945
742821
160492
289084
583277
351748
183371
818647
345514
493222
710461
995996
194841
192103
639678
646557
156425
20246
680524
406372
985581
57224
720983
634963
520153
62664
911940
666989
731801
670572
462430
496621
214062
656322
959642
718740
550822
176298
770501
273920
544791
359805
209100
372408
97911
375467
999271
472324
884123
852899
874403
511673
726922
502507
162124
603731
700414
819087
930931
909690
727734
174774
873761
515815
783163
760208
802776
474208
4973
907627
62466
425759
375048
299109
175353
54993
246265
448828
23282
267450
488343
800897
893959
228597
994112
39403
667807
815961
839569
112200
845755
753848
43713
74702
801952
4609
17690
350608
332765
959301
422165
546892
287288
683031
707090
510177
406841
653004
399473
790430
773522
629857
638416
999349
849257
64764
8545
588622
28036
426251
202278
893560
82064
554377
370252
449850
204878
961503
830178
122184
242395
240807
568948
322001
844954
708619
917704
464181
922368
158668
306228
178068
775035
522847
610522
954242
15232
406193
262210
132630
908976
355596
703378
781217
857510
774225
82860
252
728799
177829
333348
607675
76294
875753
571229
102270
994588
751329
977599
780517
672577
453366
974166
728291
967649
256854
367306
287532
189886
195065
794039
739208
673429
549951
265320
426378
860912
882357
840309
165145
976520
785591
212470
180333
322708
554991
25955
851862
632690
233851
706570
166646
234097
902061
355627
211727
82489
842604
334835
850615
664215
974583
314196
912936
548841
594698
468477
847412
655010
792665
535163
103125
751291
531257
84204
328355
504247
755870
413403
733022
962768
378239
94333
934571
778051
72150
27655
970012
414197
751811
553322
562472
676481
650320
277868
369274
172063
41295
850596
727780
806258
134688
462290
563060
50990
197199
198233
812319
172963
792986
878937
248090
256043
87440
657773
32008
923948
605972
771582
306958
116235
885761
106946
969026
445486
69608
839701
881857
128811
24436
564530
485087
254546
196079
905038
132858
874515
814493
190801
160039
708174
230854
668209
482254
85302
798929
674541
715602
933344
570572
212260
514024
342830
951433
862031
494473
237266
997282
659617
617794
673665
42332
103354
16617
893623
180521
553858
993450
843872
892551
599272
175231
182122
341831
382775
999550
2661
143464
126034
706124
272531
575586
291468
788271
979410
110910
967974
159106
912675
164194
171046
186433
26518
191019
30928
216004
940500
71987
244484
985225
252936
669042
977652
652778
544747
827840
536319
741485
919404
124984
712943
920314
449592
335672
317324
817319
605227
5638
764635
727471
122835
875597
667830
84930
947676
947333
649033
421110
384734
847152
463142
114267
670272
664064
256774
558763
229127
70998
865885
546208
668095
523877
547480
815520
351300
33781
847862
740436
658925
635716
354368
872086
403734
208646
886247
177417
144137
438605
120888
894658
292105
392261
818494
436451
713914
320022
738164
31561
174128
778860
329253
833819
979346
854099
369122
729219
690858
579899
183327
842041
254541
385115
96875
480059
435041
89906
405707
407449
248848
711977
760178
719724
318984
604629
247902
381351
314796
527512
365265
814981
784090
60455
53546
716002
59097
576358
986081
282278
151711
670639
692636
490524
749501
614513
317744
197280
263464
707253
479159
387447
402213
72188
580234
499065
368528
264005
608667
453993
54024
589738
915762
545189
305723
347882
355522
435320
482441
767042
207591
940621
478679
744308
650431
972991
963059
949097
423458
664587
75871
89202
747583
25191
53756
869930
525076
698220
555668
153976
552649
925486
152324
171057
732906
404268
494852
363162
680383
130723
367829
690378
550986
477117
265158
834926
6429
960871
114018
356007
164693
736768
518713
600398
351479
961900
751562
391383
993317
210697
379338
371475
753148
705274
853459
716751
861582
562142
445676
897946
259447
932709
253361
146468
825118
140921
334815
674562
698058
355095
441598
662031
338782
99201
534507
251692
959154
661836
217281
583847
625680
115988
556324
886329
62344
431184
590633
242474
945392
181376
513637
24015
490108
482819
835217
918771
168438
308805
172183
760020
280922
409301
963835
828228
771280
481812
293673
566641
126598
829833
957975
78782
803625
528850
225878
870671
792065
642997
514171
660324
790119
144917
466212
861917
230883
619264
277353
383004
283558
229477
562209
733255
651616
36387
49934
17644
56831
819708
545318
655040
188614
865896
483647
887424
829829
288582
168790
696633
55931
173805
318523
56354
720900
666849
760029
35111
655232
650402
448750
117377
224579
217182
664242
78976
153778
72966
613801
99818
62784
429373
677847
130301
383429
778541
806893
459217
434232
157812
429909
703898
300233
141244
816095
759433
860510
338665
529539
231313
602215
728939
830034
968583
929952
683571
844030
815842
678371
80001
474370
882978
937383
196956
616751
684814
475865
69788
352021
445525
510997
861281
602314
700950
216321
607462
6618
655867
881222
25839
120267
129216
485932
232224
765899
308434
660945
389928
972856
308626
114502
166746
435212
201272
135430
200348
464932
738069
777492
13496
178987
695345
566576
248592
351399
170770
456181
453422
246176
164574
226834
101818
948072
203480
701795
406788
805132
393414
218347
472257
484693
204787
539760
416275
112699
795088
948532
408769
496551
964790
469131
552518
780323
636167
849630
68037
51553
791986
794938
274778
395429
810836
579349
630411
902991
993212
591584
920861
451849
980295
777346
13763
351433
41066
499446
236209
352643
628175
314434
332496
795311
124758
483858
458378
480306
239676
904626
126020
375340
17305
933029
73836
231005
271299
508388
271143
399220
830480
290870
99373
102454
848441
689960
63153
783431
294619
25322
761976
944537
932439
352966
266443
926126
674520
110589
207880
439819
987060
676480
828626
897147
614572
294344
522152
156220
272270
848914
812883
231307
319738
880507
746809
812039
807105
101875
847503
978948
234985
455841
897836
924271
42381
213779
771320
87705
648097
125472
24131
943330
288339
908061
272306
485827
265102
627576
921108
273079
991960
581812
750547
912967
22555
675201
103493
664753
896833
504119
947298
49844
187896
865071
697872
207163
218837
363262
526619
331235
868629
709263
216256
611691
32126
834012
684008
489783
412068
858249
733106
237249
963207
639005
104553
338461
729754
463325
258901
555366
206686
33735
116973
832650
148973
260392
482858
260400
98835
954330
355766
390785
912663
408862
167171
380698
523991
102034
279609
580236
976849
358415
425223
957966
832958
178721
250651
442944
455192
334756
796524
640220
885565
774711
67636
170235
194796
905248
297084
556738
102059
217148
459599
867239
954443
819425
554640
85347
38915
859666
184360
772470
161914
597854
785367
564562
622241
170837
861676
185381
598716
910888
477519
133958
220288
324252
895292
817211
341976
992426
519306
231141
208706
932727
501865
671113
264726
794283
867563
679035
795047
166640
91769
301481
474498
402249
550886
766977
457363
550476
186720
79488
765351
809854
992386
193880
391436
293897
536647
946749
687253
344284
493530
904205
334202
960159
837641
302554
720412
506258
475671
476693
57893
56385
82608
126552
196558
854502
509687
482895
187130
165339
115196
465476
237312
350394
333193
215495
844998
75987
739611
830198
930184
45257
601326
675822
304248
846729
77425
873870
288832
422312
576217
778149
600419
988504
182354
708472
264833
319367
528271
342513
503993
291285
192770
329830
200361
589039
299240
379205
890832
126733
741244
405530
824021
552260
484811
383741
492129
360840
826855
387483
686375
613250
243125
286495
875331
885002
496994
382972
695296
816898
921458
845465
82036
425294
3961
996698
975814
530547
910690
313864
237072
416523
780524
731164
812959
155618
645749
901549
794711
238641
696687
919923
495412
525813
804079
488439
510571
975722
119972
235737
966766
813545
199972
107965
957263
679387
343074
687444
137724
253401
766332
658626
947560
527650
900337
295921
212043
630456
293424
930482
15999
402519
135563
446795
324747
155219
320074
927777
418877
358349
748316
893763
916208
845713
872297
680336
55534
386511
915331
533575
570286
143156
564026
388841
720766
239397
649678
599885
122492
107800
986879
569024
491262
746127
402241
57430
42834
98353
360204
211922
943135
400326
906383
203821
560490
332046
977220
791238
609973
372799
244575
523239
410433
73562
81632
713200
140789
891369
911560
205859
791575
5335
460520
990795
53302
907627
778836
941321
570858
909283
427959
624124
903220
659113
362432
154316
978879
963444
637946
923924
562504
441790
594810
802986
512409
146461
967793
931148
249840
717825
794657
996328
224255
955849
407597
965639
919181
805698
217865
600728
199546
531644
231824
919701
776735
840587
316340
971668
572948
118295
928655
688364
756747
426912
131033
462146
117657
444883
862387
959663
511061
894849
585247
901007
788441
664514
865299
358185
690150
385765
935970
933174
916772
517010
960218
146192
395718
726719
682029
361976
419916
469899
762631
992708
343970
135802
610238
123427
242918
861262
424936
656782
707271
172990
213830
928014
6600
116694
492317
633124
468260
292522
572261
540120
840652
607544
498843
712929
450188
977881
75633
188845
36107
70052
27429
543311
914993
699360
762671
597891
691875
258979
594580
265438
681001
124619
331096
534806
406385
492568
578832
625387
504429
785381
842390
840114
663447
300865
717781
968188
867412
198766
512835
132967
135734
592117
323375
160449
197980
845348
686896
731668
719604
970662
274365
850258
43169
427709
447643
851806
8568
236062
850865
480564
930467
933033
110071
989879
168232
295555
53837
58454
769092
650002
811944
787865
414257
82964
883687
4366
194759
674844
98628
480586
935039
498987
796133
723870
592210
993255
617618
311192
906688
379642
556098
794803
604332
181770
585166
609884
690980
238992
678983
229857
435071
256087
91683
802808
712607
874387
130642
388074
203158
748764
880814
45723
307173
456134
842449
898870
898080
900189
604354
997561
365
539778
795015
23066
424875
137501
373790
121621
335279
35709
160262
477139
746857
389844
556472
880120
336805
101512
380659
245769
375982
193591
552885
204152
860237
901962
567365
12942
949551
173940
335213
469172
689508
684616
166214
923358
923331
754229
154987
249109
1644
876319
960527
634783
637670
756954
409131
950476
627622
119045
734480
24480
715057
666241
655706
347800
119768
790029
625157
795995
999075
634112
93145
948223
402057
990561
755137
302004
677146
219878
291194
321425
587711
826952
12391
684857
185818
769599
985665
71785
267399
753439
599915
296738
438404
854479
924899
103021
18733
361377
561429
526800
52703
775123
95561
171019
533567
601889
691709
23823
516883
215877
434446
804860
231949
139277
747471
219605
485673
823958
984764
473347
836908
452906
334281
312834
913291
287412
412563
240044
234414
129820
46776
482592
943113
297731
358978
836111
573162
864796
731262
963619
169938
939493
180843
799628
48378
670082
518990
989928
292791
681268
566563
36173
527607
175226
133869
725046
929707
99780
881006
32329
501695
265936
825651
443585
113092
869732
852871
712317
902959
464486
502472
967844
82875
16283
122646
569971
970217
988730
610471
510500
930280
785452
382583
271420
718415
591651
10397
316850
23366
302548
243001
69303
193605
252434
285770
92326
916724
341321
971996
697546
5874
651155
606
757574
713266
11770
14033
620581
84543
496075
572381
561471
485664
4435
605758
153220
158806
806585
400027
805992
204546
909176
143223
420907
41763
709303
481088
82436
278205
124230
846981
184681
543126
270903
911301
161790
155
545815
883554
322775
10463
943816
661237
452460
687235
504252
277179
613144
434672
164432
957484
783373
605633
921026
651628
706457
993278
555729
906139
969485
704836
738096
489735
796495
807424
401894
728705
488190
820378
908101
96717
54269
415470
318148
639347
732191
718069
497787
685618
823661
171330
55867
597204
45910
632617
495496
163421
678836
338362
21685
756637
745847
206699
455194
97253
943984
947731
279091
606038
609852
623507
178200
45140
856011
895439
58453
611610
823948
513306
28197
194600
143223
35632
72912
941591
261430
35292
162590
698380
614897
876282
701942
843339
270388
668631
497944
870115
786431
700532
889652
484167
738475
19946
42981
622333
733428
156327
352845
772015
459495
125910
757773
906016
301289
246301
803681
761592
929441
997760
871383
668416
123075
835682
721386
541225
851194
416300
432895
22086
982193
761862
275131
83418
397119
64003
536831
5900
343917
428697
605249
154487
38820
157453
209736
869406
859448
661357
753924
726268
673931
533175
117639
364602
953439
996760
811940
326522
206780
496206
84771
591824
841210
796654
635165
591633
46828
522818
381114
579203
877801
733002
528389
875188
853752
544803
982761
95078
330711
210246
326475
595623
799336
964199
254147
494207
94137
338877
402680
577987
482222
986273
712406
158279
235533
958032
909039
568305
10854
774859
377259
675816
260125
959454
375597
281066
721046
477245
65605
694653
993147
935753
280331
369597
243949
871218
78430
437204
386629
537207
432249
606280
807301
954954
639342
260079
9696
691087
387651
388349
438306
759682
882726
561534
160381
667831
831245
73503
446642
349373
509998
760038
623320
413340
25624
167746
345548
315582
923309
938301
525430
468458
363772
758285
295091
196203
629951
653194
116388
464847
737966
91259
598098
8203
209790
657417
872125
701884
589049
952661
215744
648200
687291
304421
662434
263907
718342
810361
808251
726830
57539
714684
896768
565625
503830
618710
549870
867689
236572
985182
604816
657909
927044
351661
761388
273290
336135
484046
673488
687183
7237
171537
363124
359683
936061
588863
367692
527617
641897
966759
677805
64933
752820
335767
965273
116425
171097
188518
778985
35689
957593
595118
46934
666597
754776
535128
930659
175460
792981
879504
933675
696404
418885
610711
487490
956624
342538
896438
10827
98459
551957
488656
452694
97481
13717
567697
917811
443453
521882
938627
766872
90509
817483
279167
783658
937858
704448
97408
26475
30651
544893
36691
53185
314416
166284
246442
462431
356948
362934
691984
931026
150676
210013
441528
170986
468221
424889
571630
855363
126138
676269
578799
485743
552250
208709
312660
380033
257392
787535
199720
502649
594996
14419
101787
51911
419847
192368
139472
373182
848884
94932
876561
667734
978769
396567
190242
149342
847845
275701
919603
307452
940900
213734
283566
52066
296149
188316
241585
711055
576980
935256
216534
831
573428
451242
239213
670833
268348
290755
431627
219155
150034
292984
263995
13259
862070
47637
280787
214116
425189
769436
45922
229203
457565
773145
633350
450534
102848
134499
28698
576584
966226
188145
943052
270003
45277
191446
741388
474418
488564
109082
150560
705810
367956
228983
603092
79845
473702
34413
310863
584626
964321
993538
548866
288252
804940
571290
110713
956653
660961
727022
34452
463263
652557
497772
564367
772551
555604
548715
604988
81087
699922
582025
185811
89711
512860
133220
83552
737495
601541
419057
145626
248507
202044
523516
862484
281450
158035
123900
697356
261421
927258
287634
254433
868233
185642
940958
971490
424433
770686
693758
119298
263564
10427
281125
589351
309150
42640
29779
191329
713429
28024
419062
56888
505587
294940
689757
327774
677906
747286
205333
928131
588953
422801
575138
907976
286202
722764
284508
839051
603684
184765
198371
921057
340812
848850
645248
883937
618900
410962
733977
15005
964181
369123
298704
272876
905742
123172
92474
52195
873576
752954
206967
856482
221861
239529
326003
799626
725605
405912
224056
402700
874773
874615
469613
610461
341748
546108
127855
375813
412419
98632
48010
516055
192969
712425
1747
418747
937024
127480
165094
783015
55839
205155
603448
182572
601349
793477
700568
515437
855423
827121
358983
129002
752374
952526
397680
768250
846072
669276
159493
311703
646305
680725
831224
217427
156070
992366
293011
400361
205885
519292
51189
19951
779628
540148
817642
390951
514925
994123
187365
424820
262843
618236
259676
117737
860861
452648
926593
83005
891211
202903
674264
720027
386785
958748
105081
823318
696223
680919
444964
629754
655098
56725
627964
559869
218947
522002
775202
665365
48146
774814
733167
33571
276175
227036
983437
233164
67804
366695
289523
395881
327458
581072
804347
481940
572919
514115
163553
289955
950569
535560
629402
177521
920938
128293
581646
960663
450071
591584
308788
584186
336551
653793
298441
44350
964013
588854
2861
131225
111305
276529
715994
790146
722865
403244
720257
21192
836439
326637
201859
860286
867384
760804
206985
881364
179009
402513
891072
757313
639069
64578
251892
821916
565279
878330
318408
833738
85193
148078
99216
917586
37815
456233
189259
114509
879851
419087
639168
420025
374774
396094
754419
902508
282879
227024
852676
799781
645683
850621
748709
662526
64777
887646
865974
951421
703472
861068
425983
669450
829464
840551
799113
767036
715546
218226
839065
100300
836165
73180
880842
957675
175046
396121
912774
876015
986675
135535
480929
40168
51828
335181
340818
101329
693262
629141
989902
350371
519054
585019
211138
311427
992590
229637
612653
591963
191079
663474
835545
879749
346739
442615
287860
205732
127741
331172
287311
584845
216520
708262
39474
128291
255800
440997
195865
599425
489633
93389
522704
757455
811947
333483
594982
320376
844063
250349
396625
704882
572496
126668
238622
614460
46120
832581
497235
29734
458638
676738
552739
944074
592625
225560
586508
104984
475892
486378
777617
87247
797686
718570
112271
736584
960380
355903
371071
782892
76414
41731
551879
177222
821131
156323
642876
426867
993689
444714
125369
16822
664877
71703
548053
99112
710179
219434
785539
680589
851355
874814
195531
508737
555008
885584
661025
503441
652918
342301
779679
776742
349023
387306
280356
930523
455371
542685
98056
121776
866746
925449
418875
5848
154830
10311
214969
156077
909842
563967
650924
182020
949921
881734
159838
378522
928756
788513
553880
78253
449932
899048
314716
670951
397176
309190
676284
654709
228483
11357
792342
112759
150846
667014
171564
429072
6566
537206
156260
585180
353585
557628
129305
943105
924026
396135
537563
709214
852294
536196
252234
768225
563506
349572
530890
198773
833723
204860
942435
7832
751210
833927
658424
524170
330842
988422
689058
239969
782951
523848
679721
300602
729461
935492
644318
683786
613530
711747
702296
690898
15209
782683
544841
459825
335964
372885
469052
979923
385181
137584
375149
642887
121073
202431
127876
759663
209985
3693
503216
201680
661575
300833
200413
544202
810769
4156
797329
587297
977013
142271
903144
936953
721490
366794
164714
855200
133054
679615
376134
135814
983953
185861
474414
319880
267533
586217
357390
17385
131625
370078
585130
277921
908729
518757
324755
249488
611451
92104
482373
46091
142528
137088
427424
449367
168372
571766
546561
453044
321292
911398
748925
386768
164172
495584
437177
106589
114547
591017
570601
369788
910723
756222
438755
835480
315376
815928
227487
307536
814117
90059
869710
73036
564909
351848
913363
986865
724165
721027
113762
408175
45499
28719
254196
889399
280962
809444
95844
50122
230038
62051
871785
757421
667974
190320
13232
432825
493539
649214
743190
345870
957827
437609
189119
250536
286194
735901
391126
897802
914166
263252
960609
750038
901182
569276
103487
425150
713190
215414
305409
871765
423593
107579
240547
580031
693860
611865
659366
551111
454787
62555
652555
794831
316746
167111
316397
573858
622722
378369
826684
159654
536382
160845
711250
865453
145481
780338
657075
812650
242478
437882
455654
714368
282018
333781
932970
750710
476946
787037
806679
715079
212677
4148
297683
114070
989486
230345
257709
152511
86161
50938
590233
530441
67087
382163
773896
954743
802960
137973
515300
736638
964747
733394
104933
913040
587701
516437
580115
183831
180356
9438
200984
170813
699998
97643
424833
175720
777443
562322
404433
871235
214867
992938
845698
743223
32670
566346
222681
719418
506183
772969
806372
349758
828980
492581
484307
334729
322004
967583
692977
360484
569901
582723
411581
567853
62785
543781
127273
873096
143004
911495
653166
359986
155517
811383
413834
459701
220382
922709
591127
925112
616674
283635
125065
127406
741211
766805
541508
159343
904309
888023
315736
360419
717442
23150
800858
387482
269154
926982
760864
402425
603918
825355
394328
538000
638721
721412
491014
234183
437125
688281
293272
810549
433494
422581
20711
142611
393844
115462
887948
778821
663242
414817
765341
906072
992374
272963
377987
637002
807477
537907
377977
188354
174828
467843
300515
819680
606805
254516
259848
622191
9028
852601
505454
855415
943829
170388
70673
528559
13045
894365
252863
137744
896393
72866
774099
389445
246590
921127
82316
741119
19502
280846
585097
613284
597804
559442
336291
25383
399084
954349
682535
495667
796370
506074
28590
328833
595797
715957
666651
361161
831440
668542
775089
708244
227621
954172
816719
394736
967438
983934
852744
182973
457409
613436
467811
259685
332607
181789
894764
372265
589306
540306
309941
822934
661857
841119
323693
778518
900681
823738
837402
761954
126073
909516
965494
873749
552850
399316
36580
687452
493337
242027
741261
760522
621091
809570
939483
472584
721500
606855
926674
137322
668019
927879
920582
753372
225318
424045
397053
267835
802661
42248
784289
421056
367206
522667
376225
12439
348868
824846
964006
379150
779156
653650
296110
625256
974087
999906
608262
565842
332021
637813
679912
596717
507916
331248
273454
199562
104468
988903
793266
4468
877982
946628
838789
791398
383305
208128
38728
375069
472496
954767
128106
747976
126131
226201
440062
648861
470560
19234
165880
217797
219583
941770
562372
859319
353975
157232
76290
44258
154656
502066
601442
782404
523622
993552
779993
186648
316758
331631
928701
211564
257352
877817
460611
947408
76010
964001
683730
761515
877285
900612
229379
543399
139117
730667
484408
205452
302250
46893
551318
73771
834942
879602
987488
331888
335155
639122
57713
713947
915906
399963
428758
273736
878978
992497
880710
403498
687980
986960
735870
199894
508551
758126
122877
839355
709236
179324
488153
123632
401560
643082
281853
921702
416545
360906
739584
900925
245175
938284
793826
914098
715905
144489
203557
17717
690513
581660
417158
387736
12525
980170
30487
923044
305147
832770
824826
522118
205320
479072
176571
565095
341941
538347
656395
673689
637758
18782
307029
744748
883624
407236
754623
301985
39559
340092
490879
51702
539305
987420
315159
540064
980771
847090
716335
225367
358965
894246
659085
320651
559836
759355
11123
281844
151541
14196
560853
646023
684873
572947
401333
494020
313145
498173
617757
163500
821575
421497
517752
479632
505022
317527
778638
338565
843584
791789
850650
66548
330730
838588
667850
47566
122405
193970
507283
317084
545676
248137
151918
178100
266741
660109
639730
332872
273759
140794
79375
219992
416310
612995
136292
424775
520581
784751
279038
133772
771448
670174
702446
147647
535373
576298
408262
592339
143447
680937
69744
193635
251631
57358
878570
180517
786423
956527
620129
892155
64204
477921
903017
32872
8
790143
650007
383839
643504
94090
754236
711415
807873
992298
358142
671420
280274
149011
267348
656415
468518
583107
888989
738381
469264
44775
264606
180636
900803
437021
587543
246882
220021
315029
325056
792096
636400
756752
892517
826396
366709
364874
119259
707212
467213
906229
175134
332462
707629
169371
684296
579573
505285
878884
510256
22941
889125
601848
612253
574751
432012
192124
630054
530753
377359
51321
238375
812101
904099
384667
496738
75777
939463
231509
52655
648207
882256
931105
733921
24282
824274
489445
956471
940889
786728
242866
882108
5784
748257
608101
663036
508530
150471
28848
884515
458651
97037
841075
347059
993370
638292
38020
867425
533395
47898
348302
578317
526018
981760
344725
121821
776196
650102
675991
985461
767311
421445
249166
495636
388675
959864
242131
761486
284184
720424
244060
173666
276918
96355
400038
132023
926051
717880
925678
795128
602774
891234
752792
504712
185963
86927
581939
617124
890800
4875
99796
57812
516828
172878
922910
199502
396575
346078
620132
296231
494037
190050
985253
849206
876308
121029
943990
656840
442852
32323
836285
2425
407950
911891
920601
594165
411597
734065
222175
286603
794913
897287
28096
565803
636547
778487
832646
523836
66227
428232
513213
709340
746221
709482
332974
451829
947194
773927
706951
315320
395746
10281
154326
37241
826047
176034
293236
622247
406892
367132
504126
983462
574749
585117
265663
213835
895368
963254
210794
65523
778305
254824
826818
815745
985956
956916
101468
609906
846507
271358
689660
419294
751136
262557
258781
294669
797868
957057
562829
618163
712205
815092
742282
388070
786689
217205
262986
906032
823933
484204
578568
363662
819700
838808
690920
958015
112755
648402
206080
794349
868732
987707
564619
556002
237780
268213
353159
338202
616678
266311
995244
877619
123799
354660
25352
815297
367207
563845
810236
192830
162368
734643
445965
2206
583327
970721
803239
813825
156316
599029
782517
43970
632023
768167
968213
124397
672257
750210
341116
471309
460036
300040
542310
243042
804368
256691
431415
702065
921667
328213
327859
710326
869429
380065
954775
15989
420765
481218
296338
827054
612451
448617
377571
250607
296834
407652
681424
643971
921753
97386
781376
251656
51919
63987
527158
90143
451553
754820
223082
555196
218186
168072
15494
711517
741645
975130
18106
200215
418018
627296
418044
188427
686139
177425
404895
780984
636785
697110
512783
486506
989328
416782
269863
291601
990652
689900
275375
548204
516990
453435
414773
201188
988847
411394
928710
648757
799423
912387
536777
368583
866146
264029
713785
974427
363353
613137
963965
254369
788697
822497
23334
873062
245785
216660
861060
374314
44989
382679
57509
642895
829402
511358
483115
161646
679077
836328
593225
940484
972541
660927
789658
952906
685522
395742
301150
776994
318128
453006
872913
573357
152492
314089
264042
890297
551849
475872
58733
442840
846792
231256
59117
680716
539882
610862
735970
291230
479138
807068
755363
672590
967100
454771
980032
947876
145957
682056
425278
343589
433077
451692
485615
669857
731552
804371
873198
246953
138356
994261
160629
321567
913999
230803
953499
358117
198689
643186
951084
969015
314138
23811
520038
361813
885296
486019
810638
262937
820750
444413
29998
943655
929884
268814
198379
191745
982375
270913
79430
381498
535342
223768
175727
813826
262088
709036
557313
624544
894709
826540
895391
781311
181567
210369
396073
908511
477580
998674
698394
484716
483779
980323
740608
261804
211353
514904
453465
388369
784567
538776
64711
858990
579274
864205
579120
401094
247718
61959
441717
786497
813847
442496
859213
143416
414662
448570
88765
742255
827525
599813
985078
46562
756855
508893
280651
566456
927903
908015
654221
551188
691203
300604
232965
635467
534588
325270
188493
932784
98973
279240
626379
332810
23614
4883
423947
798375
711524
803154
3576
738570
374734
177087
820407
226879
52959
940430
751265
790735
526691
177783
740570
38800
946687
461649
707858
513428
875130
600410
198360
917633
194146
877139
876182
66369
62172
210568
211949
483599
704524
175214
398958
648626
246557
197092
73777
267143
916909
662876
475350
954230
705048
596499
708822
438855
817696
388028
834309
562957
983670
941499
630246
707584
379943
72012
564458
440681
302630
93828
647879
409078
746418
60592
995569
914541
117155
642778
885688
606141
629207
217705
573502
529713
764787
159528
210067
248958
979032
512607
523631
701243
256612
945373
777099
897712
685410
263256
942684
653830
670863
577067
793453
674526
785802
824253
71128
481278
957143
233602
698784
266599
43791
25371
235566
536258
870824
490841
27495
694456
990557
876831
889830
237729
930554
375781
416475
553236
107974
534809
623871
12701
942348
774176
487987
308812
812104
559481
11636
961450
474091
317443
543037
423431
16011
451157
593146
740847
792427
397899
828516
679675
149154
30177
794941
512259
895786
44343
312298
619889
82631
171764
54184
440113
686865
75783
562348
182916
69792
848585
995419
796724
181972
143358
186083
124386
770174
371515
836788
422843
901615
504481
148639
196169
915419
349191
849033
662373
780712
845174
870923
324875
670425
326349
583786
997510
112338
19845
580718
832586
776711
624783
871905
386592
874053
609882
603110
192315
471773
727984
450483
377770
301352
761792
101100
511591
911612
165110
541277
352780
310634
848518
438612
532261
11824
699017
911449
739872
491138
42238
982795
834401
997168
66417
918489
533874
593908
8632
279193
181720
771994
999834
272584
385857
145484
906699
96223
233817
716345
925523
54606
568571
780834
966284
433176
768836
819521
852554
390026
266052
132693
398229
139353
673294
280782
363409
210391
439343
526226
825215
863890
615035
426090
49820
994185
468930
23053
765543
410444
221090
459462
582848
113327
599542
26052
840108
84330
106285
783294
123061
91216
150389
454913
513006
193770
967253
678103
195925
803184
594842
549270
371921
174627
273193
112962
117594
65674
644788
697888
21431
993990
302024
631896
984163
997972
892034
53317
235913
491871
230177
367133
451375
116736
357175
438392
470383
947731
248890
652799
536223
175479
62007
929138
608530
454241
184166
99669
506360
589790
888152
781752
441568
160931
841613
630306
618654
174866
640930
785625
111944
194444
463399
100177
491226
832301
281679
244847
963257
500200
202304
403320
646357
739008
329355
388251
664103
559073
829301
656215
482586
590169
138164
730058
502662
870710
698870
647512
719255
478460
249178
338164
225996
703299
296514
390734
154204
766251
126848
898201
865907
963261
260589
499383
366361
419552
875096
766596
710388
917557
335068
478780
934372
750031
512459
934666
345548
441106
481414
166894
754608
39207
625582
987145
383418
95705
3381
605192
333335
463695
906574
802859
333438
349478
403907
509681
696401
559979
922789
991778
889052
386674
497053
634296
563002
526357
51425
524779
291414
918093
609923
449752
471439
633382
219299
671181
387829
246306
731013
219060
579825
972588
850045
102617
875905
536119
121991
329945
636704
475891
902707
739945
139587
329836
371133
676992
480320
734207
734459
748578
203594
844409
293999
430410
215
876557
892604
603508
370978
994226
740086
847364
991116
834391
399954
745942
574046
564420
158972
633059
674281
915150
40648
274700
662798
658039
984320
737223
855642
55584
346523
579299
731081
652331
383311
284153
674732
839025
112125
482161
472484
784605
439819
863534
52110
124899
95440
424599
786041
303137
422632
470467
756370
490128
234214
173120
637793
608806
325353
200512
386732
436684
845639
161
593849
938807
835815
886552
78513
374053
461995
876409
964128
147766
220682
152357
171353
581413
114299
734992
930487
61601
577869
897517
812542
726412
474772
825
221727
422991
840509
555105
820314
991448
482563
931985
135422
430193
871930
716698
961740
515262
442761
531263
593210
914451
114165
713053
170387
780079
85464
565684
727675
567066
517168
397270
665425
404374
105939
554026
123181
308420
692800
84445
329352
211735
323282
192487
917243
829357
680398
11573
613920
586831
75867
495416
886805
7046
119569
781962
951711
268760
658857
518328
164266
342494
868117
811888
137262
549891
111401
985224
687214
785051
624502
375337
488922
749213
203576
941654
711125
803327
581157
135389
172497
768365
408357
650904
289557
548645
423265
321696
185312
978993
312820
809488
301800
30402
279807
458033
28731
848742
755609
946823
390535
316966
968611
769143
10741
20223
955577
897171
304559
820603
66948
167364
92866
921642
626924
549843
164255
678914
834027
546260
108412
880913
435261
656815
710488
469978
975219
782540
195483
128404
770151
232858
331995
293179
394442
367037
108987
735184
615449
3218
900334
776180
105710
318943
365017
937437
752051
554780
44183
7922
12721
230872
311062
499017
126023
858698
73886
400122
984373
849269
529650
649056
278552
791478
780367
844332
671344
625453
173841
479909
870365
98246
812661
335424
321705
118499
244409
762455
359742
933288
977184
842185
950776
737634
314834
219951
723925
760148
59103
784950
996297
235424
104484
625502
430255
882703
619334
557262
682905
603709
10908
541585
584712
388964
594089
241
568247
261955
115014
979054
366994
256170
957982
597723
824772
596965
392083
912086
153134
863107
554111
346978
153395
177281
223957
492899
191280
508824
268005
829237
622793
572896
970110
819369
951135
923295
622445
188444
215645
230899
709988
65078
975666
586391
419511
436284
485337
1109
825471
755347
961491
888393
654241
141010
366518
321613
21033
403394
811359
22790
662160
865333
212164
989514
26012
77760
688100
836845
85862
708374
896159
838247
137463
239170
451170
618787
976012
88576
871226
722598
924409
30009
596426
449370
434026
884762
376216
177463
59012
48336
545857
525581
194665
184674
713165
732272
780315
153770
542173
212800
944184
377521
62273
247059
296675
404454
223078
94145
61636
867963
90412
10189
867301
115741
987286
693611
599037
879245
661723
461042
481546
998816
890649
925216
553111
704399
29417
638212
546589
572284
738701
649932
157638
134530
903878
15019
360844
194039
853251
98663
435264
969281
360947
426108
464231
253394
365243
72624
759551
71425
350851
951668
100319
51654
300715
752052
680124
496018
471772
432828
226376
147913
671801
444038
506356
582621
947955
161124
839702
729352
195068
186822
482727
892709
135187
79017
65571
229612
226110
497821
231379
804744
43030
110001
613159
642775
709116
184764
565500
21373
127401
926795
751166
896933
59108
444770
742567
255318
827852
708977
388646
865837
969237
938709
967002
636413
181904
863687
972797
242432
210594
239013
425822
130168
313110
560155
694406
69798
111439
799918
677373
524646
24982
541285
348453
66533
499346
591316
202819
633729
22485
801350
648478
151483
596114
177222
92160
46939
139181
96394
576985
173345
94763
143741
635971
935907
768585
112103
215713
945544
565096
597627
741536
485727
739685
648958
922719
859677
814791
90767
236523
467889
732434
709591
282723
821766
895544
266893
851771
454740
770479
124326
385051
40355
599838
82776
608359
441438
532848
419018
953562
878992
25163
652698
61707
615165
408731
243530
293202
760927
796552
791688
258052
849660
922182
479704
692697
507424
945098
588960
887279
402045
44314
847055
290023
922907
410301
814571
929197
190077
863634
273015
747350
838098
725885
558205
835106
41301
670396
908669
350368
721410
381911
651314
484337
556980
270326
407869
250276
913248
2060
483569
81793
721256
884401
761082
761762
2397
11342
912362
581498
340436
419506
601250
242297
936291
947777
658073
427208
457209
882763
148172
716335
846615
103675
947010
263319
698735
449446
767099
273833
307799
485699
917300
49364
673002
906938
785626
249006
41851
120149
241033
513010
423735
374099
936895
599272
253654
748635
294114
125474
910782
945806
917354
938466
812532
36981
97708
735065
565567
764889
814276
652682
918747
892466
617823
6861
918359
181175
225954
567280
112012
616404
12987
793272
916346
662074
139522
822149
532736
596496
521931
917651
718135
886855
711947
892573
980844
469067
164195
469276
879417
123221
401166
985772
622783
65821
515620
959568
165186
9837
517960
465420
658465
419473
746613
683376
827248
425643
237535
888565
7156
450147
390345
167296
372986
853179
178339
399171
242452
99200
24797
468163
118193
810524
611084
16052
639256
653705
972983
236672
936065
249184
77568
112550
233424
864783
418218
458367
68015
239977
421899
112669
588486
290648
493455
862924
128410
96877
732262
631098
880191
445208
615435
113011
820923
665779
385074
579076
322169
986040
999950
987649
690215
714323
382332
763683
830189
190419
65615
560585
255945
539194
514745
925727
702283
67699
798802
797084
58218
785123
993160
570661
290690
296536
41316
57871
747
64094
526580
749186
733879
656240
675739
381369
583367
477004
190577
574693
136970
843039
970712
956593
495956
239456
818204
659809
416983
97017
68294
253651
339776
737311
965374
290856
725424
406595
138522
1532
440277
262304
506311
179792
604581
522741
524434
282441
352695
346765
639892
268881
909758
443065
293752
439516
850338
562656
340010
847429
738300
388909
686046
625046
951022
85670
2298
835175
374557
166237
292770
373917
676557
587135
933022
412308
557143
996297
677929
761111
584969
244571
254232
116428
977114
118245
351972
69549
532552
122622
850263
556977
327312
878803
13583
668489
654346
797372
295346
921478
469982
967466
937007
515223
352039
854909
308140
510000
979362
518386
411346
400519
44370
792505
346737
896248
102388
496485
898960
527177
109018
695549
994837
276807
638759
170735
635597
914191
394662
669156
367897
728105
149383
228143
142646
671374
189750
895455
577127
693194
318169
37939
14785
502908
318119
632429
109139
327355
641376
452607
917615
702675
424940
252962
978329
187949
679252
150086
231180
523276
304471
118052
708515
471347
19370
976111
955051
998565
948944
111336
350210
233988
184785
162833
70251
224027
554458
640569
286194
293303
991984
645174
413814
551152
767058
646193
467160
632645
185707
560219
237503
683173
417457
26366
990917
97866
799773
577966
339009
416832
423175
592222
985265
352324
12637
178894
483140
377543
34816
354722
118466
405330
904763
258191
919897
863747
907040
4334
127621
389749
743809
448371
622618
256510
341896
350071
720625
768466
281460
641713
737645
472708
386160
944451
823721
920621
813649
841776
435264
847525
871020
584812
517304
940334
970962
49228
737227
173553
127082
463581
638804
695008
39273
738960
548819
843578
995440
683346
115549
973165
299905
867834
470243
501845
194527
610332
804956
588002
3650
36347
223250
605529
438580
112155
762886
437681
69579
86067
601153
94045
642499
995585
602105
2793
434680
930872
145116
771262
594044
299093
478652
888576
571355
335888
579990
317078
305641
320877
684672
778505
456963
208945
756847
819397
967723
212338
663394
834366
475578
208008
503279
373996
744897
436383
860200
74486
646400
85678
974058
626349
538754
433026
673729
915631
28371
59636
971579
778220
837856
620025
115400
141573
630121
85400
655178
599376
517669
430326
655487
324408
378034
404621
772616
737730
120310
875963
516374
226538
910616
939831
385648
329771
974869
141854
544227
943262
436223
461356
162246
240122
143960
973254
461800
745722
202183
710963
68313
286876
396085
695531
202386
978629
641223
657544
673793
638082
855224
601241
592245
3305
53202
144278
402083
977246
445192
470445
631379
243377
221235
729147
773610
496933
492455
13078
379988
371660
496754
455879
802445
445965
994480
172757
427597
317576
361166
314172
518862
598480
904985
916029
836795
427799
146818
373327
5943
417063
84848
513203
737286
189900
834690
28005
506140
120976
114848
401646
615296
966814
387900
466774
882973
397512
265003
871351
399077
128484
312282
506157
714402
598545
446318
965354
141083
128151
620924
397414
410143
626989
393826
980659
689201
543700
910464
593902
501584
134304
458903
568594
80417
199318
922364
894374
937531
841585
384248
604695
550927
686335
542335
518048
551154
499753
175883
18533
555209
238223
279125
508768
927568
246545
714608
496754
112262
45227
605378
681627
704377
303800
742495
909381
184681
206103
942019
501627
402460
702379
640236
158839
919038
153532
439250
586264
347186
481915
427524
272946
9081
494050
31073
558143
109885
326650
574959
499444
788987
154806
53403
944687
963852
572733
778830
211724
443726
407749
906279
400983
130995
414235
604507
746075
448870
998143
978919
844441
268181
617835
751917
18453
119071
137140
819122
180938
67804
881802
833907
904701
92611
969818
2591
603567
749884
730322
102262
411691
791235
550148
845564
884672
824885
430180
814809
863881
84475
41708
346768
150056
501264
393374
831258
387921
534960
79017
808607
183426
93215
659621
241936
210320
523539
453049
729379
562397
576638
152348
751020
839526
236476
812920
351189
253305
285974
335082
422778
628100
995057
41958
773027
959303
720406
849336
405407
468395
183455
839909
838265
249197
331962
65776
255322
42995
188829
223480
423035
797631
523398
361535
546756
82561
93102
79237
245382
737478
40266
501459
835858
838543
66428
905107
356212
214077
356317
668764
402255
449319
306719
134220
68886
576782
536483
953423
748324
563432
31958
109180
76409
825944
45256
109918
318418
952319
299019
337807
287716
999468
331012
931648
709748
355311
464593
334934
904086
113675
510743
918767
144960
196809
881126
491778
924810
550057
542027
18981
914116
282036
423859
491559
617908
731565
266423
182877
270122
486949
45896
278970
659778
146158
967928
609944
582262
142119
529635
824019
860957
611190
453240
286804
410564
864981
92648
813292
233639
176323
437225
997014
776141
314394
569639
601055
196925
370945
112456
921377
809696
639607
114202
408491
355444
289360
963676
73788
177834
202109
741734
369198
350558
147459
17077
906096
787505
835214
381783
445228
109764
171615
138095
559559
757394
14624
211174
898502
710506
784024
441454
818702
325000
485817
583284
453572
833039
813591
575522
11283
582374
311475
533838
110923
141740
44278
126658
544679
564377
274233
159592
868775
585138
780993
943826
14556
180264
983112
145380
179010
836302
4854
981471
417159
133494
502319
567114
770218
220263
478661
716031
979647
408892
383950
45647
762254
278812
396817
936659
161563
917585
601882
773136
195649
49287
664301
463302
610616
216740
33879
103765
892342
601086
275040
365004
730225
830525
77468
103056
493761
682894
295136
572710
797156
317121
312978
404125
347292
667393
880026
259291
695731
564845
348789
814978
990558
723991
131368
268670
739007
958488
52689
382254
669445
63117
558424
257132
448303
712755
896901
739259
207085
862619
300012
341964
892519
752841
379331
879917
827351
390319
86932
348559
607761
266625
119949
911026
769699
208821
442677
174383
643863
2713
683961
897697
85
824400
589413
326001
218981
731114
626158
954941
417427
929567
974443
492133
974891
263208
652772
439473
422116
782843
428099
456290
817817
728033
431847
401492
276850
865141
394072
890444
644065
772347
621013
896548
214729
173146
575368
176144
227257
420791
50331
410124
518165
769392
725219
689892
112277
195314
991866
918367
465703
852344
399468
65289
363568
446753
975624
689500
566320
336363
868822
719370
863364
188498
12519
639274
486724
729087
432647
58748
268492
393455
379855
184859
461080
817761
393815
288446
999753
938043
456073
943146
343236
620858
509458
606840
356346
346964
48113
777150
830786
4781
484401
627357
243233
273457
21364
351399
785900
111444
389285
257322
703109
806500
595087
142238
528065
898567
829196
864615
897706
514455
897749
376262
995040
452374
574457
789922
788058
6480
180009
952879
454218
872076
395951
39033
391007
327982
663231
470415
270692
913516
310630
537742
322245
459947
957023
699145
329650
873077
69957
62994
47324
750169
384674
254824
984989
597280
542757
800316
570932
22695
415538
986402
391470
539934
841620
163025
547232
817116
601358
159318
148048
183580
620559
339100
193267
772248
975043
589968
321233
161984
459398
743732
337861
824983
449651
572546
718240
139819
334043
791290
395309
488111
50897
605770
289296
647030
811875
819098
806536
215822
802787
861297
939155
794167
880227
643399
383537
801983
155262
783335
546112
45691
566163
986432
869382
269667
974413
555530
157710
613643
272734
113360
402025
768186
180810
416605
803222
693545
460703
796103
137596
46809
118083
310355
729299
703185
446054
422531
16867
508211
140502
195587
477989
99130
808881
495788
930821
509523
515060
428402
591817
569428
726194
384689
607435
708893
449121
266959
852066
34634
706191
482573
9439
329106
271602
262959
888947
783295
301596
313158
18926
115210
147213
73623
24866
626834
533538
281578
775398
787705
294508
27120
613558
261532
114780
300561
175736
662956
58458
309074
355738
261421
409460
224352
398614
865995
775219
685627
229911
412308
386890
966978
384630
461143
277672
788951
599709
199830
827565
289454
713228
569898
22008
451191
20026
868468
159455
250790
443923
527547
369464
121243
74208
489319
939220
503923
435397
845593
187212
565419
534627
566437
297907
949036
748958
173
96426
752055
999672
68891
106771
273389
197532
394170
477790
529852
890551
250674
723263
774306
244993
117022
922624
624671
929754
877260
183858
134203
300047
248080
843647
758129
233083
870789
803611
507639
159626
559585
212825
123499
221273
770804
602522
586203
97209
718525
957472
942129
716115
823849
635648
690873
49189
932649
918838
380561
750506
374382
432786
855788
307160
729092
934929
459394
772995
54600
733127
245144
309791
462920
513335
808871
535075
774517
589061
277164
28424
729991
252674
503692
60208
871470
496167
619041
887140
300080
704349
813029
693494
83172
868857
595833
887237
15433
22149
164435
686687
749251
393081
693059
201537
310004
399945
152352
176185
934771
478360
107667
774445
20588
269386
656639
369076
38292
526455
236620
541986
518278
681723
746831
507233
693439
250154
999575
560122
103987
447649
218007
900275
887242
511672
886123
236691
672058
194707
495881
130753
691265
655128
324933
862603
355648
117114
256896
280706
263023
401588
829294
654209
729025
708818
419971
957455
205717
784617
525370
838362
325781
185383
49218
157796
345839
523589
677189
738426
894638
99417
306133
185438
402356
179335
837429
745862
792662
639576
851970
115901
342932
482531
130813
899240
346931
440167
262070
674147
