100
10000
307257
710395
41301
253258
82437
487388
734920
818452
675336
799910
149189
867481
750244
321438
781562
425716
711711
294315
762777
76099
827076
161445
805369
802699
3030
740550
967659
175865
791794
221758
147610
63619
200960
970914
305437
180013
193045
617220
444189
572584
621033
473566
316958
936469
944048
107495
59948
513511
598551
220616
795618
32933
404956
29480
107610
531919
564490
500963
646252
998232
683344
281050
964005
641874
341629
759204
529414
334632
815323
215971
113269
210628
697125
667633
311685
765969
724005
107128
160733
93530
558958
239073
849863
842385
609779
467812
321303
329708
150339
780734
726390
669738
272930
117569
654538
80180
337733
993413
374723
69918
362729
435132
968901
761740
554320
926755
887917
693426
893145
644117
887618
299059
241851
706810
717114
932843
470814
194908
212838
844872
875926
92570
890043
242259
50172
90613
478013
475725
113323
276039
836105
826868
643028
603924
929280
70949
948415
182201
511308
401819
540702
703105
720656
870101
510351
682583
966768
986518
60079
223893
165305
184006
674774
744762
876271
904438
488434
756603
874098
432577
300867
202608
270220
868813
960112
598063
271642
425841
888133
501814
89044
270321
560970
856897
184954
952740
728897
66812
666076
438903
358075
620755
179910
699786
207319
123877
380679
410040
801752
887190
963613
400436
377890
219459
729663
752718
888209
357457
563015
7317
63798
242783
444537
864855
923695
7066
790644
92612
24802
416366
21747
710193
630102
380505
691328
23288
176110
571292
20983
98876
102210
237004
138163
274634
67227
798277
893207
50523
74763
588989
537467
422582
742695
54710
369392
375794
183139
999821
933106
746073
390024
626864
874217
884712
734868
679469
389788
82164
338350
628133
463347
441446
888900
541215
382823
737575
932035
159737
915848
127767
682994
585529
720170
545846
108779
318209
419629
770405
451256
440737
299048
18183
626566
355143
466290
704066
460040
892689
987916
199330
23019
324995
287790
110748
35441
131924
139116
894127
750765
830243
776965
532006
797722
648263
318089
990331
552727
884739
256484
637717
798851
613656
298250
951090
681137
956405
162561
426528
241032
823946
412550
308326
665466
519930
759645
126847
592735
431535
286584
164806
635949
682375
515587
144173
601686
854188
21002
306215
759166
702913
313224
682726
768024
434936
33869
137342
339804
383552
377802
98281
390375
799004
424956
183780
911982
666767
340083
528630
992160
999539
860863
407504
834840
4649
643638
456080
449724
714347
101859
842592
489525
844158
973838
880315
959755
28227
651236
687376
730140
797419
554243
43710
743032
520522
280484
788544
872668
115333
390118
118306
194825
390886
792243
362417
306561
727950
250065
323442
680734
726282
780295
917128
867727
898494
946921
376633
438447
916349
872387
169098
830531
622843
249694
898374
328656
622682
136753
734046
231703
907424
842599
151338
175855
247626
315337
325517
111933
459257
864713
648823
392913
398987
467242
35269
655840
736965
413070
337603
440538
251948
360030
803537
205224
217523
823632
795619
394372
667342
664792
693794
120372
555621
2285
295344
387428
38628
562742
563465
416287
122991
111185
89156
375018
73971
305408
966201
836349
611480
687601
388285
318303
665234
750889
730697
99357
568471
266828
644921
3558
709099
826955
60912
847494
350550
732138
821848
491453
32567
666285
538823
788603
827891
374174
176829
582651
251526
492734
352010
217081
719417
624070
188685
722321
699572
34840
498774
603126
633963
14471
14829
534219
334580
374143
493420
876257
618297
833107
132423
652750
566153
140386
393068
277158
308809
452004
79813
254233
262151
483478
722651
957225
7535
631232
149460
182662
929558
119776
9117
848903
582260
484597
591266
589831
852399
26153
768954
691162
22610
875547
132128
552811
865756
223945
141788
650675
208501
772695
611841
506584
861435
488638
978703
403424
473339
947156
480312
314256
405308
160499
397120
924645
290293
149065
822205
5998
859230
789564
396414
813252
882659
60599
257480
996775
778741
86102
225788
481399
32443
849962
979732
668300
751847
755881
312652
559538
771171
461365
214749
904644
73577
204167
688996
369316
771826
231736
588642
655124
923846
605932
184221
352628
339378
147675
31587
659224
607256
859709
159918
844613
67552
498962
264419
543688
962572
246923
81589
317428
250346
761432
18470
625910
910626
534351
976238
221078
120303
971894
61940
346892
327147
555757
49145
29373
282626
960955
77588
37649
655497
120435
734040
343730
817319
841026
122769
832738
607217
545368
667501
125177
748948
825713
104952
792506
999211
717183
365952
294673
224561
63926
554776
75820
756624
810995
134583
411635
512472
314826
822784
512037
493899
226283
599132
398992
851797
290159
739459
677869
728473
96581
223578
710678
917798
940531
450999
514340
800968
91403
899840
978857
319355
531437
107505
331911
540475
306867
332923
556715
563190
616445
112010
514026
583971
520984
987295
632822
526828
655565
483293
170492
259015
390596
440799
111838
751011
67284
923270
993864
471037
313320
281744
164913
694289
457487
617187
274736
966958
547743
19242
254840
473954
854535
446294
416626
358421
430512
915014
682293
699890
997008
395329
566117
167488
764491
716896
114981
679439
244677
384649
800186
335373
214856
639254
375101
15544
51151
54867
421564
110702
165037
287206
388527
26016
814365
777930
566226
243685
456167
840436
140964
896938
694315
668886
557370
786120
696845
280193
294208
354350
211965
776997
640013
312189
43553
930356
858658
60723
472098
807269
329728
162494
609168
781845
698403
90098
613555
250951
355294
301270
995375
902028
215252
828697
818770
190270
542992
225314
270718
813926
262722
412229
616366
373053
203735
659601
754022
64016
985843
680966
253115
204860
564110
749668
593532
583577
762728
244062
464060
112500
568170
582574
640829
160308
255451
972418
489723
522333
601915
486228
96018
420979
492416
60631
990540
782710
959274
503885
681355
51340
27781
692533
219024
978109
436859
439842
221605
754520
448787
246055
853101
53234
316618
749679
241926
322830
354124
954025
343768
850648
430607
758432
982141
736268
992589
612456
765197
95732
570140
308404
11268
870670
299755
413893
585298
30923
352347
104445
735232
805236
414455
98066
786746
234984
634002
860573
960893
21312
819132
413970
858334
437907
18208
801099
390132
732373
7869
259517
633507
680730
679487
574091
305158
494073
239353
746745
716600
658635
375298
883833
76863
921875
114345
415905
648662
132983
691926
387646
91222
55661
844862
418754
624320
8241
219522
25624
798633
705522
993509
925336
754434
669645
965544
29654
116227
398832
651844
706325
770676
468705
84036
724761
7576
597399
52348
683930
441654
261574
159145
982357
387141
706488
861863
94524
702067
221527
98505
210829
783954
569287
158936
226432
569504
582128
399531
987929
915249
952921
602976
240926
714747
844080
97844
355939
104446
990502
342532
456449
742478
550967
830113
407781
639038
530887
280906
904452
410027
561256
202312
403244
497570
165112
870443
29174
294959
151783
291292
159256
238211
252759
413599
886231
710913
592924
758632
319577
666533
204963
483734
156440
523089
123822
166864
733683
276278
612221
751931
697246
484187
116169
24085
933626
439501
11369
7665
762304
543715
841368
217295
794518
241709
638734
236311
127108
743225
75594
35762
637248
180097
845745
573318
337317
652468
370064
692300
699458
215967
38462
915535
334031
899128
586141
945346
585851
47367
520191
179199
194209
106354
494436
540120
154392
218595
924641
766620
208681
293656
132445
265064
302812
627014
913782
250982
378475
362987
192577
976679
888664
124655
540206
669337
86362
59830
469257
432549
980146
64965
587420
539175
449501
992718
577842
875723
759202
168537
690422
117889
622155
128913
907130
914780
24112
770665
493845
467276
807406
233833
263716
181174
940599
187609
4400
345133
194372
393480
505840
582416
43301
308281
748453
783104
523064
985387
822307
668539
128504
943300
707056
183642
39917
619801
438021
185699
340801
350428
813809
498508
957491
335203
321885
874509
187940
545745
278570
499040
97935
573667
401783
503192
660502
694681
674494
777371
582455
970110
773982
681662
719517
283414
588275
778107
441747
367652
792289
252689
794707
802709
646064
851769
834109
144268
995281
439360
396835
305547
40063
547014
827969
628219
645313
44689
479562
571416
751052
15183
767773
843515
195013
660262
289879
847813
959971
296826
141250
68965
255539
275002
705258
857863
949493
932711
701968
399898
247460
588323
220472
282043
701075
78769
201565
515907
831987
331535
896773
954474
931441
91693
649071
714134
22268
295625
524648
429188
889124
475624
519740
883346
293022
531634
932042
81894
435364
988971
495217
49279
219257
84106
853222
282070
862346
886264
497384
750320
756080
161574
613386
968643
254290
423819
279343
98946
593320
525945
153045
966087
830426
284123
176711
621404
886535
390861
562550
875814
406497
881752
916066
133295
339701
85641
561779
22479
639112
834092
549348
361781
853597
207466
471839
197911
570644
120060
3171
380532
946924
490571
649569
191682
316073
532070
369511
174330
708305
339423
848691
936124
389520
682114
225386
378271
218811
665715
671585
784857
215601
346339
320599
971848
248158
599791
797190
302491
967769
611349
664718
423264
874413
788307
653778
693738
261365
897630
673374
861534
735968
845884
486725
140250
171221
513662
16138
562947
842096
372766
495668
58026
140969
768049
863045
303963
50390
280648
567363
480769
435271
850153
120437
351993
594639
650789
294570
94897
817250
799318
94194
216189
541018
865399
498800
827702
660692
801696
384455
304399
546935
127708
882290
367990
500948
310440
208112
643170
972777
222411
55900
714239
162496
721549
314651
908020
630773
125589
749486
127821
2196
624483
368935
976266
247265
80550
105080
702403
959345
154298
698022
390262
817013
34114
443357
840943
634711
354399
741214
731986
550844
547786
270803
922760
594602
186068
979972
647428
245251
788855
839329
314289
848304
834135
104319
964410
901145
783579
230176
352757
420240
231651
794795
693421
891341
72485
114234
175754
407316
501223
991058
262495
745203
802459
480366
739280
119911
52754
449652
69534
789151
533086
210633
506449
810392
973385
332096
918593
224615
658219
836653
589120
366229
763628
746328
600295
576868
224215
296205
996668
445616
269078
320913
222845
600881
292560
887919
423820
614045
418588
611120
104054
446186
819040
651560
679201
172977
976459
189997
15378
165422
457643
89059
464409
830116
39275
51443
923481
6493
963309
846682
615480
864335
53056
583773
290911
320219
574718
524378
717038
935471
803525
938746
175552
793034
904656
930243
421206
720223
377329
601034
343970
411731
261869
214214
817778
404577
962803
878143
458807
502557
596027
168420
592178
184534
992568
744892
147770
425748
847417
191605
349420
408640
984609
249561
430383
48611
767041
315614
160674
469191
363983
78492
720037
155065
82246
610265
279425
81392
712281
317632
994037
934792
131797
113777
803166
382503
258962
886450
871041
238529
723861
172610
104504
225846
460293
923726
639032
394392
321608
555261
835067
51595
738298
561958
835854
686789
496330
462689
249401
880310
350384
490363
380230
151041
903950
20675
791600
523495
413987
179585
600874
544581
742630
476230
923272
320308
130181
978783
711886
598158
850617
150243
33940
289680
203206
313644
233874
53595
695244
765666
657678
721941
103245
893107
120159
556
689020
14559
43548
747899
737534
238575
449318
511365
776192
881349
660687
707037
670388
994191
504870
610664
859689
988821
167457
838843
39109
329394
198373
317598
528738
13920
927156
770162
656771
49004
601139
299246
706674
89224
546263
874949
560823
24127
100588
341412
726262
515587
203522
680471
993510
373282
140404
80203
947498
244439
657110
475310
591245
457149
888762
842739
511775
398047
587103
920433
408486
235114
648695
903851
889283
675652
952148
587818
52515
547061
171054
176007
666078
102723
985619
127045
18671
619037
101867
807386
750609
763437
86695
130447
211698
382928
456390
865661
698006
408674
154947
823031
900363
160114
855455
858886
777412
284053
377670
392847
493909
88406
776481
637905
655050
940811
733623
112779
493476
751043
843392
19706
352433
167963
440904
857536
12359
324271
370301
478432
678301
140334
603093
503142
788933
784903
296286
488996
652234
503104
226211
389078
105186
383397
309944
271271
336
450909
479331
69453
93337
416152
303975
782543
800032
866852
238766
192359
458080
172959
275538
346690
380742
487815
94088
64931
283817
831725
338793
145832
32231
941576
325727
844645
811677
642022
943336
38892
805250
423805
645898
837551
638113
9504
322451
517372
19633
814413
271052
413542
385234
828835
445946
3140
897574
460465
915280
959763
188938
730537
421812
449399
733872
821491
24940
321823
495771
566174
404965
683909
899189
935473
589984
693333
37072
456544
924090
754533
872695
275290
814294
582243
344112
499263
351272
745677
826194
3439
67361
305688
59325
606718
27378
569460
682105
317443
87999
903271
254254
301456
448034
246934
988989
313339
766809
330787
253051
234331
540749
574959
127048
304527
317952
194176
850383
542520
367826
594494
957212
322438
85103
836504
731668
640624
457176
1412
121302
31101
965901
868835
657645
352896
431701
833218
838958
934817
31017
762301
289269
792213
717123
122942
601270
70191
117246
480163
411330
923984
988970
951934
411161
715386
446574
869365
683046
148355
933274
94794
870363
728229
62601
342709
982249
337202
436399
633326
574236
11236
364229
755975
933714
309907
619726
389621
60630
571071
684548
286319
526557
765325
277284
804974
482012
554767
378067
901973
632580
387196
405227
781931
265692
890751
279783
38339
444217
280683
197415
193853
463771
622283
320159
609893
977127
403991
999266
649272
515197
229635
808327
119111
12533
859314
234805
48693
569595
646089
665745
744666
971268
664030
230528
222730
664684
269710
876443
973680
406318
302765
89071
327187
924735
899353
929133
430331
515591
171816
119285
970093
655037
651135
408761
933585
105374
826692
480337
417781
851529
704299
699484
765738
16506
70317
594125
682316
767905
384087
966873
702432
103070
714367
188795
369429
39260
746833
222050
426797
399687
569351
491001
57653
589483
970551
699152
373872
116394
722310
812140
22674
272986
853498
334120
155304
996665
683566
219525
710357
370957
602270
588182
97398
305884
116322
64769
77351
129093
490296
795506
31135
899066
708218
123490
107446
436059
816622
467647
305928
284143
446844
44985
977393
145153
179194
237609
367799
991189
231843
400733
134983
451398
424103
373508
551704
55613
330908
839667
324460
6096
284626
512721
33461
62644
35716
580070
473748
566304
314665
802874
867964
532033
829802
863405
246454
414355
140335
122003
484925
437219
290195
711305
293001
299806
574518
474649
281193
269716
915184
945285
985161
698895
579874
147508
705683
196106
819561
615414
314866
217616
739180
939894
813106
167731
197973
785787
321860
768805
328220
559450
822621
722550
972799
197756
656445
789674
265038
992264
175501
547638
442018
87853
101665
306327
928814
713101
843742
551376
97389
488073
669173
278334
172539
870181
337037
324633
680576
726424
929855
350601
405319
1139
491195
279714
91629
668331
146376
854974
168756
73733
488680
138230
879287
518685
689945
523260
655992
315794
182968
747864
447317
886417
958465
987901
395225
268157
132465
926856
254575
184760
887884
239956
390962
577489
650426
282748
392607
368010
326669
106542
563180
198468
758366
785256
769458
352009
410197
64275
548357
78966
412038
242168
608804
693507
823992
744867
684044
149041
26690
814547
239271
934479
958607
93722
159650
905064
103360
877783
192860
428748
317744
8974
350074
65465
80851
218593
892887
384359
359991
341485
276569
108269
527341
594948
22687
169171
520641
313602
874582
261493
845988
458126
465643
52368
501291
490735
769882
870956
846704
434568
579109
575142
622998
843506
79649
504793
235
876340
960426
346664
117478
171041
419639
592619
171471
917071
737864
487348
578366
687919
946108
727933
797691
316494
411327
185391
989445
594983
620064
260369
796398
946274
523520
638028
544355
165997
851750
703895
786186
436150
44464
76163
587140
504834
220260
364581
959313
302253
171749
788763
505427
418814
125441
485053
111787
784166
428583
255650
423936
911126
238710
427084
920734
803066
175152
388913
674042
534549
868557
425126
907540
544762
170092
317226
997493
321700
394404
694669
173784
249651
753721
556155
406053
435588
225835
488361
200216
815083
36008
83419
546945
227023
999841
356175
646756
361123
938041
567882
361024
346685
217114
923644
378157
291348
579298
860242
152286
576539
671611
446937
998214
7540
905993
504842
378264
396499
472124
69750
108390
488176
819589
153743
435051
426600
989029
671504
674212
336369
659488
363146
286360
266296
852433
438284
102393
428121
769751
178607
480803
727162
454957
17531
151105
710724
5592
730426
505999
147263
946425
222615
419001
478538
717634
431921
442211
326195
343685
649922
546434
895545
317544
436902
111335
858267
810421
415499
387164
302044
141198
83636
694503
384470
629949
150889
443051
635256
101994
953599
696814
545566
618214
909184
480758
823180
143971
453366
70924
832198
580486
500377
497954
735502
204245
984594
489232
910971
686795
724523
806458
599218
736587
361238
275470
442244
558513
440791
448618
730532
517763
473038
434010
458819
27654
877157
573055
108746
913261
717074
546123
285683
11500
878665
353384
761732
509932
405890
927864
737514
182295
121954
134328
218606
950546
295688
152958
461078
221899
388919
806049
686939
917416
764443
923383
226049
938846
80314
460985
921113
906467
516984
931715
997519
696507
19910
408696
722416
599535
394601
335875
361085
77405
772963
859256
474788
587304
789632
695384
917473
966927
952062
860851
346289
161179
754969
219816
547758
195378
863155
853576
847756
152906
560605
466201
519534
353207
623045
494582
572518
75492
673020
968852
97288
757024
989218
570783
593577
369616
305775
243266
772473
982915
326689
453574
98746
561571
711102
264850
68828
160262
913029
637905
160247
103396
927413
310129
557092
418083
353017
571271
146233
499919
628846
608271
20575
484773
925331
541969
725968
960654
502924
121120
905458
349225
542291
822525
171595
22977
834619
740568
905761
129246
558050
147254
435055
836343
10739
610734
715845
901637
644053
341901
173949
1522
727348
74841
376725
972528
688234
118707
934830
273383
562889
157589
351136
878918
390215
879611
420856
453243
53767
579743
572623
492029
636288
270556
83400
36678
54156
76532
340837
172255
120655
109933
58502
992723
629890
458326
264960
85125
241563
788519
314390
907358
277147
619142
885335
885854
775732
470310
334867
319892
875348
63370
694715
899561
357906
916008
655892
162454
285812
123816
91672
305525
221530
491595
414185
255157
185803
779881
396915
774888
722971
219730
918941
840311
922485
233750
897643
846005
111243
104865
318707
700368
981079
188926
957433
48420
640460
348668
88938
162281
810782
180270
289905
296781
506667
888716
44922
135389
163332
338166
641601
765788
719964
267545
726230
665398
634765
46378
710959
47630
943425
91856
576105
25972
466627
142366
842845
471282
502562
13054
791323
249605
290687
109545
871686
682473
232756
431058
70732
658061
304865
291746
934655
434726
795156
499550
220757
214048
833300
462566
89785
37551
876235
142999
592331
516035
726797
459087
601467
107993
447049
647952
541757
162414
544843
727549
661673
697742
513643
64578
526067
749259
604886
317713
169794
377034
2742
818951
266478
659064
77953
25709
228123
23578
924059
962073
476205
560513
532457
870389
560807
817307
288051
853527
873763
192358
520437
374288
252208
940928
232771
109185
491971
279195
493974
179558
454556
267212
687095
25462
148471
36034
846022
415139
409770
138451
546279
690620
321313
472690
720906
289843
669108
956669
647446
499704
689762
954035
537074
708227
171053
156035
187823
576881
896337
764159
663765
403974
250146
887536
305289
859473
969409
114178
421720
726957
213626
725344
46562
468579
877310
575835
77989
517869
245048
680643
698981
521430
878861
87192
449398
974461
236149
874970
307494
312248
782577
502269
732553
63124
424616
837433
917281
180091
633250
881725
541930
426607
809632
354051
915200
786290
207701
692671
931758
20808
158853
791025
712596
169684
614777
600986
84084
946335
519068
824907
231257
991416
566518
721304
329828
502325
673794
992492
314484
528343
249133
282614
318065
584204
283374
924161
209142
820621
788540
34210
807064
526312
153969
560330
330071
100312
239225
249275
143969
569808
240758
130008
379517
459735
56052
676693
694426
689548
404612
775053
815989
758859
573431
502322
783393
297960
182137
982558
587638
307736
11847
327881
308056
627824
952974
819540
91811
820485
341794
515265
321136
437873
145175
180166
935815
280759
262784
343350
887841
510334
371713
945503
23320
252922
453779
701235
232813
400360
991508
127902
418294
818231
580873
606646
676066
205380
667569
535569
276714
587454
261766
980016
877142
778409
739795
555736
803049
787454
525485
959553
455723
266287
456335
303272
988113
3783
147734
35519
351626
319728
800725
145797
277096
405390
989974
459440
928233
404553
25518
973125
346018
664937
982652
594634
497607
108570
112126
841300
504473
828366
425551
811834
671852
53569
67649
908522
723860
316056
323283
321753
326060
773603
996687
263638
296834
335682
634691
73400
769634
849955
221785
58870
347390
482729
866901
591061
548535
853544
129451
44476
960586
368845
981563
192035
393818
312283
137322
311658
97878
508176
868574
472710
520774
617510
81301
70742
327735
676021
235363
835540
53441
965941
201094
682790
922994
637602
717927
296532
90649
377144
632816
681749
308912
983454
250308
111746
239527
804895
867359
107308
616393
581779
318092
962441
72717
943772
517501
9097
332028
897868
792842
497287
14585
80932
146441
652826
146994
379191
329478
815564
942626
198766
563295
76898
599680
39908
559743
966874
604359
249201
554805
594227
589859
475908
153456
127910
953845
433834
247641
176562
754243
854443
825037
94677
600511
57171
719158
881046
581490
871758
649733
419391
789765
236653
598861
6313
919916
388677
246527
567151
901040
445750
587966
341445
158679
255433
237022
114401
499249
960627
142462
151639
543682
807478
750015
816962
928263
220455
570336
346974
96487
940938
210744
737523
988727
786585
141775
204076
589674
678692
476440
828358
91092
478034
101263
729508
248217
884293
636459
912191
436854
797276
802305
516218
119915
310738
870069
696275
485828
848003
185565
5046
973699
80015
976372
402028
385004
977815
947383
403248
74093
178725
602079
345826
635239
309032
187132
979733
835165
965660
418603
233219
480632
304776
59956
563424
572212
594017
731266
762059
976171
956300
902911
50977
741692
588353
390156
846764
277400
480779
456282
465849
131113
355691
603432
48903
441054
744861
897369
27739
143191
1522
481457
962673
614698
513436
999276
121676
736592
902024
920443
402095
291056
581670
362332
837924
713093
256772
103316
461241
9710
77592
865996
49035
60562
664284
325
318458
425773
49492
285178
630268
731708
200939
486289
803405
718913
797755
159101
498436
572211
268332
721331
286401
643910
426228
448454
413187
449362
799548
190113
677398
29539
196899
971425
647401
254300
904219
945869
538173
690824
959281
622194
152762
932159
775019
984479
691484
401713
510474
89402
703690
317266
760559
822590
981383
381538
512922
377362
122945
764119
833357
625094
600327
254186
664335
515884
433112
364091
174348
726353
821463
435426
479386
270679
459418
628371
715158
873392
790113
429165
997485
936121
178659
42335
644279
819569
643204
20279
624189
211348
837540
104969
86491
698648
768145
838264
933697
958083
341340
672420
296275
958503
459593
292592
367408
730683
811040
547950
123408
47000
221984
524778
219079
469453
804243
434192
952742
800671
852349
797499
815104
354144
728430
735514
671370
210794
939447
699329
599132
364153
888121
244554
514708
676834
741657
436901
595162
244276
603727
799619
124221
342826
510814
347291
784764
402441
414686
977048
236962
178396
43765
578335
226504
219402
600292
1536
972862
668689
428157
961592
740869
519393
462450
603681
503795
216471
815881
303991
981305
123796
697133
823495
583042
101882
146846
675702
78065
669379
172743
396971
910925
88637
627248
663322
358137
265190
520074
44526
377884
713312
15016
739410
264543
714128
56461
285405
199252
789849
20896
376152
122228
735280
648956
816236
602497
123036
861540
804973
82314
765581
384659
438333
391629
681814
121650
82078
805302
136327
674147
664792
777414
517163
439162
773443
943247
781979
149708
915314
550939
538749
807391
481532
624621
42397
375489
856552
792735
295781
673396
247092
139818
824956
660294
1538
383300
818745
44736
271520
292004
303555
751348
468402
106017
894791
884601
857534
387768
328596
613300
616852
970412
247510
998924
610392
250760
936365
914623
152750
253952
365801
414035
28352
699446
530020
545764
481966
440088
174716
751452
76627
814758
745132
488706
229105
751889
547847
628521
249080
883071
729168
506504
73080
149868
433464
741226
794016
103850
511925
484092
408882
431176
189627
188932
841029
964881
890521
952177
117366
640236
330035
125965
299244
533857
92568
710350
534087
677371
310399
651788
255653
54856
152867
89422
206160
804989
196664
208893
533383
922294
711048
125818
247528
550428
925871
351115
823991
694816
403567
154992
438349
506019
268785
705748
536735
644472
367833
594527
324586
220673
143236
345896
805112
402358
68641
179080
157906
76612
414121
615050
741443
414033
461756
325374
980100
508894
748250
696941
648649
805702
337082
556774
727335
649635
282314
463223
117728
707792
217412
335671
327885
509960
161130
312896
806438
242989
196190
754299
888049
339941
209696
396628
686085
470879
21156
955916
270266
411892
560591
371052
717488
93736
205454
922455
129656
534031
346323
797433
615138
314828
639725
165404
227555
944181
278275
196377
912291
843346
872877
871275
524513
417860
703088
702623
610244
749955
428051
877095
46783
949376
168226
509775
249695
824809
139583
927047
740404
574155
837279
601502
717914
308369
725736
637776
626979
998826
50214
56374
6882
674633
480292
246171
364118
972870
681645
574319
156466
938914
676127
891157
505669
419239
484072
881111
897611
443694
547232
790329
376143
738682
271491
343915
581947
239490
56457
371543
620286
451276
970404
324379
710040
239989
672278
279249
527173
335821
355052
461193
83076
420959
963994
157784
329090
171918
158388
975754
766632
85786
700487
642226
773310
106626
448914
519907
408890
898564
884708
507639
934569
865664
61395
334988
122937
542587
760726
196943
975073
578686
647296
363376
333869
107294
84058
129653
379113
669079
308635
545642
547689
789842
449990
327990
955124
891718
456096
436810
733067
727994
588237
140018
352473
693544
469703
888590
942840
609278
870137
184538
469213
507774
120574
375208
719522
153029
535409
914032
222639
447272
91248
11774
406019
931514
95218
722057
188708
323562
721026
885860
805473
596873
423448
461709
451329
85034
708114
423395
917642
655010
151828
538677
991023
384623
854713
757238
632407
36725
710132
155084
549446
179299
889864
384967
596970
972341
218016
801839
398148
611026
345355
697014
169521
522773
1432
851532
8213
152233
516171
604050
734819
884557
512185
777766
586954
600055
893125
572829
307711
712725
221879
760462
454115
705966
443574
23179
321746
266023
253922
197483
716808
729698
70288
663875
366575
886273
97315
708723
270601
557576
335363
748508
570294
353248
106237
1135
641891
428728
807799
206049
536207
323334
504078
795771
192827
100140
977166
483533
277486
860021
412301
697794
142754
291582
356324
351631
898638
461809
632843
744581
892945
685293
337104
475271
784312
432322
25140
977173
224684
514840
798114
927814
86843
434735
354189
641556
156865
184832
755045
112785
930930
190915
981429
35896
169927
271562
776540
693343
706371
457610
606757
22024
640737
876154
745286
188886
597340
915029
781682
578332
600474
693049
712475
572241
966518
414513
263943
220064
386409
214416
767950
797916
584532
389556
433326
696465
620524
685290
7370
149109
420610
339248
34885
386750
407662
408853
515383
982029
462039
760061
760779
396040
44066
605953
349045
966917
873333
169395
408210
680737
817383
395391
294301
357041
551686
996332
331787
519056
322308
287362
936709
522776
743678
276742
968832
679020
902122
577377
406266
663281
546077
795871
795026
800604
271031
238546
130244
87846
101484
573655
707265
90077
584943
537584
430823
221268
673469
90001
687330
872059
667011
639158
631134
276105
506092
309873
975336
886101
228619
351490
343136
234180
198434
258526
410909
566557
39053
151122
892829
131833
541518
970305
998631
449430
543670
610313
243072
207818
944492
88260
951813
975572
915549
196970
707883
213070
853056
587988
177873
75326
491332
296731
820351
655501
173721
708703
363582
942991
563224
210916
215251
19200
99536
552278
60313
364304
262638
494381
787130
67733
996616
831083
41738
409376
835270
802499
245824
981738
73645
909780
824337
104300
939721
979410
431851
833869
323639
233158
809611
518262
421708
342316
893307
526530
342566
914490
965612
525265
851661
540928
169451
59451
691781
754026
99331
318882
698482
160931
3056
462625
723304
304852
286139
824289
619983
696522
441463
577482
431983
123446
735574
620885
922526
619213
240488
784320
13827
649424
452850
774939
713350
293414
608679
911424
474582
24165
118790
93600
547606
237743
559055
654519
258213
366201
779619
28065
986760
657959
709751
223111
713015
290067
606388
841841
862593
499821
700143
888320
192412
950076
561280
502963
642701
81859
437505
359654
513840
733310
310309
5212
305253
610379
57778
668785
315799
238950
355356
727410
569770
944589
366400
585032
806208
637506
138681
609423
813288
632559
864099
457540
871909
740067
765546
208797
336150
845627
655565
329011
407686
824924
41845
187355
183634
804060
580972
384658
899571
778240
577084
822230
84328
467680
453605
836881
918017
174695
875641
558448
216521
288055
90520
109715
248849
425577
409028
810717
215445
246706
422368
918378
873870
339937
740682
960544
938899
66116
802321
245727
399405
781610
730133
550290
113142
802308
413114
68263
107180
151781
435976
762715
556375
682345
77283
628718
364693
592689
184802
606326
759103
397068
584909
964176
323706
879921
19896
244081
457500
26344
271798
651994
548856
135817
941500
943018
813768
825885
446164
225229
37174
899617
982586
761810
439367
704168
198103
434971
908580
326560
333719
11949
534215
105453
145321
858664
552062
258353
379091
182288
573023
443053
268271
976777
283337
809217
862149
800290
484754
361487
651654
823624
552082
597438
848995
189531
521355
853594
179720
649693
504435
541401
373753
18950
317600
672825
279559
12022
729232
369220
835694
308674
280465
769717
60302
179183
84371
823989
973508
383869
353672
109950
684389
980890
556085
357729
934551
392888
571993
68386
927371
691064
609782
415937
128218
814469
433664
76436
779771
52862
25185
374543
326751
440779
828135
192870
120745
106833
642955
139337
227277
178880
158431
5006
642500
286153
298131
271981
839145
201773
738659
343460
403892
751665
284449
192507
768912
217198
18074
800674
47706
90756
633832
560182
106680
309167
396308
784930
167764
877810
976293
900066
923892
628655
885066
20707
893176
988760
992927
159175
54127
74752
464287
238084
558997
356875
669095
310572
125421
663108
210723
56519
28151
880717
749783
896092
719311
139121
431500
284879
290466
371094
445397
243300
858893
650190
978684
238369
258388
894284
781710
307858
56251
395507
284544
110758
763140
968074
948093
289399
976646
587980
176397
196839
177063
918876
108643
428390
580342
580950
953027
706447
351911
377985
193358
274354
322412
57568
965611
463917
8108
226152
29332
986355
490530
145419
468218
790894
389653
437875
276950
363393
190255
457994
538382
422182
886077
956470
832640
310455
650434
207458
449773
90504
411320
894712
549893
346033
686692
216939
744907
490281
278933
645680
510180
881165
59897
341260
733186
494529
836059
124616
873960
62829
327997
935490
156121
682409
909005
961374
36001
633139
653320
614745
912767
856029
38120
879805
693037
794500
493899
674865
225678
139130
849250
237736
414067
787141
732690
267258
354634
111425
693674
309839
560036
900064
66241
405367
799457
450578
244716
563352
539451
894016
966298
319103
327147
622321
579788
446999
407931
494927
164659
567287
601066
686020
241703
138453
142837
291263
944386
857816
734408
252563
905431
922188
782913
1150
49682
120303
781405
692678
152814
848744
893505
331135
924941
675479
848999
400874
288823
293959
586403
135352
461617
321984
517073
162988
313017
128570
704925
224542
313373
103531
362607
734427
6581
851713
383857
457386
625667
92140
291262
95146
913125
155218
674408
346775
414644
493926
957926
742123
501629
115603
372697
401504
384410
272466
329017
724436
458540
417883
24544
976710
285558
477047
240307
274621
451737
185076
652521
942408
44392
183858
817081
586336
816103
281371
827236
344745
909093
324784
680028
448087
127475
867710
370128
690542
623424
598063
318229
498018
467666
362620
561394
677148
129507
349504
825352
656990
377622
31144
607964
245437
925268
431367
752131
632141
478792
114630
928809
43228
148403
474553
499197
76372
123948
302540
141052
153988
26744
593692
963673
891256
575746
792162
975814
820356
572983
975882
308450
977248
66624
267490
247679
488301
770909
114925
607054
694742
260891
223064
563178
299281
845937
912516
658942
526405
864253
616386
833171
687814
11414
814877
141113
703291
388877
915856
261073
45089
822725
536344
412342
37992
878764
328228
244806
127803
230933
511338
856976
661725
71796
349139
969756
957935
132917
686038
152529
449742
7353
140195
902919
866201
667758
937973
926250
110608
783177
839178
182727
488856
447651
615663
553974
275163
237293
945460
358628
387148
380690
297664
328892
758472
761384
449149
353074
49432
286417
710259
299884
808019
129140
207539
63309
273376
193555
691881
743646
654105
480714
947413
119707
361484
357859
804051
78808
703067
664472
513814
809614
309187
847910
380979
969286
529017
450826
438361
14241
141872
424091
386591
751170
124152
569027
712822
394264
230080
472219
923198
315851
969340
214370
578548
696130
446881
745178
317832
309071
103437
936384
663308
40696
238725
790758
118025
890403
783830
865390
129004
594973
976604
965925
210078
240647
430241
874041
101553
611997
983517
693401
602037
213028
67164
602088
112747
298480
889277
276125
545297
566031
553174
222521
815068
319189
541109
854630
608068
411205
99713
90921
939385
692377
873472
350148
238259
250863
941426
909291
247079
435472
808282
306912
92117
817245
324828
864749
703870
965272
940353
89790
775924
202444
261528
729944
134665
561435
102712
13050
441065
376994
286624
12174
599620
971850
255295
745100
516195
361710
459151
762156
661276
210020
505371
280709
426913
436330
994786
613191
460274
31279
990868
368274
854771
543611
844089
77488
533720
449019
165809
707446
806460
957357
406614
978610
242961
330596
458557
466193
813938
91576
853212
182032
108053
628046
328517
626781
235612
250624
587472
217226
398474
725992
432344
712044
889426
158734
193627
527382
298059
865836
945349
550893
671745
788186
308742
701096
559141
912090
859551
774375
385572
357954
887677
362860
99860
706882
374012
583930
93387
474705
59212
792840
617162
108409
483121
218658
463895
335227
434916
914205
404392
110368
998359
232629
419771
879453
134358
408773
686147
171169
574153
994145
942588
946495
707350
163091
215264
183859
299747
813745
783090
221203
4921
902232
473015
759827
262724
686535
3140
170741
992759
13018
725171
396107
989708
986528
425007
645034
403753
785884
262127
437229
54814
45781
361408
148579
955531
799258
364922
495574
56799
573590
752340
259449
139579
159435
329684
427437
281524
169263
415646
417200
678583
539424
889262
61794
112391
907524
23137
600181
556835
70657
633965
331825
777539
133590
859954
341922
166784
944276
296872
912735
15635
902781
31095
410807
751797
679607
341285
974969
793190
73197
631913
557024
439306
654211
867295
233305
453229
570355
197589
50227
42471
934153
873154
331554
760667
979191
39190
256048
823705
201238
730093
808257
392292
465658
926365
224385
478861
15664
390830
186028
947966
605590
224745
369721
993939
99927
925385
97252
496738
208835
881422
577751
345499
102919
333873
185332
722699
661773
877362
664450
655995
661811
531149
695409
396213
146208
112011
969291
472102
225993
415988
423545
390495
380479
539938
508656
328693
292978
140016
626230
607113
615686
525202
520981
693218
696208
952959
313434
653686
68781
523784
343370
636232
127551
519116
784739
383723
12165
528388
260106
47268
76694
504250
141910
109421
662522
876055
19127
14422
465893
895769
399428
615687
602897
443747
701601
601440
405110
255598
740809
313089
437225
757918
940926
54437
62991
26159
343754
798569
932540
578958
97008
561707
891244
859076
189812
764237
964828
141901
604996
251737
510406
878791
940290
804735
764408
265350
241903
34617
673680
521156
946741
853775
309206
404598
432977
1910
211638
439225
542683
347028
80984
751211
539123
391007
887518
470039
612938
747555
252025
661192
712714
869282
158120
85822
600483
225685
119439
192574
886067
503633
950896
687428
699729
725317
356040
676180
685559
901152
361992
850223
750153
116687
125294
567264
661702
1636
809408
202997
600202
208274
301093
324107
585917
82389
894688
779907
960924
217454
705321
947281
221474
326732
362858
284211
972242
801543
583891
438142
669476
281541
325530
981651
53322
576959
204627
311601
793693
286558
13095
176036
995241
875583
478132
467804
268241
623126
858753
10712
779105
775534
600028
912769
273326
148238
390418
334227
62700
271031
146379
303478
970764
797323
581055
606251
489551
719496
756377
670242
6444
898737
298854
359208
402394
745741
993018
620157
576699
81673
729120
597892
518885
670264
697979
992851
319437
783931
548797
570794
58962
137404
283971
748673
247652
327828
581964
111290
888079
204237
450901
630710
850088
814913
779282
623555
988754
602401
504586
390707
892461
266258
276560
548232
812125
964913
530009
733451
954418
291511
39935
204604
443641
678776
903057
476707
885278
450821
729876
236741
292412
423346
623067
358834
341059
28082
329534
497595
200837
530526
883578
290242
667485
676308
903845
713834
51836
668476
934732
128428
563345
785958
439531
105355
393749
837135
52872
867040
531504
481731
141996
859983
836107
21724
680831
270938
197299
790376
786559
242260
824486
551273
195292
697581
486910
477814
268660
524332
564343
337342
577830
138876
110239
61740
775061
368989
418393
730407
238331
639931
444941
238833
855911
470748
839536
204591
174164
50162
840939
180871
115880
796816
377642
832229
872710
205946
945412
173657
927440
705429
585922
877082
904508
929341
434126
443566
252945
365173
625402
898209
532607
124089
109609
54194
507993
758000
490846
665166
677488
407229
714079
543924
778317
10549
329989
600375
658378
214635
693795
743458
513037
587814
596433
162293
70690
333876
827220
960334
278581
170392
195179
801123
107369
705950
792632
510572
416535
239888
911434
266717
914214
334401
198531
383249
260483
581894
302635
114050
155005
220420
685072
412981
96832
689829
908375
471027
45740
39013
506212
616817
641874
546696
712417
151761
464651
914990
754095
195137
589428
652798
576679
213890
178441
522112
495819
610179
27229
61319
349391
657771
693875
99531
525373
474806
888445
86741
31177
188215
890158
480211
12849
217467
126462
207947
57872
721358
602746
723373
399937
440791
136581
899841
121194
625566
515119
236095
45740
84142
285039
816381
479717
275926
844672
827715
187872
705865
701654
988346
839962
840037
721148
389827
958578
157137
55500
631717
641644
207103
79946
867166
185121
502545
704989
496794
211911
597016
230058
553409
905177
285303
814542
158635
67043
594726
628664
903471
700716
352594
339682
135897
3199
848226
689642
738425
83992
149461
875601
773144
843688
542279
652559
996358
910789
623378
187728
937231
674865
950993
478543
280972
698181
50496
868686
981781
564155
88703
987759
176660
296085
196598
550450
825589
247532
713426
226956
680441
923992
667436
840864
193642
50553
619979
556060
330089
738976
149632
971955
326179
108062
870576
961778
461922
526310
55790
172737
463551
653025
729798
440569
667702
951503
671575
581084
816786
848788
787672
433717
344135
493415
707195
891661
124254
677330
688558
425927
75275
117670
535870
140697
965658
362495
312150
989351
433672
901168
813286
637118
344238
152650
15583
928937
570136
392270
93466
786036
801396
443821
574040
25851
822118
258231
649508
378797
591032
622312
448085
632675
350447
972492
301168
984727
790521
992907
496362
231298
22850
120853
414538
622998
236261
361322
667501
367829
145663
616966
458211
187276
437856
682984
680823
488240
875355
159934
91661
531475
180733
674159
949347
871043
520154
710596
972986
533632
625347
609396
760974
803479
873683
766730
369984
757215
543081
156917
2581
483791
737136
687852
770967
218939
717337
523580
590297
399913
288682
212911
809752
25364
130160
998939
193853
228796
354704
72964
466112
978728
938812
67951
811814
591610
684353
676804
547818
528877
892796
498910
844346
291373
706732
207859
524696
973074
959971
945691
180129
352443
554263
351230
76907
941635
990421
932511
921927
895203
182229
798911
834725
533412
321000
692655
433751
908606
289358
777782
306990
369874
664740
786522
558145
694593
41146
964367
226572
949991
823171
956153
706548
39864
173861
848416
79208
375157
369
434543
199908
898186
898797
106281
139407
250759
458188
755049
534340
743417
133503
171732
311406
804517
514404
618589
207437
569760
332893
292276
426581
440526
129276
720588
892981
490869
289050
339463
851061
368253
198471
913281
711800
30214
807323
983862
138209
213158
412331
83281
811026
604797
912023
983314
309328
959159
56769
696986
252739
195358
977688
636566
957465
896538
966930
728838
382345
439814
832120
997609
177461
460911
629403
483015
268264
704747
92516
783130
445503
130132
750857
830298
38437
760352
314908
945252
757495
330270
31613
360710
535046
228687
682544
768745
644154
416991
997321
474012
523731
872702
684804
444153
81099
148320
321777
788534
601816
517773
412044
687626
162061
20773
177387
339129
560992
5108
388304
260734
475846
559662
594526
714452
89339
127687
706281
235490
675486
673201
550502
197633
424632
195635
226881
518699
760029
373091
876942
811329
313963
870720
607383
932600
5615
591790
849235
396130
536424
152398
869304
622293
401699
951801
57192
355130
307973
988698
443462
493876
380007
113189
893868
664746
755803
480120
408949
527731
528398
473868
861621
530205
108550
134936
210760
385946
232778
765570
261256
770632
122976
759938
752280
736539
636145
416534
851485
176554
646729
927516
740749
729746
892987
376271
388831
939723
919777
592480
764130
837253
371265
652272
197162
210814
758796
910248
875556
461155
290368
452918
816459
855136
162797
545508
344947
743750
910036
735638
877443
772056
837354
745568
556672
846322
998589
117570
205188
224727
488366
138497
911245
780245
888028
928931
418033
535
778785
988614
766319
260743
545526
894045
930274
526494
678194
299464
490575
306825
923951
320207
558685
529721
838989
368316
255716
717704
928656
657234
472733
313347
938405
808493
964218
555352
300866
585143
25039
701341
377707
601156
774125
182522
843344
309643
403344
591285
896787
356034
828974
980632
107752
128341
863471
612993
328790
307138
892988
63558
951130
228884
539633
910658
107434
766585
14700
407681
48023
544578
27911
782596
536779
180984
142498
658225
241394
120213
713497
550298
573174
946982
190933
865192
737762
590011
967806
830116
284264
89671
551438
39649
235198
347099
53569
633866
594786
178746
455528
284484
762239
920472
197085
637247
16104
278580
114897
936734
826497
410063
641665
201920
872188
244871
515080
990187
473537
437525
367821
323541
268327
131872
186012
547662
120543
643323
280467
526541
333553
432194
410099
740245
317662
724876
988502
528899
804323
378509
312895
966967
453663
541323
366029
891677
65036
288699
963594
466967
703209
732472
666912
599113
191608
996767
520363
711808
630627
304457
664234
24511
42554
526310
969870
898408
974487
455986
144885
233220
145379
581271
135920
710895
436465
430879
308352
371747
107144
599124
11296
371871
406526
380023
844860
440627
777471
840217
450495
42027
422765
528921
75018
82517
332834
442298
21440
629809
363152
363871
2750
50101
491722
572006
538856
817850
675931
42719
383135
404742
388628
61608
766286
880695
793764
3238
168996
615112
602399
949026
468252
280323
916833
618109
429303
203459
308620
396945
528908
689637
148012
430758
992245
313931
354748
3406
184043
983692
257218
26846
227884
912059
6741
146313
682200
298003
913279
173914
489244
496188
257341
178638
173509
548156
409827
987211
998518
177469
306460
42433
693237
750966
628687
127836
744607
889081
892382
518307
36540
769369
517512
57264
639981
382838
341742
814156
116482
10535
551283
454374
404136
961794
535356
417776
740799
13451
852695
360471
376906
174518
514360
1181
214080
815066
824670
886612
6911
130805
132244
415417
882848
104342
483603
349226
543717
409259
801924
275973
214863
178855
165668
377567
98125
275407
903745
338206
990990
375010
613025
402164
883191
997795
310849
281336
363185
903812
661115
346786
680793
249585
481025
274851
129371
249398
846085
810143
647577
900685
610427
986888
641860
156872
13942
721752
115278
110807
871663
433067
384694
997367
932709
499318
490690
788728
484062
190824
160267
776040
572491
802331
504946
853473
65673
841271
720560
927980
401348
918820
729804
940497
924726
846633
670181
616893
413325
272550
418735
625741
674923
595050
169787
764925
855111
594610
256622
892776
170736
517567
458579
926011
174706
424082
476045
697658
33745
285063
173285
433262
284914
754700
483394
256362
997914
347644
567094
147833
129549
265116
641268
228199
339928
532208
483360
70184
749099
393019
214463
111464
675230
724626
485774
56751
518612
680540
495214
128368
463549
204776
378044
387375
417845
788139
571135
13070
123594
765589
856059
264626
832411
895438
366882
358870
97499
370770
960618
103020
949749
462054
314554
598827
459402
444213
843517
770106
150357
600588
589401
348471
618992
720175
901946
992740
613679
140822
240072
55278
106218
846727
973431
988892
908953
479057
989052
933521
659479
932066
494429
208637
963209
476806
827745
758566
561560
953916
60519
862479
432986
38199
358291
828354
781518
430446
542179
902847
382086
287072
531551
538241
580447
537704
604207
487977
147180
227960
50951
317898
361585
712821
854653
481168
206475
391279
215546
687501
702637
468155
473487
255521
191237
557039
257759
956742
524861
822778
610170
166902
491165
192605
763275
910329
790541
761226
576359
638094
195640
609495
842181
478901
652685
154015
974477
654871
376735
918070
143177
70675
821420
346438
210552
532519
970427
637195
749121
869494
952414
866215
590149
695803
677399
861474
894349
512459
284183
652418
885154
96768
704226
388867
764924
151944
933966
31348
194642
2056
355625
123630
762896
368046
649850
829425
535335
724178
782048
952732
513854
198216
991896
506825
822726
318340
597914
320451
809515
300394
33634
841061
243366
913842
495564
188240
21999
184565
777240
585224
560208
594006
710350
658923
205653
125775
429947
913808
228064
20247
881689
200312
501401
218861
587212
609779
13826
456836
414025
527955
904616
216651
438609
292613
826869
651800
933979
696721
721507
928944
976784
837742
173323
634037
795120
425794
924763
291693
154450
369462
909094
246891
968
769715
911638
83676
914913
926651
670524
745840
682504
720422
74888
397858
756489
162423
964372
528294
939508
625882
107162
294319
463962
230972
984071
539098
867700
813319
666151
171706
203812
477177
817727
15168
160851
547168
272057
904071
79609
803956
943994
401082
812730
617808
168016
704675
545070
561551
604295
453520
617721
21823
819674
299236
120793
772357
219079
773367
838975
147853
290619
677803
735828
326891
566125
889996
455324
76947
671623
982243
768568
818801
817598
466072
896965
713702
94723
832449
852770
532000
660369
253323
18256
453589
185703
316419
841842
83164
313616
201474
553971
902376
255389
445939
987974
352865
864885
230210
932809
888481
736515
828323
967043
639432
832909
227196
524748
810108
51301
679024
519500
384512
199800
689033
574555
623536
185027
366529
625864
52182
252518
840877
189557
766701
882257
663751
717920
363952
223707
179926
284412
116317
762545
777212
567357
329227
579115
251740
68531
604133
948730
227878
257678
631298
895678
244800
639616
690530
798132
555474
850368
163528
159885
682926
699946
26031
415833
284507
556739
425258
107362
265597
826139
285595
7702
521762
424267
842895
171291
365483
855326
650165
822919
786517
164044
961209
518184
580835
219297
727682
97405
527914
477821
724036
232200
167800
862516
153218
770299
336418
533013
169508
34063
693417
287944
906736
755828
147528
82065
613288
590179
736861
842289
308544
591
158449
273259
646331
977465
368614
219876
213025
300515
646076
706404
503135
273052
55168
855097
840187
517178
749009
58682
476146
194534
88912
700521
751983
958673
181988
268082
552426
978117
162342
792784
487964
278998
203120
862415
540058
470711
791997
991276
687445
338473
635709
774424
919469
251149
719800
982619
726701
208795
307548
85782
580135
497131
682149
252449
490221
649073
465447
25234
921129
731078
196731
694751
472474
344929
427524
346395
121068
828068
848541
933596
510962
647506
924641
823742
90946
910879
359254
902528
986541
779232
961014
561419
548505
100962
738908
212371
872829
997910
199944
192726
482041
194026
1039
973890
574928
174834
736866
407796
481603
250181
865784
686746
753547
828453
62939
498617
398834
857110
757324
966858
160078
960847
905300
282560
153883
858702
19241
821541
310516
44102
336185
42146
455854
472500
780565
269277
293265
223312
864061
234045
878004
375390
301380
63241
700660
46307
672160
472750
46096
692533
377808
644831
360612
131116
470890
401879
115776
378229
965632
735034
648357
133764
974958
163609
989851
978345
646211
520148
776882
559996
89098
472730
323667
705843
856308
564109
944257
780946
639715
744448
933554
760065
915925
513058
727108
691385
687659
300724
869662
830424
951253
466038
200996
97813
721053
89056
651670
91661
196812
196876
410310
311164
342908
392241
646132
265159
159356
23497
604871
383413
260569
409044
726506
257918
376271
809910
734337
974076
366732
342076
56647
892158
741469
797052
436998
458876
84344
714650
115249
909732
73765
712295
59809
17043
764617
80739
135659
843935
993616
967203
171866
16081
9590
715790
141070
25136
510323
557505
200368
583672
695937
179923
24592
631658
917323
259570
537822
540157
767987
747756
839298
275698
138560
173450
535384
326533
708707
948567
657931
829631
963428
452734
507469
685800
588270
922129
322864
830618
715059
862310
765924
815217
868669
210268
631566
816479
159443
162427
56897
505500
971076
698297
872539
377850
688019
568409
264766
673046
74750
367086
809194
526187
154285
721406
305460
406208
242356
177729
674341
554626
389253
70793
489330
441196
775413
415035
158867
614818
944873
492411
2370
366814
643805
796582
749585
563265
194320
6073
19304
607883
636112
931087
117274
188838
462109
946439
909860
322205
517373
591428
610945
168106
234524
783565
913325
190380
212317
380309
264756
46455
104321
10710
889141
922694
822514
873750
448184
140299
278957
292940
949929
729191
723914
890331
186929
646773
170218
498749
522864
996289
899516
746171
282264
408279
14059
175512
796521
529653
636072
805582
694917
983650
243279
221616
861743
566296
688313
266798
437092
173404
531613
497463
224086
399279
360931
335481
472833
444764
261063
472260
641964
140722
116454
76748
254718
833804
157993
625357
218619
588748
952203
572873
648089
516134
539912
406253
753795
638872
450851
267986
334377
5176
79316
47583
423682
279525
234381
520459
29599
572639
73768
857728
631597
60595
552431
48347
191943
92559
22663
200272
997430
486068
849657
823211
185862
545928
472222
175729
120198
103499
373927
853541
558235
287074
65927
135974
929537
268111
184061
226613
176864
426306
114689
296213
811398
993672
741514
263307
431303
438178
283962
482629
381550
182961
136103
109335
395743
386508
372935
56608
820363
797172
528119
120267
719054
482655
430952
240241
263080
451568
562087
41308
435734
160392
213767
448359
228044
95734
975148
303297
9042
171786
115383
637328
538488
869895
201289
137522
114743
402486
880950
981342
25126
388631
299720
99561
971285
552435
435181
852709
865482
132109
977150
31140
184086
305142
317548
623194
107218
67968
536905
146848
261435
136266
16497
403029
867495
881083
866643
971167
857188
522826
351327
39951
741996
78073
626702
501347
426694
856545
583753
5028
186875
65001
943095
845936
615923
323984
209766
375570
243885
102826
437077
675149
776472
750184
811675
873016
591504
363023
944696
307139
401144
827275
965623
875031
378544
969885
925564
129756
821747
108207
845104
387924
376528
804424
493765
282788
452291
468058
286824
912179
138096
700857
872579
785899
790715
94246
397355
552797
206470
380298
184749
312001
448264
457278
415216
985179
209671
507399
228871
967096
533810
61343
652886
200343
250397
63150
702173
666405
472601
924248
293542
498913
265327
773295
186695
628127
132921
890249
110485
854504
144414
546349
379301
47358
491304
665511
834048
671741
366660
293243
693538
125788
400533
379830
334575
757267
794228
409632
551475
820311
764809
390989
146516
95041
896127
484818
5079
477773
612839
761493
910923
318973
326571
26110
889430
775197
820460
673546
206234
893986
893627
939006
58179
919532
986161
979256
126831
212459
9452
331744
775675
690845
697894
463934
586918
86837
468531
61926
904293
119767
211479
771214
537859
692864
479297
776192
330929
564931
122920
86378
572145
702190
129537
169683
118363
704331
971162
328296
846475
39874
745558
670645
633896
209180
358469
318575
600785
215330
804127
727021
772965
419940
559966
144375
160047
347925
209269
509751
195757
682324
384752
278605
676668
579142
804777
120958
249057
485918
603236
59084
566454
662718
940680
937632
458159
355191
546171
817188
603336
472685
131608
630829
574669
534230
925520
914646
967365
522593
455898
382568
536124
731059
640728
657589
448620
39436
332488
244100
199687
198920
337059
20838
300260
390210
299606
484775
814595
197715
618714
363680
776318
421624
535730
394153
32335
111505
682240
722029
27256
323974
801157
18262
263763
190660
255412
29094
406006
842853
428913
985447
550850
752430
855531
838715
403913
920242
863634
140301
954521
332883
673719
699112
816553
352680
246464
680678
550879
231802
674564
568384
442236
264745
796873
156613
864677
92588
986775
290854
408783
210806
928504
171630
90821
296371
926927
621582
888281
666097
566931
17878
133669
364252
416678
928768
804797
315426
255446
830055
577715
821813
98223
43733
543365
749743
25530
190073
180007
707151
999319
261303
337449
42401
313586
907738
141126
254268
610853
403941
416264
649061
652010
437831
999258
584785
267579
6252
453100
667400
903432
103792
750525
289445
888340
190318
352072
359098
564077
807031
380365
270480
274182
705439
86458
649932
20530
926513
383670
27757
718335
671362
792075
247793
588077
538595
230765
315095
448010
514544
956139
268096
180587
893317
384817
217391
297993
870160
790519
499311
17717
6914
195594
271380
354297
692063
999797
559385
493197
803318
120588
16552
235187
103722
135380
29945
848496
352942
183122
959890
528935
191503
770095
805100
579539
89899
461317
661302
925408
606847
898696
752755
185639
287454
919763
261886
617348
533694
621390
666862
947478
203885
68346
728404
934099
885601
416729
826081
158405
221612
463485
171621
991653
464910
962795
379762
595858
449444
691498
56031
153646
996223
545326
307688
198614
40272
867804
744051
720252
57855
920378
656237
850402
30554
100917
818963
499060
234474
743245
16653
634179
122658
765153
699636
27418
248305
556818
61492
814015
53751
246487
242829
489863
173075
498333
857779
772182
380251
862105
64086
800371
10085
798507
674620
757508
921410
945456
705289
256746
659595
718180
995873
425723
272787
347634
444644
441432
1084
345755
152536
157099
766629
531390
588261
29632
232257
956425
680249
899004
503363
203453
415436
102974
206581
556055
203645
733968
844136
892448
462107
969289
595270
674643
364993
701571
291587
708454
649625
540789
343730
736119
650305
689324
400948
590292
773130
173675
254859
87399
765277
787611
896524
384508
751096
463536
916659
672561
835734
133979
944656
425657
971565
299429
91872
695756
302481
71407
990583
868399
746998
708547
224728
95131
740306
614998
266087
622093
509601
51420
837877
896745
25922
142216
304827
993292
452031
863455
445795
29741
664426
62008
39551
415598
773986
206226
783132
639813
114549
998546
241521
848513
989407
151063
708018
607804
486641
797564
328194
996188
157261
98857
130821
717445
10254
688918
936339
588127
839428
62622
432136
965567
579676
610555
781496
651060
688479
78564
296704
108465
93393
100800
83960
244178
991481
625797
861188
639884
716609
442418
110602
542518
620211
924965
892157
866542
341155
526618
875224
148137
312236
985280
376295
254171
693586
263417
566591
32255
618183
831919
588174
165187
392265
343182
363021
121748
800488
211553
264210
610113
873957
463308
298241
308750
143094
332451
667171
119128
527527
822438
314191
462496
73818
666395
400964
916917
572975
206278
598361
552962
609023
710214
136587
29490
306369
217103
24694
881467
812559
91903
4447
851982
713411
783583
278446
461017
969915
45305
403897
701943
601277
750097
446202
807798
320371
467649
112995
475650
347671
606580
562824
846194
674858
18239
612475
808815
603293
360471
941302
442941
537939
315635
906672
468455
996542
968191
483858
200843
320038
172409
543299
104383
576648
772780
175520
269855
600219
239495
891527
488053
396718
931546
656466
231427
778029
624556
309282
886063
95746
763
107089
462284
989783
668497
216649
274305
898106
306879
410099
21848
808730
410681
874567
605349
186286
718029
69762
784
954997
367297
180470
106946
910296
817225
94459
678184
674411
329570
727171
828455
976402
420750
618699
322780
758464
972908
454318
84238
446427
548275
148116
204659
603132
853451
635719
806811
54098
615368
549542
218621
976997
730820
690674
372637
742136
681367
37189
754838
783049
36789
756707
821193
296946
378021
58473
189922
676721
498970
916770
252164
321413
379504
525881
298769
22767
603780
313928
144855
79448
907696
253711
946010
615697
31458
90112
496506
392372
214359
447990
108225
502058
371001
563974
302347
594759
318227
858862
807250
850191
803437
56491
425430
457692
295049
248422
842597
457239
91128
952782
309324
709091
392729
805697
622234
638810
549167
185507
975757
928047
450462
369169
797660
614515
903426
108272
442656
376371
156589
357087
454688
49854
163643
738315
66551
685252
760210
196256
5092
244825
480379
446685
91886
969497
87256
173696
421618
620518
267137
42913
601291
1357
168063
711003
290588
558855
987300
779492
473725
617755
885829
863614
967807
117025
504790
371654
771678
109793
927328
107690
47298
155673
496801
891256
240818
34077
690624
399249
379862
551513
426155
567036
780390
772850
1039
328215
698165
723851
651379
315240
377492
121380
236018
35345
534052
762972
340435
241570
258428
465175
966726
550345
123698
581178
245246
469924
129738
223763
552805
985079
390265
845398
897665
117625
399700
514114
297377
740233
705178
706211
103875
157758
162458
504560
30022
680859
98947
701204
271750
362273
248582
369098
499481
243839
968938
746209
928933
814757
80236
320479
339804
102262
811664
515970
117334
937436
421256
951905
787017
557173
321664
141810
327015
737771
828228
848357
819797
837665
934799
370605
434563
980425
954737
387358
193964
122642
407963
45745
562476
34303
883978
732197
556473
973011
77070
848960
673791
297128
887990
971636
800732
549600
198042
368732
667573
649074
818693
108581
538419
346918
368445
860426
537886
633564
396399
550391
882452
782789
202492
18831
617189
568501
495066
389129
250318
40081
397672
113845
523281
288227
858515
29597
945389
456716
860062
212998
165183
168281
450961
801814
949301
700142
736896
40591
915627
374686
999926
260153
972324
636061
753599
897886
275110
259661
470927
655023
736242
442612
369426
319172
506654
914767
718673
277377
395665
954687
958206
671508
294875
828834
643612
642842
791022
318013
854861
213985
588029
453845
929785
583880
730160
62493
755096
278979
288257
348617
485341
257019
887798
82369
354880
589714
197947
349361
291558
558532
478619
297981
469614
586857
447387
143954
489882
169687
457715
166552
324632
686628
303594
198595
572845
807369
860429
106825
957757
400162
773643
7086
753529
975889
900336
159930
604069
423619
251516
938892
938756
601098
874720
218953
398115
866538
372756
580077
32064
901807
505879
289025
390549
761723
139780
933229
499268
185822
153294
271397
80544
540766
31768
958719
849493
158614
267828
203173
699702
218554
146165
374630
460065
467896
340658
853287
877713
595898
296282
613814
528000
740616
213103
158911
472311
520779
182305
580503
961971
692588
263496
852982
799990
963355
588284
54594
566247
56748
133460
565702
774118
63387
166202
128321
919024
784432
819688
21787
839596
179134
30465
875890
337040
66693
28622
948563
890035
322935
116051
204037
807279
998168
525645
827007
821170
558398
102539
904697
135586
19832
821222
64735
534186
896971
557471
634466
332326
290007
557395
668841
631655
504857
308381
91174
847139
79306
846856
618947
235452
346084
410927
265914
505899
61572
449652
373828
92233
31594
786713
143721
359930
932830
355710
376374
25270
383406
305847
91405
252341
519250
833929
330198
587063
492528
498562
138387
21421
218170
369010
990482
934855
878901
517449
406715
562395
886549
867023
788873
35118
244869
691834
942166
365347
639426
548463
184782
784894
670759
476248
41286
213523
388611
989086
502693
29007
212518
606723
611584
404130
507387
771295
536836
843720
818191
42806
908044
626739
890160
626482
649299
17943
67312
504385
446083
70417
27593
137933
88748
121013
833562
370324
666960
555570
429648
129253
559643
420708
936096
240758
795632
811446
785392
330404
676190
262002
237269
2055
95729
820839
854455
391409
397221
229110
477905
373316
880374
759929
2901
77741
262162
329039
198764
695617
351408
143176
894555
127218
888314
722666
693633
699054
45350
514398
504253
584532
818147
333946
643308
566163
7278
930668
719440
150113
146755
374847
178188
51413
384497
505229
320331
584226
839174
164290
453569
389873
274218
495240
541194
885594
703880
960596
311790
152894
964199
524877
382278
190019
6231
770452
567352
852461
6
715252
181149
180758
809522
294824
293188
99786
838777
140355
173008
692033
53260
991552
989564
653049
15874
228902
192255
245936
150857
680471
926218
821371
280951
955510
978799
444358
603454
184883
516251
695593
41662
113973
294532
376291
993013
754019
262174
570229
743249
535758
221190
372765
133670
386302
610498
150829
35579
913047
104736
677832
335743
836263
973242
436601
649817
900879
449307
602928
122525
136972
904444
460890
105242
570722
946855
893212
897296
832548
850365
5419
956287
944162
796435
128971
472154
380335
25398
164193
738651
851085
597199
842615
392432
695608
173410
21581
926547
974348
379376
665878
328055
724755
962109
903638
566430
256367
74284
127637
722951
459040
539782
596864
780101
193075
29657
314717
965291
577288
574525
237545
352036
658750
356530
93649
413407
276285
994021
474697
753511
817183
446097
540491
705424
48124
910594
5359
770637
375376
526966
760483
659103
862091
949852
562568
742504
916726
834238
251626
208862
559741
355130
27609
422107
738461
100587
563816
250192
604394
587176
179458
653466
681533
707362
771812
816109
24186
212337
372346
668076
436154
30120
351962
29851
910553
342820
813271
660140
118301
100452
235011
802421
551745
547346
748997
735043
777630
502112
254994
990280
117813
239502
61131
432303
763675
136904
485235
52368
205057
88043
127564
520319
605535
826344
70605
340927
790141
773377
642177
561492
804318
294001
171966
87670
307529
9064
435009
114210
365557
305012
969443
525322
440400
264699
962938
90476
251372
368933
479119
180288
496519
657430
332087
740298
347125
446617
684176
517456
921708
872152
866778
760550
400236
429383
756719
447973
968201
397985
500768
770938
248726
767307
890350
377562
137968
342356
920098
494355
350436
41374
45705
863934
682878
281814
416272
320145
954479
31710
874423
590993
444761
593549
477813
855652
819963
218444
696169
459908
948404
202913
932280
630416
802805
878216
586055
748348
492168
44861
589910
72617
25399
995863
425719
10576
48922
13902
689515
294359
622849
494877
9944
577670
295482
826371
27752
846291
251199
175523
956352
285849
921791
982091
548891
80167
946823
738385
16259
563253
223437
516249
259564
403378
72217
43636
474925
449849
709968
733091
310683
307169
481183
71417
177476
289267
366336
772574
402501
724151
594668
61295
640841
787751
771037
543491
55198
726341
437567
812361
994613
549960
682803
437261
944566
630130
68606
39129
415294
597501
522644
67832
722678
378739
195389
774934
187665
819037
325602
835971
38305
116691
168247
505238
824663
398322
87620
684974
100949
539884
508049
958676
202354
567482
25453
756796
32201
415596
492891
35819
478014
838624
769178
774578
325647
128401
499152
175064
421010
960455
936722
213654
103633
437676
450514
97595
20158
746111
283302
556272
999572
75937
467953
586902
141965
33549
853168
95115
597370
77221
433059
782476
402178
411815
455125
1908
901753
164030
877770
147299
419356
817077
619333
415610
642599
639302
285427
274434
180115
5265
571511
417324
781743
599464
582739
174067
92826
185095
871215
429790
198043
424097
268106
785313
472477
176341
217082
560291
762250
510208
532385
526043
513794
894380
477422
650579
650680
340453
995597
959631
685673
97324
756653
116551
580538
604229
914731
620623
105006
822443
432352
937047
277697
742820
4996
710543
412579
36847
909245
495267
293268
686169
13576
500836
714456
251886
471042
591046
210072
203725
825876
163462
485973
421461
729785
932772
900681
565051
991918
671438
380572
17406
644341
697629
759936
288561
620613
803768
719401
610807
512529
666262
609452
371598
396979
562978
473203
751745
218677
840951
426523
74113
655292
272714
222570
83919
288594
653415
513712
723664
406030
790804
758457
174274
429986
976274
570219
735758
542977
780609
918467
873651
428203
210595
704422
591394
284886
293433
388071
883945
361403
560521
458516
948231
712250
682945
923837
204958
827242
532726
877506
336774
238337
167877
619544
571069
503517
398426
317080
421437
621101
54287
776515
497574
643134
980396
545558
70043
964326
988557
682502
524457
41351
564897
413337
672480
623488
965646
298593
528774
605238
388146
279829
925025
382010
594373
248141
351795
881239
151514
96666
548163
201403
48900
435199
331541
508480
217557
312784
170363
38293
192514
495526
982596
491021
194338
335485
439059
178884
468757
468906
790796
566058
707522
186107
402407
823021
989048
842605
966246
406663
181558
293252
343139
339937
947782
403915
444163
644706
979587
581672
838343
500889
681980
822811
301441
704195
592817
414803
76323
586617
681018
400237
355250
251129
312711
598666
304666
654095
343490
335179
446364
97311
381649
535788
497059
408594
716855
88186
856820
492763
639962
552434
812226
449125
259423
941624
494625
701339
339953
483184
104275
254867
29665
738045
511999
583704
66728
201940
283711
596242
700231
762876
260952
185876
644943
199460
624517
967938
890109
209888
290604
155101
557629
288642
706866
591469
998671
937617
454442
909322
458631
83817
68072
384006
827502
858094
141748
846202
137287
2798
864538
351468
199340
192851
490591
852250
654806
514241
553230
550373
950202
83154
767024
202973
919121
969131
395033
556581
331761
591611
763615
135619
645143
410768
87590
85318
333190
257813
458775
625556
238472
789548
788271
815887
542867
584356
482803
780708
277831
734807
569410
160880
503892
880227
960898
838990
396985
731395
263996
351617
39015
557513
276484
689531
620292
337466
364881
990088
215627
808518
769195
370266
526928
602402
748546
222129
560481
41668
990938
858919
373896
433786
557348
655381
150702
400168
603241
542310
202842
430044
867167
169782
596758
351184
989406
967078
539506
668347
293228
123583
327778
152468
659572
817344
959810
408164
197654
658501
742010
846982
146136
54934
725437
758270
997049
385738
917483
82228
119974
69078
87575
954060
771142
478263
559074
408418
327728
281015
40262
708327
425980
981982
368239
575251
201079
194489
274563
400838
931568
386624
805763
106303
429359
697638
671177
38583
372421
304130
131505
103835
706175
419157
768853
138981
412276
677431
551920
339414
107518
768995
348516
826514
628741
743387
754134
604759
747511
677689
848695
990107
842836
150292
750110
691650
574629
288011
88017
582329
117388
621489
244963
337714
283319
158101
789431
623420
697710
302060
13858
23422
364812
768862
87855
984911
771211
747178
930812
340213
519928
689462
344897
350329
550469
799159
489905
992483
890557
648441
495608
984216
259986
572491
581669
779148
761234
156363
737378
686053
903352
179337
418334
259630
539487
17371
565899
294068
308050
656509
892867
769409
465022
485218
203462
722802
968777
354587
361694
799927
94843
733667
927331
686567
88026
832709
584219
799678
281173
781866
995193
223156
94294
579843
824326
545658
395834
668879
828829
821140
497501
692937
207376
685198
318350
933106
789225
311260
884002
324918
828234
516562
403556
747070
603830
277628
741674
264337
466984
485403
698179
542503
269089
706621
645964
5196
359488
895927
330466
751917
127753
653826
672561
299459
633992
73840
941291
680089
967566
767113
535317
561019
84506
466310
231483
885885
242132
851241
147716
993957
853234
285367
593632
953078
130813
86291
836765
739738
31662
16569
384217
347627
702258
602259
920978
195806
796301
651643
477337
576908
949402
947790
556453
910302
634097
693417
794436
391765
585569
457155
848045
433332
785372
613735
461680
81098
986802
770892
123214
202400
570998
