100
10000
676819
674085
722427
975805
189468
948612
476622
966404
324420
36829
907519
885361
232127
954392
763860
61426
279759
577348
230266
798210
579999
366056
337906
399178
860158
7608
218904
380004
716795
323043
480849
887866
149529
78217
797009
551949
279791
286218
36487
933458
409695
429946
328357
245302
461680
579504
434767
61763
922315
253374
690143
949275
323343
205626
488211
193184
452049
620091
783700
366198
817395
611616
731235
823008
880863
726474
889698
622407
446817
228649
5117
370969
199967
362740
193843
110542
635317
501938
527621
732486
905073
665014
866297
329359
975272
133288
507083
674626
128819
791869
311217
92172
80202
426312
727498
800906
196410
874858
410594
110542
561030
633829
672932
869823
157912
132367
591709
571549
131618
912162
622889
736609
167574
27312
807804
405698
409854
962164
5455
18772
849784
426883
128228
30155
620882
569761
210872
324446
40254
421999
797381
422919
51570
421442
165169
986406
197919
334416
248214
652805
168203
378692
788975
465911
120717
742129
418779
609241
386469
586402
158289
104826
979445
30415
700449
930455
281504
384557
519779
536319
979390
522077
950974
223701
453113
349636
867990
923764
501447
36730
594131
794093
854276
760795
88971
305259
337194
81660
540683
309816
972464
164536
961927
630616
41021
203944
659291
848595
196552
479664
889085
909137
339214
610870
331074
366173
12398
105902
472329
744204
869668
514385
315080
309879
381984
896620
915121
929251
276610
803157
369216
943234
576245
357112
888868
956690
231013
88399
438599
956068
983134
593712
676924
551351
662851
175424
584260
526979
710695
225029
737021
116817
93579
869402
415464
986887
458165
364539
638101
889346
917929
181952
405485
555420
103686
909479
354780
709069
18368
595786
622937
392877
362614
526319
97363
223639
243056
969534
831994
670442
796854
641357
967783
309033
475855
309719
348520
725186
227733
699788
280236
527660
41073
73794
356231
916713
594169
190729
484835
496939
53731
687324
938564
1811
857380
206322
462390
905684
330793
809332
556565
26294
638193
715274
117369
33207
821125
280207
758076
121228
470165
520803
921769
213957
350449
264670
502914
889678
561696
45089
724974
905361
130593
243721
890557
391929
951739
246269
995162
138834
769219
978215
48844
250316
278186
795904
732392
504542
996224
671171
57495
676168
934793
758019
614720
582256
665850
915352
667025
661422
233873
599477
170735
602915
907470
596437
108024
563652
844305
182868
505393
788341
565969
597402
3025
32976
213878
872498
874153
99332
89684
460665
783854
560602
203909
145201
546149
901331
53410
260725
866281
494
659486
514311
937244
273414
231039
749189
302760
895767
664505
850875
766833
195937
210984
154897
607769
87205
232937
631205
918831
962892
526742
983348
789301
357415
858205
878641
258060
863057
507581
469240
795966
927345
615836
608732
599592
629852
220295
31516
386946
981463
247878
664949
691468
268346
932635
516433
431511
904303
732055
215005
978862
799578
365338
18680
625887
459155
686373
87943
502249
406542
89501
691749
1155
507484
770207
798264
59911
736074
500730
638815
335098
989799
891853
198471
173112
308964
764798
611165
673344
470739
480532
839965
7450
743314
31282
22025
349345
345409
98929
892918
798961
607278
1945
303168
710573
992786
353659
152158
295533
345269
552365
989968
590595
425260
252067
703029
342185
981699
101286
984889
208072
753077
218036
16555
106023
181272
652661
273196
934574
612822
102549
337475
983318
471253
800514
784462
8496
471032
990852
66963
304910
258751
305907
69557
216466
732874
506586
859458
908113
887163
446759
158825
611299
594744
508235
372553
63881
337936
480564
586148
175484
303349
60388
876914
70030
859495
443310
346514
119231
543474
493133
141532
483679
21709
983585
973201
205210
399524
856903
436852
880229
238320
654995
790514
331524
962689
681325
852092
486325
263261
810949
452469
680188
534211
947508
193159
556812
833928
862385
776080
964239
510627
389420
233658
198482
606532
377418
19241
369360
998942
296830
764877
925338
312006
978112
640279
973088
540467
32429
98056
802142
515813
443771
713316
866917
491491
875927
694214
529732
100957
151645
794701
995348
873519
354931
54644
758237
563910
601091
63552
521896
53021
70995
81362
201890
869089
537730
372508
628010
671219
821473
694256
696056
831755
774059
246900
957161
45562
180195
694386
272683
425416
80329
319564
169793
55739
475832
559948
263027
677881
795615
282586
204694
869509
15705
660487
601907
834149
25324
646149
384087
163428
783643
623673
67703
5172
119017
616701
344619
190826
893200
31603
978734
641158
270033
652299
891883
764557
328712
105160
441472
145074
839419
157773
326841
73062
332591
633024
74614
471698
40023
816475
479275
604848
651880
801103
623426
608455
232776
12116
611803
150017
986020
60818
886387
185706
79904
338853
304098
641863
321130
445969
552638
976977
370856
369282
569950
171085
849999
740990
792249
212937
718293
753641
269420
326005
213950
126068
661018
395035
55827
998820
756909
782524
24306
464378
611451
914569
951550
460356
679621
604154
559286
377472
459737
656335
324835
415336
555095
244385
95403
108767
595856
794660
28868
445046
224970
712316
873730
855515
830368
958520
650576
789982
708038
492463
38397
581153
439339
954742
234030
106076
116279
857531
153138
59787
632947
466241
766067
282484
636488
718968
521799
26904
219040
203576
776550
970486
308585
616794
868342
953078
856504
49971
527171
658873
270410
215278
279114
681274
511205
406277
26740
696161
721821
267932
282656
27044
48754
929338
31961
61786
387479
523108
147559
224158
304717
553688
945473
181980
917230
759715
28832
303675
25030
428191
603246
736551
927132
379277
303645
428346
213262
263562
972437
472070
813914
950961
74181
887297
367673
566734
627867
609166
143397
627770
684942
253028
900092
452632
579928
305565
260541
18666
433218
683549
457775
668689
502807
810269
265248
620447
582138
980051
794635
83866
112276
485120
690323
53904
400229
354453
775980
450642
685180
495619
99097
145806
158338
802846
51087
535245
598128
526573
252601
69125
370272
802448
956053
735388
609025
602766
474555
508730
112101
174651
824766
850633
675509
504834
783403
497548
475396
27029
651502
423385
691456
570862
611797
346228
754053
584128
623596
481034
378827
365631
586630
182791
552064
225161
408093
377044
776305
699439
308177
576624
422689
323172
748556
551338
316732
909057
450183
844792
604645
531635
278949
528376
587180
202370
254845
358080
61723
173182
60661
231587
666415
874632
355785
696579
120868
299770
731371
319118
476138
440052
664965
744791
103155
283716
444570
146321
673326
559281
499594
808938
466062
60452
840244
976642
781699
160564
462326
142214
227146
460685
46352
404461
667104
786940
373222
770191
937554
481625
444516
796701
406000
876560
117308
246209
753887
428878
782858
506899
533966
239494
67865
692532
193153
528157
101567
488843
503113
179384
342819
316186
300500
929695
40159
96316
241568
905806
972864
330685
664331
82264
290474
784790
179207
211833
126169
332867
428905
993398
702210
391619
229216
302259
453080
662124
24322
770001
859050
656488
34626
195713
665769
698000
528702
635754
718088
13347
59765
381619
542140
625762
63574
577581
489251
700428
445107
369888
168833
931953
50005
831281
287013
973557
247657
205356
592234
273700
170135
908404
917657
96876
833907
715140
115116
572155
973964
500065
767917
154486
852194
939934
502717
160274
705462
693771
911089
704083
992121
47036
4823
699039
312358
487729
396246
660478
459627
575783
850291
964849
215042
80826
475888
176300
506207
823861
519311
321713
978370
853816
623860
43913
270508
671301
219432
176034
244526
19815
75450
538304
510044
763711
370880
955361
463649
229612
808443
629554
501100
98902
320920
248551
802312
499671
560019
494267
209546
974087
479414
266308
889251
164771
522687
130801
713750
98905
481120
482148
752195
143027
423264
900198
557217
44381
944927
538443
123722
907093
755254
654947
59504
196590
282621
808282
984237
389824
216998
1389
782841
768431
424518
317129
277749
113111
531956
869186
796644
160849
203978
861356
36473
533157
996745
351194
350474
532748
510169
987761
624932
224736
683565
682663
541689
719842
323141
941918
528501
512935
953101
361943
953262
66849
130659
805140
869114
365894
866998
768847
881626
888479
739529
826896
501267
113071
392471
924143
276317
300414
35345
774566
647733
876481
824451
51090
611149
626599
266452
808838
667812
863682
284076
819276
266544
608912
52592
289785
351734
119014
729065
675372
89404
679224
627138
889955
58263
512583
991216
489721
126750
443687
536876
186880
540479
541036
957980
524215
434415
674033
382480
993128
707581
338308
14695
51169
416640
893233
184466
828364
94127
435882
366832
635694
438671
618320
212761
824824
545735
492512
657270
81805
638095
4669
111885
938513
352711
290197
984859
68650
469668
481587
621402
935383
76869
26081
793314
815465
10916
252088
282412
389409
28071
739142
659057
378344
529750
460442
97777
830181
683560
149998
132751
302271
689078
147762
400281
269743
167121
406641
242982
861568
578991
190242
875992
713318
786432
505741
265026
102008
152927
954264
517923
628620
668644
229934
84111
346478
324694
692939
454062
106300
51517
679590
803294
750177
383638
660474
315828
386476
14176
483827
147168
493388
231892
459826
203118
625578
682865
281213
950761
303779
878965
535814
74906
357857
104167
296662
916334
476437
856849
677206
685493
73683
603788
530042
773191
112137
211251
225994
10049
391069
569082
517135
442989
983139
967063
611606
458816
58936
822430
738659
404860
83646
543018
904310
144822
893044
672119
47539
70898
980016
200397
355312
472042
360444
690391
953376
828269
564491
91986
438294
235940
420822
627617
309817
430961
21272
527165
559875
572400
838562
993801
693749
967775
391131
990083
893019
800090
480664
284823
185463
561023
290516
336654
230989
225712
300300
712931
629514
642806
614650
597174
170770
330051
441643
684442
772069
288464
861631
539273
405165
103333
730877
393207
525670
313591
789264
710595
170346
396395
315746
81354
39384
120057
594260
633174
170592
667435
977303
91060
68718
906885
25322
22115
203761
241535
700336
839336
600327
198510
88045
162687
816455
502529
913117
964844
319594
76326
767921
201455
180950
787852
925863
539925
454345
919556
42244
964907
92895
142849
617649
994062
122303
116030
210608
470878
623848
630526
766649
773201
882388
321519
997365
118883
42310
623720
275350
377323
144949
336465
916305
889929
794965
972962
695673
916476
870718
484932
965497
670160
511547
379155
462830
964916
787506
412101
911199
505706
547435
817252
717594
633751
984638
410423
889836
172474
776413
906559
911228
181753
309436
669917
598276
296855
152409
815057
888301
816706
713067
190749
319623
926601
384619
980871
218786
145963
571577
537406
563467
775819
67053
709268
591398
958271
430523
268778
845093
27015
135682
907881
637410
573146
814257
959084
3167
115548
666646
899195
192791
486765
902789
437235
198464
282203
882209
981121
241120
880695
764490
291021
627529
80005
587363
670643
369267
440653
61118
950316
987252
704526
911015
504715
185374
431570
301450
478948
666741
177181
26817
78023
219339
557503
876606
922794
929786
540809
879378
451940
427134
629724
558295
647382
641901
506717
351168
565476
579603
833604
186939
703393
366446
339860
61440
249225
872835
286757
522554
450919
334939
299165
169998
284887
684125
376573
48972
114086
338185
613335
14321
333653
811214
615710
336726
893437
459145
40661
773369
292428
691676
146090
472807
238637
616870
327964
415490
75270
463908
725974
430196
100635
912228
405536
154225
323344
862049
153835
878434
844811
622720
912906
857395
741496
448806
684352
98874
813606
116916
116084
644802
297358
517280
910529
879348
643380
747633
631274
485153
255015
959830
659947
438191
183522
138276
177514
288669
571093
376235
302156
763444
948541
270963
781028
579980
524015
356568
606919
667576
89525
562943
832763
947791
805903
303732
908750
337560
750107
422690
211074
814097
412815
709230
64742
461148
334434
865584
492416
393607
562186
157326
820454
189302
183777
202231
621227
897711
266017
257465
17079
999170
584078
146240
922480
188755
936051
514732
320532
381893
20868
210061
135337
111429
985378
350846
516299
933296
81278
163547
196516
833890
65429
772256
388475
122780
225753
430879
867491
448145
59632
94621
691155
245261
872917
994954
927254
793475
883485
688092
396313
614513
951124
189319
555810
50546
222854
977691
717280
959648
2841
925369
313437
551395
524695
504563
791247
690587
270602
926080
241934
926438
268992
88472
593505
530318
725678
513266
291569
503058
732209
530392
552479
128079
505903
888099
99953
951627
636188
395289
947367
897311
230489
785055
651884
870974
897334
124316
800552
556454
771672
24365
879986
655457
448566
177150
199907
317752
736573
993867
437446
799861
723476
539444
925419
726996
42682
733494
164827
867590
403659
921484
793317
232673
995937
86305
136343
403495
18006
540400
804297
65712
951720
973242
679379
332151
836854
163
618782
589951
519143
604202
851608
915872
666346
863683
962625
590834
233879
995987
240290
880724
805428
731271
900574
790618
490196
226898
282401
206033
778843
626049
278453
219311
734684
576636
65715
953628
552803
298011
474070
133143
435918
200866
188203
387399
741142
754779
890789
703519
90539
313678
68749
57516
133630
939424
135446
239614
383064
440518
198798
490096
253287
959460
170417
317206
35098
520454
949144
206915
720417
756985
520526
570804
506711
837895
867267
995997
993596
289870
220954
920909
887515
931068
383261
679552
565066
515562
56272
379777
457552
921361
283171
37946
767073
606829
510465
398490
983428
250924
613957
489377
943253
818963
216908
567307
204647
750382
139685
33686
352705
7154
163365
58866
124425
394225
318680
165317
476735
551480
311505
824920
166496
66056
58979
330465
363819
951280
483688
416301
509055
467651
282942
170794
608995
1787
253586
231054
594336
933866
196948
790888
44937
909209
563018
201473
100699
666175
113729
268078
403839
426335
59357
467573
173292
992959
58962
252314
250473
498816
344491
209477
793776
751199
196424
675409
60270
602887
750629
204211
259687
715408
682004
819589
310135
510488
777613
644206
911923
280444
420700
964656
211694
644212
150840
788942
200344
949833
915188
992280
22912
279219
948175
176276
148346
838099
686182
485515
177307
429833
926664
951917
57505
534899
924778
582754
932016
539971
494449
377390
413111
45628
258925
5823
557297
700361
268966
370070
992456
842298
495630
200784
453139
223963
517525
228496
824960
383219
927580
481355
212365
397782
176577
705392
726128
456423
833497
231794
906839
302446
587836
819059
348554
108242
804793
386510
81132
619827
962154
927809
169696
519846
730979
564598
187463
975566
830276
29420
540200
82131
719278
39047
617769
768322
430674
702640
319866
216897
608805
868394
671953
211309
333680
120819
866831
82962
178371
765075
725122
942982
182857
970244
998980
502754
4343
383997
711936
968286
608863
930397
130132
117320
712225
661041
576658
542625
275520
17634
433057
259476
244498
385342
890753
365524
213649
559585
71596
188305
582928
351423
493399
965206
491463
911505
669592
277250
231183
952666
457697
194977
461865
191253
399530
931686
862456
233789
527341
659527
323535
138040
766283
918709
654821
308065
666700
428919
592869
665841
153732
867938
506466
358665
142992
841719
928936
355102
36480
319001
469421
423681
657231
827049
929639
30154
423373
522112
333175
334304
939421
413320
958723
647784
547610
525047
170145
182472
477269
37289
889070
856023
428474
319322
210751
309155
480849
77373
652847
934749
638560
201211
801560
576357
660653
69643
81629
244718
820448
380458
555235
712974
50823
898488
200351
305317
746932
177455
724618
512551
504257
860672
778802
350471
535668
155147
282346
420417
492669
750779
980514
676548
479132
78205
132497
938363
264543
288155
766926
277047
250313
20025
155134
341627
856591
935786
8168
63203
145340
598896
765029
727921
69556
905998
731571
46453
963221
873996
536552
361817
627129
123399
359043
435014
983192
541042
324766
972215
337291
919021
481920
948120
947755
665792
237647
507034
58584
992564
770978
483414
164885
300174
466100
701147
663505
344105
130101
193110
733697
561903
917947
607453
813800
146483
807895
981272
4280
528494
249474
388108
875218
135509
113205
472581
578730
530131
437847
600480
750598
904552
138641
159346
618789
186397
699710
262297
431548
544419
300286
537821
577627
305032
721130
643457
283631
156757
575777
34284
818912
511942
691009
233711
616859
297766
624626
142899
421226
670535
746012
985472
129790
271771
37432
115308
222031
340979
147012
263262
220762
313873
545488
725438
590089
833259
971574
222459
606769
19007
466279
427896
556085
702925
651103
77588
375431
674230
521466
973780
161935
47279
265441
332591
329060
106850
577885
500150
956983
572385
811660
286495
731855
114567
606896
299757
341294
522029
963172
570557
304019
588230
763371
868078
450841
763544
957601
322414
994877
947287
95251
819742
239869
97696
546922
810465
373851
641103
145986
389190
715776
498173
610521
674575
165630
132825
95522
277982
666670
879842
472249
608763
2680
487870
407410
727876
343601
696122
305290
291698
507743
924895
641919
551043
420247
510381
117755
547658
292615
383031
354155
462031
379472
613786
430895
818660
425867
294299
448362
909189
812845
139292
226360
545195
453445
174907
221951
399853
258274
431944
666847
799123
949329
134560
878851
702777
13443
581418
842137
81501
188174
883630
691934
43397
108554
447693
167122
800463
849372
679521
274443
71191
714063
202930
951462
63486
157086
968209
842008
235293
226126
697365
37730
622215
340984
74223
884323
116915
95268
607020
57863
12430
626257
656008
585501
281500
972114
766697
772743
227719
41490
721983
675979
785990
624504
143605
222918
914667
368549
749268
340287
8201
901018
350069
100249
876863
395063
345505
621347
155622
84895
636167
609802
63507
886839
318168
993390
525897
17292
867587
808401
521278
657044
453832
639276
791880
495500
739515
927580
7140
612737
626200
358649
64163
256875
90813
770631
779826
774579
411144
598406
325764
258710
932621
77924
574366
81697
569972
123603
424638
997532
886254
5300
199465
352131
115858
237234
914000
643247
851160
398892
449182
257556
851888
617418
928609
43811
710720
501745
861138
623568
816569
147281
474691
523694
542228
967515
622372
651126
680687
556112
639153
541094
95038
808053
326652
132294
4399
934307
393426
546949
996510
777531
605901
467842
156338
897206
952758
391912
197714
632346
629908
782961
519304
608840
495317
290251
987824
479474
807128
112407
843420
486763
860181
690958
930120
900375
377322
904254
460532
735745
432963
133683
251748
110475
76004
151153
300464
235072
196950
271772
698632
491974
526508
531898
551688
430255
20720
473745
520372
922670
80431
867307
105552
507366
441438
41592
876319
775582
715304
424018
612534
439313
864981
644635
186683
446691
715736
964290
76799
273069
671797
873765
85750
388857
844493
694417
471311
6665
46279
177252
628532
26514
625117
130515
278278
719872
508744
49239
224527
553897
899492
482631
214935
519614
340898
354681
867460
549916
762651
47988
272065
816711
40294
313582
549688
716908
722519
79344
434268
770254
921256
391877
993698
8277
917110
781470
966095
633520
663394
249285
933740
498466
603928
75964
770455
969712
921452
137394
480628
246502
979488
732193
310656
983425
35010
183879
811590
196220
144626
828478
40554
649338
169026
321466
2210
187148
249078
809951
926661
346080
84266
65853
1019
602631
496723
415593
394388
270497
297053
725753
316790
478247
546100
493595
18542
444309
881375
711570
749607
562162
506758
662286
793272
254397
300820
945960
767639
338422
290039
641847
702251
750854
372612
616913
430400
457868
953144
232674
68436
559620
43610
553890
640334
364246
774652
363446
593102
536505
554528
219045
785311
821314
97334
995125
101001
857549
367427
336034
201924
671046
797150
235642
780422
79509
185557
240664
740797
345764
985068
347962
358873
873934
662405
574977
227840
216805
814619
115270
481253
814496
611688
449620
403891
787423
811879
443589
877987
786717
456052
890684
165101
866225
501199
311612
667034
226689
317247
789859
906872
390979
505235
773895
541224
121009
68868
800684
610385
48073
810230
303326
501111
887550
453853
605553
515878
418878
637820
509203
418824
576929
122953
709003
699030
49963
222125
412368
139179
179454
962087
9032
446260
293215
729680
246364
438404
652899
371833
35380
185092
669429
474928
973460
439624
134791
248034
888914
541820
155155
410010
783731
249981
725581
569256
27618
837764
72679
494492
506700
943101
358784
476721
383579
969846
543530
9224
156940
877683
961942
914057
390319
290590
132383
203310
337211
508251
686895
95259
705355
412666
190290
120933
654777
758470
924309
850803
759957
63418
576090
379330
878531
90259
353339
676930
104430
616769
736025
217374
947501
573687
560576
86873
992560
282529
893048
18323
151014
209205
318123
924524
214127
907555
581806
534335
115769
19366
862126
347535
813753
175164
948920
367680
722696
565682
147044
829500
570008
632345
363871
796214
741777
499413
852372
373387
473868
893139
605559
252164
156779
576090
55918
468984
893843
940027
813019
288143
978119
309283
923402
717857
248738
901839
717044
790652
542192
765278
320686
146309
938346
896130
227057
711541
53773
134224
899654
198533
170710
688952
220814
382565
31324
374158
635435
164325
258249
632582
256207
882551
220470
7999
489823
177931
376099
378614
77187
1050
957904
698267
34765
842559
216506
462080
742723
516927
249461
297966
502475
491305
104226
361618
295922
733593
946254
224021
351512
449494
529256
823305
605500
157403
707420
284159
137184
684211
149072
334581
512217
545149
646842
500332
215285
762639
465564
950744
965320
457847
568989
411121
657813
537501
154949
502439
543574
750084
865621
939698
141097
538671
583873
393543
596183
7584
176139
783590
50625
55356
880829
791568
99049
7946
78403
679191
939034
733658
444771
731533
476661
652034
804057
144862
493658
642756
468435
791738
10351
652939
126981
84458
448656
759124
923818
93060
242771
849322
428953
905466
138486
931977
64192
277644
734632
364900
830079
736286
374640
708610
920355
309860
502142
244483
117565
660665
452493
987969
735518
606543
174833
184402
407410
159233
67330
615017
598903
990021
10661
62876
375576
211901
430004
577664
191594
199020
669001
105264
282946
455493
701100
800749
446192
438943
798742
605983
616541
272518
982370
262330
441853
624875
511119
250556
587376
845307
632244
515218
956859
131021
244929
833306
797661
843636
302445
197700
774993
661236
440065
312850
282144
18898
418561
140286
809119
985540
867314
735226
354764
986120
26445
103186
704641
266577
521214
621102
254291
43099
573209
325171
445066
695136
696218
418570
381244
199971
861271
517304
980488
448745
115460
387564
307948
920391
22115
975128
331652
102103
2054
926455
219488
140548
889282
731756
13248
712517
298226
526347
816494
965223
203237
968305
238712
390722
852837
364749
20553
944909
633381
393922
364772
970126
903430
986021
62780
640938
329478
724769
970162
603802
17093
804218
280555
959614
65141
944750
975245
178571
9374
795127
126103
927521
364556
335150
339099
477048
657366
115913
520536
408376
962443
590917
226296
394407
619834
857631
536098
56252
524510
761852
721405
553875
293924
107304
958211
558522
344923
236411
613501
833384
360759
988056
810400
325197
145026
791055
80132
217989
291104
538402
760061
829990
266365
232485
541912
203960
458773
546942
1588
769668
821919
81484
824506
217349
218519
225316
587898
860220
885095
341879
537891
905503
80049
457231
46687
143409
635707
540664
170377
254893
146808
356091
31820
350748
415087
354566
550937
873094
201098
958759
41284
13893
945917
181879
787644
543220
226705
647956
450917
195975
104332
427334
766164
499701
282815
433987
463910
300111
856940
41933
398013
829748
934673
49145
326552
494429
486870
587916
506446
159444
661134
724094
371175
27010
648301
996256
628439
243941
788295
585177
136664
554016
476737
86988
870371
602668
438550
75797
782090
974317
529352
178803
132981
345759
525665
631040
532343
331503
193956
100698
910476
873894
571285
461606
373617
62784
73186
388907
586208
207131
646637
16409
338023
94155
283575
601325
223396
732490
187626
475820
735135
668493
209602
679628
393924
843633
797274
889074
388923
132756
104975
895254
498214
197889
802963
970692
365814
260739
193872
186171
498859
988250
702582
812536
527398
892236
32675
936781
185516
293842
725230
278762
862265
968947
238352
647101
130558
331631
929200
437750
742586
738129
85770
109667
222448
708199
894587
123835
411594
830414
547307
869686
455434
413479
964567
483161
489
368806
516218
555728
841998
609673
585303
546803
229996
327781
954854
366635
201656
547675
439832
882798
457990
382570
602377
673509
987007
236511
464962
272367
614529
866471
40679
771839
923987
871109
495939
382177
898819
431262
117934
967898
98975
240369
991449
329964
277452
673637
272822
291640
503046
411707
868870
216318
277748
786147
595264
772160
831399
501866
933723
867846
372591
576080
88313
868090
507930
40184
395696
924147
534602
398328
948021
993999
428466
266832
575143
133689
723053
978616
555638
176458
340282
171730
168046
191755
757144
54015
313828
279769
897146
676046
192571
596833
466984
817038
820691
685963
79602
144132
776463
4276
178001
56248
5442
934291
520731
508202
660918
829245
627234
686690
820120
33347
304171
494821
672579
740665
179334
553219
722151
33490
845327
74637
485462
214951
857791
721125
74731
229142
738543
608942
423063
782023
212139
431906
586185
253130
422255
219841
951545
75804
934785
647335
305042
139017
587178
415351
297082
42283
996626
17587
348671
625424
572151
330094
272287
861625
633930
791704
521588
501887
16166
926200
801146
635601
685101
410233
169855
364696
162817
144219
780198
832507
689564
714442
204695
865214
253645
711820
828550
863813
350352
498643
158047
839607
343048
723186
334219
172222
735323
701037
26658
146666
421482
691753
262765
610933
262380
388674
617622
803873
449958
107451
697199
604222
277897
112080
930715
656968
787367
461032
25565
971756
18707
708134
965051
188459
224789
480095
280782
740056
313031
398310
147113
67643
233232
594498
667428
427032
576314
808641
266756
563721
205361
419686
689160
973512
795290
302013
55314
736777
756493
798864
651056
715844
926833
173874
288903
257808
517875
744248
429403
473899
861603
917384
410685
749142
280235
351881
651026
459485
8684
273082
467323
785397
266742
304798
281766
800893
925476
650773
37489
923751
304850
727559
925750
880240
764733
270841
782327
504203
258037
513793
472231
789020
538433
560662
182931
559967
673807
177281
793899
927529
288534
959280
884657
65607
415306
264745
46013
227651
557243
114844
957674
825861
113419
966097
398817
60181
422154
516544
617408
762686
561392
606655
548134
661006
189942
299030
348446
138235
273681
808558
502181
961120
490444
748584
342105
280036
568704
342411
347841
895995
782771
692693
839155
532678
188235
141426
657446
920342
694829
290698
380756
370382
809783
852853
134667
29478
81110
998858
547857
892876
524228
421333
239218
322533
626017
36902
331432
860785
234157
286406
206885
775564
633760
993029
977919
164880
249254
891951
649848
298776
291322
368221
539945
549600
130718
183591
763467
580936
815476
897783
228770
618359
475133
136121
470279
589724
276075
229422
645264
622480
708836
294240
431326
501591
329878
890032
408322
55046
363889
697419
618252
388798
45830
778427
288434
694166
397370
816793
235482
848791
540262
358497
317892
513504
368591
926558
473687
928810
495933
145028
644487
75110
56762
977564
25375
90499
134184
458330
926256
654412
214207
849994
227094
668333
947939
993897
543523
46101
457758
84688
365291
241591
760191
871307
125356
509740
600270
670536
832535
459123
310442
294251
164031
867288
734849
487550
258397
716210
818988
445894
182718
554565
27045
439153
432010
358152
960102
27307
806449
308226
269535
194319
519603
323022
952786
465531
902924
519805
410319
20668
439995
560218
318599
263144
537262
487304
60880
895051
6668
445640
607860
993977
720414
398615
203190
575875
347803
823796
521250
792516
691854
65343
976528
211867
70374
569149
792373
206131
150746
766968
111653
450365
858167
804164
84137
970687
226055
323548
330616
116422
240415
485866
375254
927671
375110
776485
642182
696068
922621
761109
968941
889978
770352
657714
694661
914486
962231
861098
208250
648248
61641
779970
786661
86543
582974
895188
406754
384948
700286
400950
776848
224947
848907
357755
740516
809860
391081
526035
217130
5176
192870
939918
582234
623695
80457
928509
337747
382310
103323
487673
502518
958733
197580
886717
37538
848759
400964
136494
124615
858059
726792
378684
112169
693463
578116
64928
935859
467684
868603
501957
461493
452964
246216
313091
444988
958856
84431
841798
636301
974318
510726
268941
367485
348408
303706
791951
950320
211448
684863
35256
150316
658311
554903
420112
77209
637045
306430
803645
85079
413210
638128
299551
856828
463947
347095
3865
675177
260072
613621
523568
196232
593427
311979
385995
831908
818491
936292
784474
334564
305302
944545
336660
5413
768237
995105
676824
376371
405137
400236
569909
158116
187563
302972
478981
397906
747057
155849
305716
278387
970293
290416
107870
266903
720983
279167
651798
303037
603291
646495
446596
372945
772565
87838
647078
686534
879809
779801
161271
168076
624687
505666
856556
532590
566555
192340
129947
275147
181083
175760
560503
850991
455857
103218
587766
967310
805888
924789
37267
406684
476124
396288
542191
899340
248890
100268
133459
513699
73862
13426
266192
589687
788948
773046
182151
518601
206126
130026
969541
252668
295692
908192
885638
71026
341281
810865
20443
868802
521234
711939
736550
824983
365953
759097
792513
152232
311688
336509
262782
310223
311106
741155
189001
189769
617411
99258
775274
686729
632935
15348
911335
196345
606216
490351
910342
391566
141001
951007
24560
905094
113935
375322
807665
259201
26576
672768
510492
738361
440579
812549
970572
950368
992887
123293
486597
878677
961408
417283
541560
995778
805579
121637
487781
330196
700627
237359
459035
103576
766380
776050
795291
671535
916221
356593
515867
63213
859915
493576
475622
908180
411632
109562
614752
885736
431658
342741
469736
433647
578959
258372
767894
756423
308383
435889
325603
126435
311090
117908
47592
568548
264272
374813
444287
84368
721183
350522
703302
551089
79287
217029
216386
688716
769106
114958
162335
523069
809439
470976
858645
842348
938933
557618
43943
492718
213924
68812
539910
923834
719464
585172
810386
271557
12599
41876
759232
429245
967353
834666
312342
236959
92184
803500
147731
681078
763693
604085
259565
515377
78681
681553
631026
815391
829045
634049
888144
57737
159905
673323
17776
597996
532921
373985
18172
691281
212902
865356
739266
220683
787344
873396
451568
454669
321137
383215
338111
395237
819205
560997
51245
904473
867486
389435
262114
686364
542227
930468
140084
163437
512984
31552
718662
639821
826217
685999
765131
794203
774497
209527
262568
999821
669287
389070
197176
458765
949767
951620
876841
569582
367647
274447
687299
725897
843568
156085
91721
284600
383188
58640
90040
648302
165199
133953
962412
155058
203133
341108
763106
542006
397483
219659
366296
910424
243970
609449
322577
585140
983006
911390
805621
674916
376254
754730
421908
432533
17171
683888
50635
875335
171579
826232
309503
675552
97223
361505
570567
722990
159160
186017
952166
375992
210889
417914
76917
762239
521254
531324
796128
664086
487226
719281
650375
337819
275622
925736
621892
329681
19085
412833
612108
523547
130764
281682
767918
669143
476103
709076
511609
823381
396063
148973
120251
747379
511551
674298
630883
258135
350294
142137
305160
689223
144543
248817
484546
883048
318171
105150
916726
279761
383009
755581
488240
8843
322251
806224
585001
729383
454418
628238
497639
57148
404980
453514
339140
206396
90833
686910
500422
872114
198230
977941
933677
91675
183248
388626
43660
409758
50274
710816
872271
902120
253970
581942
165915
614952
334909
445862
651027
655524
183787
362179
19574
386231
34109
994733
925861
922791
694787
713339
358722
792999
283498
602883
833653
819174
877138
258504
83912
437713
763774
935105
675314
558828
68389
80130
605873
117448
101605
35786
850000
62434
300887
449128
882824
232600
423037
874570
704067
346889
974040
386211
915643
937223
445847
392312
697153
602171
100841
177480
563098
603670
348595
965590
439940
417328
692894
579988
748630
998911
519687
15661
569029
136948
373082
652463
567043
80117
110969
583252
339905
753011
181589
976108
241878
288937
920032
139304
640312
345008
872281
315013
98278
895040
804614
657362
459304
684615
632896
138528
863406
927711
68072
357510
523158
808432
620344
124750
733513
870114
871348
954240
396101
472508
262206
771336
251061
47582
878921
611974
855419
867607
885734
963379
925648
450084
23802
947883
111939
401926
470993
120155
991325
431551
326283
511495
88422
722536
145844
514808
425792
579698
589554
20033
74992
460087
238807
806957
350205
619132
200406
319751
223921
223174
777299
689414
457276
862677
395155
559954
164408
123521
87699
88247
813384
867312
457396
202661
179289
629170
540947
210593
32458
881209
703479
870412
581672
66104
506788
325134
764434
643734
232652
263135
664828
850063
86629
943922
307342
668072
516374
963582
310252
894349
530251
142378
678097
134728
109287
761940
536212
475552
384409
106878
910413
49804
916104
895189
110673
625810
908968
904863
833816
670785
652334
376065
509440
332359
598240
550443
144171
718768
761029
691361
72579
177212
147388
501478
988509
522843
763433
471623
8507
913479
148682
476033
672172
50302
405544
865872
714382
836315
202152
486549
729780
386768
353921
566242
29730
863810
928136
200742
782837
225025
632358
330992
393888
275043
888556
663457
199824
980156
502013
797939
861809
158843
425
847264
715466
774052
725339
16304
566084
852389
820648
98658
463752
974168
431943
284534
509381
549396
842848
960469
201681
783600
645501
453086
138599
924693
385437
778062
274511
452159
222567
736203
48155
134544
589884
119757
31309
520465
783973
478570
588374
686342
965996
250300
446201
703020
194310
757744
533902
763089
438253
519918
799395
554768
290700
216096
799165
65704
714260
981730
264380
28089
303660
395908
435228
932954
54597
971710
992728
981401
514635
201521
672425
392144
157175
254806
723436
457312
235905
815877
757985
761485
50803
618468
26959
329462
394137
743018
82182
682479
325973
592847
637564
351293
169039
345554
998233
241645
659145
568678
134542
182801
526096
675514
582752
422808
976206
121124
281155
461321
608637
251945
408289
647964
930422
246827
907322
842805
527015
920496
632677
919549
820707
687243
59508
289759
302804
713769
650805
859740
165579
280377
364757
798348
123704
205177
1888
946
725173
859866
640227
169722
19068
390735
747123
749329
260282
794039
184646
461409
943099
289829
318270
753896
275652
83144
657222
674036
228479
403004
776917
857405
160017
918828
552528
387679
631624
922977
842316
917298
925808
971628
355697
194120
573445
157420
787898
506498
905538
332029
524824
84367
917336
425789
487990
744130
998970
640956
319320
589647
390037
92224
16285
793251
371549
50353
293027
686493
666947
899879
567497
891500
148738
637391
487887
909702
132057
806068
36890
359425
861779
550576
894613
418002
711042
472750
340017
147425
222666
554266
28364
24325
964121
548392
881583
411361
202036
927038
754546
592282
264109
513151
361914
557044
201649
803765
780515
581960
178301
246106
872312
15268
726769
444291
861215
13375
389117
939690
780434
917079
319608
824854
647240
651497
123279
981673
432946
657868
379034
975686
382369
816427
787658
329501
310212
812253
647103
872212
941711
206243
813430
414227
982392
710781
642976
617324
103195
644841
812877
495910
390910
100537
926791
925157
352302
968592
779452
258487
849672
13624
335955
291773
233940
297315
440607
343476
909003
246397
130225
283103
697465
449130
167879
793299
22525
439713
812451
856414
907246
451364
903159
214933
887384
601691
625468
964857
873380
571596
647650
838149
59221
113722
584546
272663
490927
632663
815855
665784
555058
160742
101450
736458
620932
622770
585461
42125
684268
141732
515199
838030
810874
902533
177150
949932
622277
441745
978459
626696
445965
751732
338951
854792
361534
846628
559884
321224
184342
920026
657662
83231
882525
50286
898192
758473
192019
859150
158723
674102
630568
790938
634488
620206
714597
43679
490087
255455
675816
802607
91624
155461
119308
744729
420847
504628
914407
576651
614293
525189
711021
969344
731601
68571
141937
484199
508997
453776
338508
448146
4469
912129
777430
576727
816466
719411
238161
598407
534324
211745
474534
987080
212391
403619
776711
334930
245276
545788
861363
911426
294465
537728
366936
54494
290091
661984
911890
355750
958254
87124
658386
81171
923151
527012
441818
369775
522257
874002
997220
284816
674091
475239
933474
874162
107163
257177
897249
79280
940244
750677
353287
109087
603987
884719
769979
455111
162768
835172
688995
203903
242575
850824
901704
938468
282069
401168
803287
796726
198008
170686
542273
54543
308688
198949
641921
611264
573898
856536
578749
369801
652763
725619
532678
514101
581776
505925
397690
53776
475140
145305
490377
453446
822316
396192
904724
747418
864204
592188
748209
698111
435532
177707
283467
512790
767589
146318
121895
866949
864374
262997
433025
148656
275507
362889
542485
181847
414972
690166
818233
788876
541132
2419
432551
890319
828296
714256
783577
70024
293687
121690
158541
547808
734545
342925
659432
195772
766704
158615
646519
320598
143523
18373
578832
461690
202786
176396
530263
851995
285979
728054
585372
548368
769451
546792
930402
826542
176488
133324
260091
110466
525019
133215
386958
837483
641035
594840
193851
192658
102196
299444
33045
228936
662231
470363
23438
664570
406699
557168
127857
855891
786673
24122
990216
984622
325605
786922
232285
761975
496016
665800
534558
104669
941626
938942
725593
487989
585341
594049
279719
494126
748853
549016
28454
680429
294228
187274
240031
918341
444498
174120
311942
241940
583105
312052
829791
770173
258686
380205
542525
474045
899716
569976
454181
524268
903706
468141
675602
62227
129069
285755
851346
685412
999800
397560
316878
442906
688351
524040
101031
370286
564124
196521
452667
802291
712784
976474
999686
323598
481915
445286
283813
218774
600711
712017
646710
150020
454463
375517
112220
135767
813597
488249
463903
431367
559808
602951
341616
80803
105020
244873
876425
238665
512012
128691
899266
936226
445151
717985
329144
538079
278729
528762
490580
404254
142918
466100
410552
573739
714821
734300
919894
515538
298801
482738
273323
745361
978299
945200
502108
547951
395327
300587
321131
922726
526933
548563
160406
368251
491511
958805
373644
898607
939850
185823
115404
980174
893899
387011
819485
942884
305047
474741
558756
789327
666326
843759
217957
925744
49414
856756
422105
63739
198304
56944
152295
672494
762920
483774
5955
745311
901910
196996
795424
982125
805276
838009
131539
494232
666644
694983
965317
838765
563784
646348
162581
298522
36189
956282
637960
365216
101980
382941
740461
336677
166750
363836
454162
36585
620628
513817
397788
259985
889712
649876
683207
641247
508020
557996
938363
634563
611157
305316
697799
989962
98571
564932
31356
783285
972472
13430
481064
109989
804274
946193
671598
836977
273007
494580
333823
908698
488780
495496
649719
613270
325050
895527
152406
499656
748166
735771
651033
898897
482115
517886
867060
594816
183637
456897
65519
985765
107101
190281
209114
308995
768636
859252
566382
878691
785798
398714
126850
340549
853765
278830
844775
313906
391271
151650
58848
110253
618885
268202
402945
793224
464592
776762
193827
916114
125466
262313
948865
144366
131838
955222
209010
644863
466478
45097
225475
747391
229271
224755
635120
176175
921139
581807
732095
352104
893546
636650
735162
94417
738662
81278
625223
840298
345586
169530
274149
743300
866573
689758
34821
544019
666193
497985
802883
551516
624187
313301
583871
639432
526038
9539
461276
908315
156937
758896
328917
898302
26873
369249
550135
36920
349788
308603
437503
401467
354908
382371
715216
176603
608931
879236
325072
86297
135497
205487
730145
738206
815960
196252
756279
220035
164152
203662
672219
178573
359804
532181
583931
827254
861639
886829
425323
845606
804828
24580
499388
922817
351874
107417
791223
762329
610192
571584
315063
333764
524890
188930
294176
402057
504824
341793
551808
58356
64432
363512
657344
565065
136575
361537
516806
619989
288585
918641
370859
899424
19354
830078
424148
896510
132312
644224
361135
851973
934152
951349
415500
123224
627129
473183
431829
681634
84368
883976
349484
583263
602545
777510
734047
432084
490439
483097
98954
287327
34161
75856
265930
693929
214538
509132
169433
344567
146770
666109
208395
861536
21182
192392
724388
784025
682648
622954
480276
413484
532180
468342
763216
367047
684273
62714
46093
518193
649032
364736
159515
24087
815157
849328
240221
177029
273183
243795
957537
436080
371749
598834
256992
238319
663846
833564
375059
696330
62509
645703
866671
64299
63992
222606
510975
675122
524579
957273
78429
233508
168630
699035
254605
499331
14664
271348
914486
196664
738445
776118
819838
626861
977667
615108
627713
876983
671670
602390
169325
68913
729131
167834
462461
998756
366831
316469
230031
598370
28924
887015
628388
630002
212868
747853
856116
230117
882845
303359
529516
24263
556810
964761
409157
481585
247970
855896
21698
210364
620960
617882
819334
187728
805318
83847
376847
890266
251118
564943
659923
484187
263918
727881
197109
48285
9447
838843
856612
271170
906218
822263
65041
571893
849288
674274
697930
502017
229557
104016
558648
651456
744728
747019
121713
106027
51890
897011
865851
16465
496232
588095
804190
113699
144686
989665
968165
372012
710290
697224
426481
373597
185379
12543
796089
234246
975932
771571
329825
670433
183408
880785
909622
939081
260499
601998
60548
968776
159267
402176
360404
115853
664082
981609
878086
981436
178865
581141
271815
187680
266170
962201
252590
394108
883130
709819
159416
711743
661273
807920
275422
417365
733832
896832
819089
638490
99845
658438
358994
360361
627534
321747
381103
678227
360864
43763
718685
452012
427306
931079
923887
839487
155731
793361
965681
918561
197413
182927
737251
687395
896724
873534
821205
271841
850607
344191
954268
545655
363234
916247
992430
606739
558565
571217
637407
378022
212101
578622
562745
953845
423309
435933
213809
422284
776145
537813
531020
841681
51798
416478
969358
419382
354849
621312
215450
197576
497051
673396
758187
991781
242013
746855
732013
166282
873118
961500
209721
326986
253174
222960
286956
566235
472078
518137
250915
349451
106407
258376
474964
390032
179971
250190
466060
89276
613299
430491
712833
284623
627326
662785
433811
142695
698411
734039
584356
589522
923628
308826
556176
920708
353255
267629
466891
159844
326946
76481
894486
499136
97673
257103
845854
486689
862367
116802
598641
713146
439679
321203
792285
257786
333326
456460
513639
558209
579968
282893
130789
822318
662787
654381
929337
151639
767307
133464
832938
414162
213115
612503
623840
844208
172717
754190
108924
526474
736670
538654
174354
644787
271609
910827
159108
504013
857150
476216
658492
648247
491983
673325
475333
855908
626071
538683
486790
515975
107031
276246
159389
388394
326287
232609
926740
398942
648645
235176
840963
107341
678709
771910
872450
321707
372181
703015
600200
589515
785859
138600
910949
676366
653453
332635
510488
556854
19101
418406
713550
223512
472575
262538
615928
969328
31632
293506
562439
682127
719686
600706
711815
623279
659094
209438
248469
21479
147910
385804
525438
557497
13711
576770
243382
19785
863854
683449
759026
294825
553543
556180
734562
615823
486838
209177
774286
356264
217524
308893
604684
627717
683363
566335
847388
780659
382839
996746
564960
246378
109376
880638
264058
133851
17495
200169
11588
780588
649637
563566
566311
430144
355147
118247
840920
920111
523249
491751
887989
4693
186095
310168
581368
299334
537425
217731
93973
976095
675786
726703
608694
798264
961657
80352
276113
648053
768528
128192
219362
522620
456167
286556
319562
952001
332892
163333
324420
113276
803428
816727
180096
992572
796659
206742
975902
764885
74884
332275
951496
179509
301189
478127
948780
965397
951906
723607
890005
25547
23149
494381
303141
104827
404903
372391
115761
74542
874990
453840
689337
703419
688322
399053
789570
394401
629621
116731
406994
193271
415215
986867
957127
547898
523099
998575
50453
719622
797682
925574
118618
299104
831650
239059
982304
58544
226842
689908
358382
336460
620469
92846
107147
588847
839232
732334
503632
143304
337834
279018
72041
13103
582727
834022
934056
675122
485441
583827
862469
738062
839707
943186
452470
773433
229475
190742
374823
512156
663092
498215
868183
821982
73957
434370
117647
834524
637714
850013
468863
221044
181957
968393
417974
424321
972032
598769
945341
23329
501417
134271
390993
337073
709970
949470
116988
872282
794020
537882
80463
659717
237929
769123
439166
852650
197939
401200
801944
493318
893611
113727
622881
81323
7993
926651
108429
455473
409741
407351
694684
441354
446025
489751
34509
648947
453195
787727
568448
279047
932762
785602
980267
358702
270060
924876
712376
186034
946321
108699
71034
893746
262912
107128
784651
688431
637756
731364
87555
308483
5155
173213
697687
897458
287827
392256
68747
488857
934713
473160
643349
86915
808056
455604
552656
722651
740018
405959
338265
332411
808181
216297
393546
37923
149957
540523
367249
920005
87042
295080
70956
830844
211638
429255
867331
815389
109373
628956
310881
588454
283473
288814
142673
144404
738545
852819
905809
712144
206446
621496
162549
247561
162002
264829
220827
237085
672301
195581
716551
552432
196733
785835
133275
660832
611577
701015
288180
173839
201466
515664
515491
781343
654151
243428
102278
312316
73723
26179
908419
564050
767829
729730
798752
757984
156444
257915
367554
635300
560877
913553
719553
963190
124323
161745
141156
598257
912033
777076
986558
562059
809598
429825
302628
522502
958990
345615
851017
14207
159561
279784
807801
859364
105819
768394
838702
845891
565127
263
926162
774525
286328
172620
293330
259225
248358
28798
282843
230005
696673
36736
922164
646039
823422
102161
464824
777825
16859
985235
304046
730979
744592
459942
175303
43787
802931
745971
671731
52151
971720
392581
365728
596907
957124
126993
856208
795230
933308
276246
508565
486767
388399
191263
877548
525429
118380
605030
806196
280307
57569
582035
560201
207211
862594
243553
273666
750409
996562
337570
268867
320768
92561
516121
33855
102898
91011
300549
195917
183369
125592
518845
616614
232547
419197
598774
150777
984682
454846
615778
164267
672705
676118
727027
349038
503514
286549
169661
202621
346212
340076
286970
346801
26722
717016
961255
744899
250391
576489
709515
91039
856413
457198
636823
53985
719958
127039
927273
564206
183993
447655
696939
741874
565902
207595
205592
36657
636725
491899
221407
982796
378783
463733
380576
562259
863584
530640
560147
65537
156829
474923
606984
9304
958816
598706
769864
75290
12874
441770
5787
858209
211752
27739
498595
876507
836574
519319
29670
193766
124607
60266
118441
934212
763199
128224
931319
667899
881792
425261
461569
908684
476936
561725
238239
591885
856596
570841
957877
969061
823942
650866
892848
400996
44089
137678
977584
315965
487733
641868
220864
624417
314622
625173
741504
509432
901831
296289
514340
18750
968452
659171
478997
890169
567069
224531
701557
83730
458814
370838
137664
675031
286731
85003
165774
185292
496753
788532
473460
800618
166808
948159
700746
956981
264372
389040
587592
904957
864443
544110
663562
687345
477809
635047
748147
608218
955998
133152
721709
131644
125154
139100
753678
566916
208159
850792
41750
755565
904212
383297
834005
701046
795658
40611
448426
244856
562726
985968
69861
127270
730143
841721
885454
445734
205130
815403
821311
554886
438801
103001
659756
463004
450499
411745
339139
560767
157445
385214
556206
323996
405541
950698
364790
929589
341775
866222
216257
580348
513304
497543
233660
320776
924216
156854
19220
741746
576661
517413
907613
48399
26234
410161
337430
63049
151974
109656
96772
258012
133441
220736
220154
398762
506602
63842
410042
456316
668715
827153
480118
267350
611470
945259
800943
34038
520585
878747
914175
574825
732052
198088
164529
215689
98971
169117
130510
69270
218511
97078
613427
126640
519447
474020
87645
84718
20069
701917
175815
647967
560419
217347
594986
425435
416395
739727
663523
329668
349846
712538
584371
464222
306508
553416
135328
479496
770170
809297
458552
262487
260994
829549
861749
102606
67340
479899
400316
347323
576091
862159
700800
466032
275706
785462
988868
767197
683924
155559
221053
283463
393059
746471
65941
185959
941889
238681
41548
259169
583706
999808
863737
307743
59523
767602
950191
294794
300003
345180
674746
14373
314575
533100
102153
331206
440180
296799
692837
192561
443565
828455
716895
778130
432053
538744
300745
183895
693750
886383
999386
496168
904384
91231
649589
944708
925717
298042
774531
979385
361313
967833
719740
642879
213511
869032
485317
585330
723030
64945
393076
170795
336282
245251
706159
268026
181711
442559
722738
200513
683697
163582
960303
458672
94767
267234
592463
91416
131325
773816
607063
312238
219016
41415
776294
738207
566213
954680
998042
750538
498403
867937
786323
292319
798303
805232
266895
805778
966197
787312
288884
614523
902388
224955
510125
370893
318571
17021
565740
766704
151871
839456
914317
912446
929630
41241
973019
322007
676366
993102
679211
320482
357087
154275
973670
771744
701951
678176
278053
490862
7980
526912
827253
547223
584900
107161
39545
870547
294200
801251
400303
605857
656479
678886
948939
902268
223527
646724
838847
270653
571174
181920
484572
381452
406542
862378
125074
506244
613567
978953
826131
278179
260791
31651
346006
28522
958756
551628
125944
192919
125786
169608
592316
933309
83808
65151
537395
14461
635685
243580
876471
518819
30416
208993
976465
281951
552053
497195
763963
601502
671971
706142
776703
659524
208218
961677
463358
546184
178778
383112
901068
215789
469910
908322
763641
624793
578632
496029
772651
188692
440286
731380
447782
131678
666322
593029
739502
550380
82583
722138
224452
67457
51311
768275
23691
672358
467865
284017
27342
687430
249064
153153
564635
845416
910639
868259
969543
42889
547225
320886
771861
71829
196373
960034
334514
693186
672174
872577
976599
541065
688696
757226
859473
720002
913638
3036
739997
814172
648569
305796
725741
32950
386515
888363
400135
34460
121194
77695
693645
82145
475288
280444
437143
138133
999246
86071
578172
915811
268905
574535
380016
34058
752477
292560
708935
579510
691149
767725
953048
284154
464125
883706
434876
274092
51359
652667
518326
402590
168521
666476
788269
967476
979144
357925
732308
164263
891982
361642
478826
860693
238662
96461
568285
890306
683977
757056
631370
279087
694632
875515
154399
163157
878057
715078
558562
967998
870160
665316
390346
292801
800722
107548
36619
547672
505007
43109
413615
291487
597144
425069
520352
633963
189067
270278
412610
431685
882496
4397
346557
904258
953467
815545
488984
339200
792322
707101
524161
97663
225833
781913
821097
946777
164809
622723
242124
440287
261519
489518
440014
573522
179696
671284
160193
726203
388090
323430
314691
941800
809798
419660
294469
587651
676170
89882
723686
920336
767051
460338
915965
302658
772847
949456
679542
312187
540016
585687
841491
57183
512941
51829
641172
398996
644571
378549
839922
24280
845976
201313
472132
989758
335328
959505
117765
306182
713560
448788
311917
909400
349640
830394
118523
234909
521318
606141
389396
674682
181325
958410
495877
95914
811277
650991
679461
595767
79899
13154
729494
655637
935081
58219
95274
129435
899025
514927
313441
15007
93418
890011
910481
882476
918525
636585
760799
330402
911698
22482
471081
634411
916899
273872
951046
879062
752562
584975
786085
377169
55030
388527
626898
217543
805809
756728
964439
748756
626013
822043
57087
533025
368452
680289
450293
347489
136303
965107
990412
509735
523766
619908
66072
907233
84662
135839
646713
995893
188449
716296
725752
290230
629616
871506
238665
387843
856819
51965
683888
516476
873352
211785
228993
183394
708714
16987
815999
590154
433889
455691
97766
359998
678103
99848
643333
241521
641035
297641
594882
86300
831135
941648
502785
751097
650187
508413
583072
724443
870516
104429
47257
626152
917975
744108
514763
250997
389087
64766
144850
396284
587671
411686
133778
827260
155514
713809
302611
970349
445285
708962
719942
247199
477101
750875
393894
967982
592397
681956
610682
428068
300920
357563
230519
604907
305613
279225
322242
645869
184745
566973
963410
581578
713238
730103
648564
259573
939744
827603
481832
548460
494024
756095
238825
548498
9746
904539
787786
385898
756153
589821
111100
359154
775875
292957
547372
337626
340911
998756
256585
416287
514506
897484
100131
397769
130080
753203
554543
25981
463696
979394
392167
44735
200505
241268
568334
818696
569872
717190
57105
166080
973716
32058
935177
468953
686232
288647
548510
368520
140415
765792
764485
918752
943111
687263
115625
811660
897596
358286
110504
420648
846220
911762
569780
946493
107707
751669
370650
827479
505069
557326
531551
572741
703392
242191
176390
1133
989373
551275
683311
672841
859459
32994
500057
903042
45859
473130
57864
660519
254763
1723
899266
339210
795930
934072
311859
690359
97170
800245
27888
483218
905195
887657
405208
943564
54435
543473
445655
493121
34292
151358
789060
836786
481918
426077
408938
286874
148516
692321
669668
713071
378291
66607
638882
527670
374780
455078
360136
570371
678786
676329
222133
813004
47567
489354
196001
51177
812001
277780
39903
260523
280898
99701
724354
674838
849269
522502
272412
649404
364172
960889
339361
410615
364567
66526
340267
54466
395958
616914
632215
438068
161872
682500
558988
310427
395548
775653
204764
597425
262492
814380
138690
1405
877354
494211
601099
837065
638059
756497
231378
643260
407264
534373
667236
775379
628187
185660
814722
714816
328718
262831
873348
583583
939903
532220
714842
392913
892375
322158
977390
451447
633434
478508
443621
981773
197042
675164
971397
690336
158436
68338
155889
543661
900772
52313
160719
384536
524291
675004
44234
265798
739398
6321
715763
670359
238291
199106
176706
899779
939205
904730
864699
216784
333726
461705
362156
791853
717212
614388
449490
320303
584740
65500
961820
101605
460571
112201
578055
446041
354772
133970
418024
208166
755747
986828
880456
654641
197840
926989
924009
896069
152039
237724
905511
444175
128557
750070
601530
167218
373613
149375
190488
807304
974448
993476
903927
246711
494986
963753
433392
554603
598289
550004
348223
627829
2025
406708
884647
856704
330043
560783
801075
33451
704772
866983
938262
107976
925385
452521
307060
511537
256809
516722
516730
975874
784587
316573
652519
446966
592181
98029
19566
935009
73214
870740
620980
707975
171868
623966
957108
500504
530071
652605
798850
504329
65567
181425
617581
891792
200248
179668
126909
255228
268115
214143
302811
614382
594745
395804
960976
950840
8288
407818
821222
496400
742624
621606
355627
46128
71935
607996
811987
274254
428904
954122
994621
298291
737595
932205
397774
606907
133246
822699
272186
144680
600880
678172
410145
619234
425662
940277
116885
137231
677967
406386
249402
792139
550330
252192
503047
158212
172503
402052
343081
137397
15731
520619
917318
920957
7581
648464
199262
936283
547869
382883
699726
720201
246789
806780
560047
445681
617247
555676
853211
362256
972869
821275
799183
306982
800848
946292
468460
107671
726952
497769
431320
919586
952315
717652
54465
415163
51529
848076
394754
311366
781531
233776
446814
306290
262099
748627
158249
163056
465695
935428
206597
913871
269960
279160
626890
68086
119463
644374
469631
485117
914550
118303
319877
682408
739396
519289
399188
459008
597314
210390
380252
245264
39803
819589
833869
157945
58913
53589
41586
332978
354626
796130
352056
267104
13018
45629
935885
779534
21633
111484
241508
447625
519429
511643
135188
971227
927890
94477
458976
602722
42574
609379
276498
602508
681857
982488
884480
537521
554482
122614
241520
812108
612621
906601
606808
94295
420479
594399
396414
600835
898980
570392
123454
624913
51096
701583
812074
829776
312938
37829
918987
615091
965935
977958
437254
874254
858802
980762
319066
627501
182025
469803
55366
25041
864771
730382
221191
190408
170109
878608
726847
514344
745428
994654
558322
52455
81012
503601
361001
57690
205455
666516
218041
648584
257066
614483
153438
553579
214033
332162
543872
792066
374059
832871
330584
645397
143336
423493
240620
440775
442582
529670
923446
853009
299923
515972
326947
487841
889885
776371
924983
361614
555717
281711
877261
801462
509251
869470
713148
803638
936482
831746
115478
27397
456284
63134
344202
714349
590528
733057
605545
252967
614863
980211
135173
384339
863911
876987
292597
786769
331031
356427
145910
814655
252561
979786
94252
47631
579837
660028
141190
324035
294122
715023
102527
989704
850463
347524
26112
134637
142416
316599
355170
645566
90476
259853
154322
587393
535379
416634
815438
694988
586213
581292
902283
496833
241910
107928
671673
145256
478621
880863
810846
510055
4012
773596
119199
113888
302330
824589
777502
732839
582939
478555
3772
153886
165105
649671
617599
904240
699420
395251
775055
503654
523084
175627
356379
58345
304568
556942
727705
364053
809639
290173
120682
810101
729772
838110
608731
277217
902127
303597
469640
17265
513637
294752
216987
523421
545441
911382
659506
347955
869956
139675
615839
833203
75921
176794
340104
45578
653339
312928
159151
125929
540895
612232
756173
826946
284782
926281
831383
102687
97475
606552
299426
634911
529971
219515
948130
638477
354306
989676
505102
405214
271633
11750
163936
280647
646197
674383
17592
19129
771172
846145
17248
562426
974665
631222
303786
198945
962807
143760
618806
774702
80633
980611
178128
491331
25928
466272
390838
722179
821718
321982
351542
909894
354631
745863
336246
999158
10111
654556
435534
499977
454166
726054
54351
952795
980328
665274
548007
159655
672458
250088
349212
559842
37271
904481
878774
569588
590760
485250
104314
320723
76705
457857
705360
662206
435176
675315
653702
788244
311345
560247
866605
707662
161013
40835
85217
595231
747905
417289
669863
393767
617323
624645
623535
709134
900447
775910
945656
863043
66711
698326
242322
108049
977897
867560
655679
51547
883450
262301
293747
148916
979024
603347
975227
544861
50950
141195
748090
493340
65752
75157
30285
636853
779934
119706
744144
196232
351638
862342
715322
588998
682522
232848
405732
376657
495792
223783
857895
875824
371776
484026
136418
300396
829024
694628
841819
21130
811788
155955
400509
508452
20849
566740
887679
407910
500456
91484
861861
288034
457792
518197
550624
999825
880628
461667
376785
799783
813691
545522
649516
713553
637503
587838
643959
30990
574117
576607
260336
792231
725515
250159
931278
457996
608784
868024
700320
132877
342860
671103
860114
951218
908256
377895
382479
860471
671081
672964
764352
592295
431246
560381
294705
976083
436985
669789
603221
772143
870307
704950
927008
236746
974919
204018
870674
385385
995256
531447
912020
917311
990414
729910
38202
91210
985852
619281
752105
719692
679165
866407
498194
295780
855853
896317
910044
512585
883444
138570
734304
277732
968221
267423
385998
66503
704133
316145
671533
553933
458350
267396
289919
611918
10419
117430
917250
78015
137814
366310
840851
167781
334197
711807
914094
896948
427484
393701
453584
378824
492275
970170
96573
657343
835288
435021
382622
474289
320200
13151
903042
546893
80438
615060
163781
978193
164606
77299
910670
268005
731827
613082
320625
502485
555796
732225
557174
217385
215006
377640
878769
675043
675643
913312
426320
498453
752152
234291
424435
946204
64916
299890
746229
927997
768020
993497
831882
375834
490675
903136
84609
550928
928279
123617
322728
865072
261215
584160
543374
571225
13240
919804
31523
547631
428175
387505
337212
211770
157856
782664
331635
415069
794989
530524
656876
753392
210507
998665
417458
837693
478550
354162
750207
638164
737605
114607
259994
653771
304728
980434
802651
210518
895150
642260
483274
292607
429235
946337
772518
178050
674934
916029
446273
209287
581528
856721
493640
513276
879520
211478
113761
215566
566828
212637
276653
278085
775619
299448
87469
636282
689029
422729
233152
522165
930179
478117
205258
41127
787243
818915
967281
503616
546780
891911
765377
408174
903384
578438
297263
310452
483479
317238
690363
327970
701240
699156
605230
630903
524051
617137
612611
208847
208681
380601
769826
947146
908669
523233
211463
30460
331388
81965
564162
28298
254935
452187
929111
731111
339698
171823
920517
762923
299188
637980
806308
433485
598847
415308
500519
283197
936249
969612
564162
739937
529097
280151
880357
814825
716062
328382
42853
718609
29033
491824
886396
7475
483243
765164
871207
62086
241832
285120
54509
881783
187643
525244
937344
516770
270467
242296
84348
676653
548091
127615
423116
838465
17704
168087
8236
285094
778603
635310
605769
91962
237942
234531
717252
628302
810971
537901
69717
57117
839104
215468
295052
771242
257903
649418
757171
154869
667082
766926
492432
790937
835932
30525
332487
994053
10634
891117
926811
656533
126120
331239
949717
594572
862183
950264
236605
971120
687405
229908
780165
125443
3773
66280
768902
853017
280597
149499
132769
777947
2711
565440
911880
306198
177887
320122
285525
625472
478771
114252
393303
945929
460888
134684
185050
728385
323043
111180
517614
782563
51541
450779
140745
868068
803751
930877
265688
462065
195777
442927
608423
848430
145538
192327
987001
964041
333738
523548
697351
482152
370793
491780
186648
458048
16065
789304
884281
832967
683162
62036
555098
423169
678242
636475
173317
453303
412190
659224
951931
157447
929298
190719
765613
739348
99081
837937
898708
924445
814978
565054
581549
121836
853111
563525
514709
39397
964107
13719
745084
326078
822031
232890
578505
535565
36913
29513
690634
863612
628353
136313
371670
493466
167073
357430
277698
716236
560137
605740
459772
540641
920308
542561
970439
731075
816875
375423
653587
296968
905260
169072
469304
850152
819767
453922
104847
673866
422580
570666
360621
975415
62020
576644
321341
740848
778402
403256
677433
249306
259254
484825
973637
125911
623094
654376
198376
14897
693369
908437
859687
939056
485274
142501
159424
295051
19781
757359
419968
940603
170849
611648
3201
527978
608154
707486
960836
753035
48969
303786
890727
194755
981187
700126
218563
636228
897147
793270
418852
592507
266197
900460
560870
484127
422024
237595
201256
64426
597870
984773
483056
672485
660651
125360
366555
840539
49080
64107
430207
670895
748747
37038
937887
100746
69797
129759
647881
953708
232311
519025
320656
808228
719602
427495
841186
362715
400362
121655
248453
53002
212901
933577
469106
855116
421830
98206
215182
414157
79057
70350
674049
988066
449306
589930
764213
964403
238287
877760
262637
580627
413214
593404
667007
494320
5892
239211
36912
218150
923764
228699
239978
69678
768352
660639
83612
884595
474918
872111
791726
643781
551578
384747
339296
587942
217900
997056
334206
920002
139190
129571
349378
773244
695461
695483
824646
165860
829761
812699
924068
246084
158938
301
715628
840730
771793
390506
580609
58079
324800
668613
394384
865990
469191
130088
913390
206720
659060
447957
567693
476284
592526
130223
537499
922669
277694
59154
246712
873155
271835
931676
722897
732859
351696
65807
33694
622354
805228
31695
454836
313109
186566
611717
975239
131412
326859
323110
386816
998900
496486
746830
376055
456036
541002
27014
787150
539048
556639
512997
265705
682449
610887
598354
308301
985485
621323
776743
370324
295194
560679
297585
451722
924822
414318
318356
403240
763763
714203
605899
705067
848966
338934
520590
24015
99262
794208
834892
82221
999153
710715
958679
971054
363218
817976
470752
400747
591295
522430
98839
300899
584567
535668
919028
538904
157609
547691
249236
584582
512743
238571
373627
744961
432698
953688
164920
173290
515791
918081
266342
53901
315534
648390
866190
364058
507531
118435
83626
185150
552853
723677
472709
385118
311724
744903
461566
940848
587217
143089
783915
829493
238837
157934
589529
949591
410195
822145
87730
284507
490777
462436
585848
825666
636353
219700
691245
564738
19519
389308
143893
106460
203475
552092
966739
981274
770814
157269
816112
36903
344593
288052
768827
141834
995744
400025
930826
265601
433942
752036
723294
570166
901282
202939
943333
886944
381264
759801
244120
361465
487858
977462
609669
544151
547068
366831
496743
678698
6064
18194
196145
740689
415726
671401
789546
140633
710125
774944
203633
477458
870343
608244
745698
887632
871278
884666
764881
508347
42556
993802
464307
714387
830249
516678
778397
81669
829526
922442
108900
312226
312774
93554
292003
873730
26732
630850
334234
937140
324382
541302
637875
393120
591017
198375
634721
732220
54079
980119
426209
865447
105996
691865
728354
248805
533479
969184
256705
818296
567139
339554
42029
496727
252996
119080
95210
438670
437774
494773
746737
741937
856889
747600
385780
557502
673794
825968
408318
6798
685915
203524
146937
606008
185987
201948
530826
506115
34672
764279
873943
596101
839272
32362
853160
5276
666094
236713
200043
403080
371290
97653
489105
780388
637826
312674
351319
202879
689812
351300
740255
604059
701510
882998
683964
576705
731364
732806
731149
380927
83656
808576
444736
883776
456296
47317
675256
536582
357513
250920
324169
415558
947154
975222
291872
487200
331643
979487
255936
243449
802212
566997
695271
569079
169858
860064
180239
640472
494580
547339
42768
701295
991796
266287
606050
91901
457192
620249
152705
744296
200664
610331
822889
516058
186747
733292
64705
623801
167850
975292
715092
23166
483638
15833
914810
689012
792021
796087
263573
522511
538807
873503
251703
478759
214775
505463
339745
930639
966061
530218
476262
753686
949728
954611
487855
713114
827736
710731
178455
994948
474770
479725
740406
107747
528973
574274
256764
212136
202754
71471
366259
779644
975728
241911
128358
915962
272789
683469
184096
329676
345593
90042
546701
940197
14627
288551
273982
169752
551151
168968
573000
153556
905272
413733
416139
313597
719599
609030
180112
765095
850509
960955
360140
412785
339365
24645
454274
469628
200914
949349
130820
269767
742160
548030
368729
228072
816103
237737
729082
674537
355650
357397
105655
802877
932766
3737
99383
813598
782878
768536
838300
210180
164923
81552
798021
406531
625176
433471
421997
703810
173363
514354
112944
790995
476920
93675
475502
520052
750128
382382
482504
237665
729622
72616
405256
572436
71882
601213
532957
963483
486815
445549
433859
955539
237263
436705
503233
977286
899790
621144
51788
714847
592507
495977
792649
396294
730419
790900
34352
745244
601600
189097
403788
4884
199407
708020
835999
7660
434815
277508
809058
139655
546293
292919
379881
754473
500941
831204
249189
461070
288587
889284
948740
412007
613423
859069
841843
500850
556870
598925
597571
521717
665501
667983
303977
231062
962769
535597
966943
449626
946946
321251
434921
461112
115430
894123
755442
121177
696057
882315
917909
517423
239570
450295
174839
657263
420625
712228
104465
22060
904501
255274
985355
437266
317322
849684
306948
186043
578367
772424
249390
677553
767318
863821
896407
326593
124212
683198
888002
490296
383064
434378
35955
783677
910376
681381
396042
38730
940327
923279
218823
270089
671236
860863
846508
493959
192843
765740
214336
956631
158718
715831
101807
859654
146367
407416
454415
450294
750308
790499
360573
705497
354925
406103
436518
812620
733457
63427
78882
274317
952052
286261
572602
44379
962678
745472
220490
523689
366245
52682
187650
828030
488338
663280
268038
234028
808641
95638
595829
261866
669754
203278
178567
88336
983932
172131
266192
747951
588049
579268
674657
896203
21309
7496
365070
677943
352720
617058
940745
931019
235675
641186
260461
496003
423359
966309
1303
326839
740065
272219
44335
125107
442809
917491
746949
934258
532426
475429
117909
512060
183020
313179
140589
467417
831621
95997
289382
640432
281046
376984
39373
825281
792689
134378
716838
825788
52809
320140
135942
89852
147362
814972
294943
117155
227751
822662
72473
105234
849114
677711
508571
215237
530149
477054
513960
628298
821264
301896
969254
605340
551372
284502
313211
963616
533740
9556
397968
539835
75955
252760
886839
287822
691208
306925
675689
11919
80774
676092
292584
886021
545648
89750
901059
880992
177346
572384
888632
740466
899234
730268
48435
75982
835765
885264
989365
148668
500814
417877
744208
386901
555778
718845
601998
772545
989655
400930
31154
824011
583835
712007
913046
198686
558800
672430
783539
556319
917829
142454
313727
680806
720640
617453
387377
24665
926871
543802
199328
404519
702494
996768
281673
207263
372154
540336
144688
875946
264468
152270
769629
138667
124009
307357
757767
368178
225599
432138
515151
770775
906418
45874
774563
880121
655789
364529
10819
574291
414452
452616
389024
90935
311325
280298
458720
511979
51167
370083
392255
886045
453954
348518
728335
904067
951734
995121
888992
827923
711360
441631
974266
798748
120975
287626
383175
28160
867757
471642
646222
176782
109841
179823
955674
795840
274321
318503
828857
572750
712372
469452
266400
478444
272485
454557
820524
107751
341508
305335
527107
827416
917975
202400
809625
