100
10000
721474
812702
567664
363662
925198
920132
540189
45813
801248
862001
177057
16816
198805
438140
796554
1783
280540
39358
172510
749303
361518
801922
554856
886167
268267
113240
19043
940821
177938
843209
214274
559439
390365
268900
609050
599966
967287
238519
12333
801373
168027
703258
891348
857095
196426
28901
297480
686142
743720
721089
935245
209192
295348
127836
812795
37108
974434
772406
348074
435067
934871
322137
690297
955137
706433
80933
367163
462106
974288
389641
847551
557097
57876
419342
673723
441796
482356
254221
581077
787827
524168
981953
234893
64600
808020
376823
58057
42280
207138
396386
880574
276567
85435
252299
544249
831442
153857
208293
83848
874726
4396
730558
812615
682494
438111
285586
455306
124489
938278
841658
169892
149050
161935
648001
54290
659945
802018
380375
760263
305495
61566
237727
550485
233486
754769
750051
686965
548135
845875
64231
542771
467878
995104
588059
348857
761599
441872
809194
285558
905084
865077
961007
238826
408374
886928
654727
536465
159680
439728
641729
196073
268836
964553
40882
856418
987333
286637
143462
366370
305571
177641
397489
784177
584573
423359
30179
150984
91281
827
703065
310961
529151
188468
239600
877210
887052
422945
705493
2236
588354
853653
576440
35235
539444
612504
559519
588121
675294
71396
158039
398067
520939
540473
97477
20855
788817
890269
782362
486696
93976
363700
316644
942897
941432
890359
775938
818026
210783
240340
371504
392777
307473
619362
925120
54696
892842
535231
369066
285998
886591
503305
644666
54109
680035
159413
24487
948088
295813
528783
350212
31631
157750
751886
265616
367848
129673
447379
893480
728908
957780
770238
244316
205995
736402
20461
988958
271660
901546
831315
749014
208213
240203
815920
180243
613396
537198
926770
567133
352936
935357
983080
90662
445103
809042
417247
551326
665036
453464
978779
729254
199220
427790
34675
627996
374230
575466
690762
70101
302821
152794
431270
474921
645315
834853
14126
210535
831883
52400
973444
224809
986683
422941
759997
620547
141053
894478
418745
362709
397200
683527
885156
78976
805271
953778
270984
283829
472254
11451
950348
702121
495365
378971
277516
582053
95275
411187
167894
451257
329143
578382
170815
15504
383781
229449
406881
108191
152620
160783
637746
884280
612584
140476
843713
593339
675369
498083
455759
100203
579160
686955
100615
568990
931328
758932
770523
136846
269696
837143
933501
445838
58252
137772
788663
392278
329499
725861
839464
967807
191921
778360
642972
335690
614409
27674
65414
296218
361950
693126
470236
978562
372438
619420
347791
181433
105612
230119
713510
947306
123960
756471
174838
316008
175677
662829
730816
468735
306768
573717
332647
887846
385216
681197
179660
402896
363557
830852
39496
454049
82729
486718
452677
30078
810542
687796
103674
888957
411931
291704
203201
215804
136774
109494
557462
218125
863679
227062
377774
171407
689847
161661
661297
164056
105164
497619
155542
417230
263218
879136
23514
570901
170815
558960
341213
439330
662099
265110
176473
518446
596769
400300
724799
712583
31903
333368
660976
926912
781638
690410
425301
315593
139206
418561
34779
177177
609290
199246
218318
573255
158499
587281
602513
930937
188179
147519
218167
383987
41849
902309
593602
864785
145172
438438
872886
858960
814709
918240
966040
739398
208262
532525
944456
59058
135664
189062
50680
331950
612014
373505
633736
280065
521772
826619
764800
782929
986459
611792
263081
843509
891348
59911
379976
291689
830758
161163
276536
847578
348990
93844
39587
793698
492594
321637
372189
828238
421418
403950
958621
271578
277355
763409
467736
2302
49217
362753
792123
974049
529225
536263
958149
594668
335576
956319
33664
799034
262987
748095
568602
123307
601452
421047
463844
936920
228606
567731
239718
40544
645734
878366
492316
135265
145206
783713
585554
267331
279574
487369
84695
193006
177937
474631
549537
96091
82426
431248
342589
69576
951481
784549
108272
966597
393781
62893
512624
458860
993311
178622
347832
815534
15641
388474
495372
960391
929218
984214
340425
809299
303968
331254
637096
760571
124904
363956
81231
977864
149036
474880
62099
47576
949346
28001
813199
921133
51276
797082
55066
760355
70089
202215
647271
63930
955064
408679
631678
742225
248261
391315
13843
715828
301713
724268
776064
62156
2498
834291
331940
649077
631012
255762
286423
980461
948154
407384
65033
774887
879206
420514
173942
436479
670128
851541
533319
467401
30582
480135
791433
540162
745841
731325
625282
162536
781663
252879
771189
364261
959506
417256
775476
150695
896597
298090
680989
959691
17334
873134
888050
934519
503029
731753
109529
843463
40967
685162
492652
352542
205767
952383
228926
306911
208506
244600
9836
346420
231293
479107
289243
887435
430094
551990
346067
904353
143859
92332
55799
22774
311562
480070
201184
353184
683502
970963
852630
113148
105859
4938
33578
586431
362143
774516
297843
182442
425045
152486
3683
876252
209695
160812
270469
812161
984359
555458
423381
706473
62706
502396
636155
140019
357162
870085
695974
302632
348486
354116
30466
4004
88344
572698
935829
137454
697779
495944
434683
158057
175478
329582
159100
427236
77242
345966
132167
377740
224340
324719
942606
389377
212743
540733
256189
827845
306505
922254
918743
280465
746800
966560
507120
846850
118585
27901
398209
821232
425205
94688
805099
74399
411793
145138
920139
721871
169152
337453
812470
561262
376071
454498
371409
923950
571364
841877
249744
646833
836828
286406
429641
696287
204320
979787
244148
712666
759515
977048
473089
711817
797915
368097
518486
989585
568473
411670
942308
905890
442214
80909
239525
300525
443445
184830
681140
222003
379455
151079
747720
293625
951638
214928
747662
725720
518474
867817
392099
773233
31090
882191
398763
156221
887128
569325
767121
528450
64771
149887
807515
283105
179873
357682
673576
264332
312849
829416
701257
700310
993803
445975
156410
61219
491949
598161
725372
910590
536738
273822
609488
818441
452465
170245
604177
970575
817952
802474
337327
372982
453122
297297
301252
281808
686820
466241
245524
232144
295696
321475
115174
642457
167932
622410
75001
507570
968338
428844
775013
894294
726365
327310
129040
515497
516877
559647
807753
821380
657703
16315
77892
930097
693900
847599
281266
943602
976547
257756
146365
472060
909158
887476
192157
420481
790598
133410
361370
361771
684604
888390
106078
66852
58925
833566
600438
759378
602681
640512
141413
173920
247265
822083
322277
591544
207122
933758
912251
996621
997458
45672
947701
244500
963974
838366
644291
801746
470941
937604
702448
671248
600477
960323
199803
697964
402440
240688
98582
797898
964266
155788
434106
40231
331778
844456
137253
589390
403339
727393
106481
98339
786534
385801
860562
271516
733861
423270
833964
279120
261174
786324
718415
768295
34986
600133
360528
463410
581153
446185
490117
29780
610068
503209
36892
196125
921791
994700
205208
25399
89577
929021
363178
564665
776017
763108
419624
364505
137655
866096
524652
420990
127812
303798
185932
830452
206998
366899
471281
73913
524652
86829
350998
930164
227755
69048
160351
230469
51851
695253
369363
463287
870817
9205
133944
301330
896841
763483
909514
599310
101167
366495
531287
793634
978682
406030
729786
391033
838423
742127
793522
166534
666397
478753
856798
681838
414754
684576
982487
612580
900378
542822
296298
694867
746662
458798
783152
221556
416833
923283
281932
453503
546242
996311
397569
838014
601998
545472
149934
927164
372574
877661
101926
912989
300777
524455
191344
97415
668526
332546
138136
493758
594400
504675
546672
650830
481517
953611
492646
316961
92013
678321
363907
654576
781540
266045
391102
867990
30388
810737
249659
299840
706146
932706
248867
890497
738626
8420
895392
534658
100418
139909
978869
141399
473681
906287
952569
321900
457386
728686
829214
987265
56023
942402
957606
814856
750325
688993
990256
915102
786691
717365
369610
340117
421666
547579
538744
453982
637629
799043
168164
196691
71499
665348
525490
7009
533936
82905
439090
365584
75267
234972
427759
610097
885291
721822
52068
485411
965154
234112
662030
710721
818651
91249
947933
273196
216512
650436
977476
996592
307156
247020
868655
662869
328184
193688
537684
265989
45001
15461
713379
897429
711718
522500
168151
779185
716815
157866
561646
288745
657001
847213
686837
484498
553310
261250
858749
732442
429153
794960
959274
862956
757839
652976
726057
537276
60465
156164
395457
952879
525918
98865
638275
757482
161853
918202
260252
773302
842857
164282
944265
864973
892717
9726
298985
987140
818350
988477
950190
97364
948328
381428
568493
231238
779152
85026
925462
486011
655705
821469
227901
469589
259731
635664
48022
675782
523565
12306
715136
665971
27483
81507
681336
532484
44947
902405
784238
315531
295153
543669
118388
759310
20026
499972
604435
556594
385917
860183
554296
948870
471637
661879
715788
89770
92236
424534
173281
258971
262042
377055
383624
587676
238155
714424
334527
837825
578366
114647
25671
935003
628297
363134
281428
76219
351610
403732
710686
546725
671033
620962
376853
786835
110793
101863
495025
721122
785709
903448
968807
324061
892455
520631
193655
461221
702235
501198
309986
929018
829523
27912
265594
613672
197340
725613
496209
295376
194061
284344
254099
579602
886759
322775
507312
911316
108504
680895
130737
705394
644186
955753
840492
522050
446264
596076
877395
795458
415793
267576
39142
716128
5749
66028
178185
461606
358092
93781
829232
636929
627798
993476
335478
403308
332845
448779
566477
349566
96422
954067
338384
594124
322551
931677
709813
91324
397554
927187
446238
501223
428272
144970
834254
986090
563209
907031
190904
202186
411583
313163
501107
247297
728506
132108
66251
310761
22254
324817
220657
422660
510424
388665
259154
740070
390824
365449
92101
704703
536505
256705
606493
634825
193915
41305
775006
272074
242
110941
600269
548294
493463
90146
301344
862405
354780
602212
107669
80188
604685
374397
171551
196123
774034
835012
916986
700851
435089
293376
832352
126145
237488
360520
857556
745499
600952
275640
106331
128053
997141
905298
452746
908816
158394
327406
629691
373505
12001
977119
312473
488602
969584
957412
175451
43127
862711
189512
926094
327462
142550
783895
469322
895668
641596
802429
112518
634064
551178
798268
281736
739679
356757
92297
285429
167259
982986
189380
520326
4712
690861
817939
210843
460213
819514
501722
768170
127499
539884
17496
183888
410294
243355
748449
675400
144076
782848
22196
517625
166494
380821
574584
968809
809531
840599
760856
501008
725275
249261
25143
612743
974895
298467
808658
566111
820547
177743
414705
731854
933900
843028
270154
363461
428244
18308
219058
324765
311999
112481
760384
179695
145849
151932
521728
732930
523966
871167
734737
151583
200069
163014
54044
138177
771274
129511
484465
356521
750902
29714
673216
685773
619694
274196
222896
5936
789941
630646
4831
317197
737087
450562
652983
255917
42899
817765
92649
650456
499995
613424
563977
389480
903051
316217
908742
499897
874668
831902
549828
212284
783108
964137
709848
418987
61156
789647
795231
216151
694414
540051
429627
801244
80128
335688
97388
337143
883233
807731
478343
83758
977287
308046
448597
875949
292515
488105
359242
156465
96458
477868
887903
344093
527328
169975
461263
346986
590563
461226
673836
638076
209
224384
219739
251151
848247
383766
517106
160848
574808
551754
908460
967496
55606
114623
123847
209715
436480
206652
57851
196975
883543
194932
806870
926928
940159
727392
745528
193872
591135
387784
268073
419108
844788
500002
185298
910441
593496
430417
734303
781117
228459
777038
602798
707691
915739
657572
743156
895166
867798
746837
334317
317366
267721
771546
715965
393561
744019
574728
350568
380256
586635
278350
501419
519506
10730
215195
404533
154671
822999
198812
257413
355714
16974
711523
755745
526618
445612
598371
173552
879442
867673
922008
979189
808843
135890
306244
652904
895931
517649
834835
255410
538591
286940
448864
500742
494348
722087
378704
848919
737187
486375
816540
192953
102755
478069
870445
237016
34969
71898
328736
739727
563762
755901
599465
240870
12785
857254
27667
371819
865531
937902
366501
824171
217871
742726
843489
990669
71572
703904
243110
798604
274187
142013
857909
556047
710948
970388
422544
423463
668076
480476
853630
27748
867299
511414
205356
196436
853164
133242
994605
53657
519645
980061
995362
34726
879286
194492
404085
651222
751599
541063
437759
378601
292650
380493
137162
819611
952136
926239
172080
420131
414808
836708
664418
973893
830697
530361
953797
754388
319104
139010
450550
740616
368485
14738
231534
247
434072
775987
144129
213236
203041
914770
409409
917953
484869
730634
608895
698737
394580
290059
833073
706719
861472
149287
285487
594885
723080
550969
352728
776442
926834
953074
189073
327626
988311
314241
437805
270707
39607
264798
923625
517050
712686
556596
396046
200744
460447
502569
568441
206437
56908
851723
755831
722351
495688
584856
909130
35959
205059
814058
761033
85976
164485
278525
959267
277877
704246
808350
99012
361837
84889
720050
542928
145470
817113
210977
355596
252659
803004
400861
279580
559051
359028
151123
978407
581416
972436
122412
154838
194928
995232
939392
928060
209988
596157
1432
882000
444443
146631
380382
25621
482298
336129
749027
988506
765266
86695
635405
296989
437622
526240
721819
549387
705847
46416
859351
697635
374878
894793
576727
465912
180421
625377
906863
231573
589458
203550
426358
37050
1489
331534
445363
109445
70061
820788
46437
899500
428491
123932
739884
598823
573636
867408
418967
279467
355452
182435
633035
581456
733475
367530
928844
950612
346120
601035
818923
898104
745237
903213
447180
897544
677803
294671
970387
660728
527003
773620
111659
382442
516925
550652
698675
344844
456817
512847
458373
284447
495664
793906
92451
82578
845581
254715
25600
89548
708238
716193
284201
823625
239393
79341
780558
549724
354621
987853
777073
68434
148246
451975
754986
883255
777148
889419
750356
869042
273809
611873
238360
701323
442789
166465
625620
528014
155184
439105
102567
822215
357227
904169
131419
56492
912203
481506
298224
210970
645659
376013
867969
721784
896885
947697
232789
989176
351580
368396
970181
611900
971449
320842
880837
698773
966129
15187
865232
660902
161695
687423
290484
917991
801779
431909
548279
651781
430950
203345
323813
951399
357785
796755
486007
189580
373449
351924
237090
771600
547313
522308
148985
88142
63869
972047
841727
679198
811174
533934
573325
23615
383534
968377
716188
758992
823418
892122
779568
416825
147079
706045
995810
426279
737674
487779
681544
177140
918184
465558
481346
509796
535503
396727
226148
100235
815087
903603
589243
297101
428761
770900
100670
760446
841778
572788
685139
440103
197971
989772
668474
831914
232449
210218
660442
197565
311684
344129
161510
741010
202406
280858
75244
570007
272202
966697
312762
579737
473510
881466
84909
584644
37534
301130
253911
843333
256638
908466
138316
280848
993044
28286
593610
443965
156648
714332
814338
386381
897241
876016
129799
215883
789142
106821
659218
534606
349749
576925
785199
223451
718387
149737
652552
762727
826953
839700
221068
70009
313063
809785
929084
687150
732368
288246
92626
533463
894353
897880
77134
241661
723807
429173
311646
46468
84748
432985
197161
552045
102310
661720
870776
273781
805356
654851
911681
708315
140782
86453
133714
615999
541056
972941
956183
294118
554394
589430
587208
607194
604559
200161
164785
876206
274408
605780
165471
200735
521437
437020
947108
485910
641967
100958
467336
544843
891237
767244
935308
107267
186656
27763
327771
809977
781469
324144
149392
40475
303175
163587
343710
680619
359991
587579
507296
820806
171337
849809
115198
971778
967260
616273
351736
670320
50853
175923
291410
76417
927088
791368
439453
747076
242485
920784
469917
430285
364627
644328
893084
105778
678892
841376
698698
935087
897436
725483
252687
941993
298774
331056
486383
491855
301597
775677
943321
497117
216413
161179
874764
550010
508516
940476
876967
44162
3392
283793
833547
322910
776309
28664
655278
164814
157147
968275
356607
713736
549074
740404
948081
47034
518627
509940
593639
85996
381621
41507
619450
740225
626473
261593
373162
914524
967186
67051
399518
162016
196564
667129
440345
377103
552920
86245
505532
988436
582377
601950
435954
277788
580270
805082
123387
434334
557892
321122
884697
690620
108856
100679
965905
31937
807454
407410
609054
159562
615824
923417
207544
847554
532870
201294
384123
985990
213071
621745
132664
976039
46378
85766
751189
966925
642947
510113
101153
248
521933
332222
268472
373346
821304
178477
564751
658113
885904
943530
122717
847401
783474
112587
931879
440077
442731
89170
922150
315749
869294
377378
424278
485420
342834
191183
744990
87361
282598
862158
94551
454829
95634
808779
565178
688900
851083
660058
316907
21668
662354
856709
293788
759899
324363
52932
821599
16677
919829
391754
814156
510738
876170
322236
225995
479814
321428
316156
41727
785754
44522
199588
596944
61281
337766
721615
42322
234309
923973
384977
520983
875919
841210
733446
503950
369477
15151
247560
349078
710253
410713
627194
461539
707184
642230
616385
629771
652186
719846
187027
396654
3646
502884
636583
59584
804470
130527
856652
687221
621960
724473
167254
260935
291621
707547
739443
468135
392331
425779
985755
784766
294794
681419
277798
745182
113635
92743
893431
441930
317643
379003
100054
70046
581264
470758
39132
860892
795731
836751
219975
16341
423027
204667
955757
484593
328459
672520
944206
508763
165713
744106
316418
156491
263391
697279
77649
179825
187406
165456
446753
114875
201342
132390
666442
662467
343731
682055
915014
596568
74010
30540
512644
973992
274025
640352
220123
711111
440228
487703
569115
482142
74747
394280
2624
564019
722577
610569
208192
767056
590359
473573
603396
472979
478167
882429
646067
440402
787597
621720
384745
46824
28847
853800
96966
178528
273870
947323
9699
141885
649876
975194
162400
196964
803309
772418
780889
525287
877507
114172
725367
615791
77153
583451
968930
836741
420473
834578
735636
959485
429633
278767
99209
595263
801463
707832
319955
996275
674886
261281
172617
302281
941889
492071
664863
66722
765260
226955
19793
128862
300762
517550
992826
875843
228240
394118
23489
392070
585032
49274
929202
825274
76083
47584
205547
743122
373078
792848
909997
28372
831605
163429
313298
570461
842765
230736
337118
57995
196218
123608
232365
636298
661177
156018
248588
340862
697096
131512
941604
605002
124394
118921
931217
235259
335942
166526
259730
624213
951471
531588
279769
490744
312703
202395
361025
818797
833308
384426
159327
970771
425692
187708
53232
988832
334405
907867
243186
364374
138669
928199
763216
201669
251904
130003
43829
43958
54688
141277
121986
582523
691943
553448
287898
941585
466952
258072
426010
393327
301843
664969
59750
178158
973271
963852
356959
313044
55265
790078
527600
994238
717475
664967
402952
324522
282096
684844
623074
805470
475684
836306
962431
234169
232865
850128
70390
451028
505140
907439
684770
624021
558165
587585
648505
854736
210701
938459
70076
134617
837362
949296
198218
969258
395022
652619
945168
737453
242974
855656
525659
659240
805686
67440
86030
206467
369410
491792
683631
52918
166823
279477
167451
352979
675847
107941
747418
958637
782627
910461
91597
721892
418140
247747
906052
254350
666066
706471
228204
658116
194477
649179
608293
160582
573434
633612
482226
165132
803501
129211
817162
187818
255877
977469
541771
829918
427981
706123
425102
87802
756734
992199
227349
686568
585666
858892
290273
85023
623251
708208
263457
90081
537090
305497
315716
765102
294228
660408
128496
649417
901126
23719
481547
911780
375346
326875
668086
690986
665738
593926
311769
540905
401728
243980
396313
165147
416392
941663
192358
34063
986933
266105
976370
945721
993920
172853
190460
930834
542056
186571
502218
293485
911411
830438
569781
129048
982034
821412
281886
886635
175906
467177
968319
415984
727439
102368
367132
159407
910995
677264
712791
587540
397980
477078
233187
603519
713740
482053
438609
906984
196890
611351
395526
77741
971030
843918
975566
41466
607689
894699
512841
947540
112058
414090
535171
684802
718157
860376
668514
39384
672007
31730
146488
710305
839276
499676
156920
157992
433033
147803
129862
885667
681294
868464
971175
678973
825107
193265
683224
138175
563451
792005
818682
10266
675766
303227
853610
533843
746336
941384
546159
336203
816007
397403
277133
339050
574922
869151
343542
136744
275356
436940
257376
578616
470312
493610
539634
850449
398863
819812
734616
918361
32908
283909
468214
533808
84025
941969
481336
517527
163179
774018
191688
468476
993015
763934
837657
126499
930712
885105
818336
73650
158761
663597
464611
287705
296332
967642
93545
253660
183853
920635
233105
637950
360993
61823
308351
645068
754024
34720
566065
527107
200401
329948
854576
823967
640445
480782
173025
818817
977851
675817
245307
869307
324179
234896
213715
851387
470622
306132
79763
516243
344146
338122
289929
789345
764188
524488
47579
887776
192358
526077
678745
120841
918072
909802
389611
905639
827898
32897
774825
531318
574295
687960
589321
974903
857406
887114
620915
84947
187266
473642
477809
578025
218850
219173
523970
88758
7650
984691
19661
534944
650648
776441
53875
120799
979971
591999
589245
669448
885588
244361
116277
206456
891089
663700
31312
108633
560975
625199
537224
711124
394717
207923
50504
746899
511872
653152
824065
811057
732568
528597
816602
272065
452897
540843
207684
570936
573141
249839
951467
540984
107247
593339
489864
839290
165515
748848
590931
566614
656105
270994
557782
522930
427729
472576
835613
271749
361680
193934
311882
403271
619616
746241
336453
411127
638310
812902
898000
445448
24148
976783
847032
74793
654895
53099
883751
950640
70059
702849
714839
582690
285490
394697
662049
331169
945283
319655
522227
428978
647351
811653
567328
158186
268063
918411
314834
89845
792202
471998
658203
751107
657635
883762
925992
710800
87158
913517
57046
827726
628307
756186
88799
413552
42379
789607
684525
529685
177943
93308
355599
577040
658265
146775
538185
133904
910970
918088
820357
419953
126962
795590
574760
961630
286182
402797
538048
369632
187563
95957
621145
528840
975592
53264
284591
890997
620634
297407
612541
281795
95666
232657
57524
404432
483737
291994
679559
486316
198867
757580
102947
587996
202049
774740
508028
133451
975168
446291
490307
497870
350960
579447
319924
622802
568463
775414
212491
666789
589187
209447
100118
618781
754230
226429
177062
531241
217243
778336
261215
211058
113872
464681
922415
486957
90268
327482
818267
517056
471639
556280
138997
952206
106409
771175
217898
692449
42666
751264
859511
473715
738409
534897
776188
963353
627529
970577
5865
853197
978693
252606
2837
232982
657939
186293
328045
784022
503206
700942
789641
366064
875470
425713
334938
882579
427131
406520
185344
638312
396063
845347
414968
144660
550897
746802
866995
81514
602125
761315
538305
206576
783992
679176
746348
872396
835074
490244
369378
2828
428356
418466
239306
78351
360073
376977
415543
3282
660553
73280
324090
615515
591121
252306
100049
967996
342270
42174
514750
557508
474023
338311
701875
226568
520091
298514
619689
240585
407679
959977
676240
460098
725402
866443
726369
247505
397036
794221
756239
183167
81912
69202
108508
868974
416931
667458
384711
899102
846517
498218
992226
566363
624060
497871
959426
206343
479887
240880
557777
12096
299696
471096
584445
412973
201483
844381
396883
399146
801371
898456
48294
136397
682412
465473
950825
783573
934331
362950
523037
788079
151225
709895
613603
267620
581038
658194
985459
437026
904507
118774
896677
962788
486456
277126
98029
897217
678332
852780
624932
153935
797050
90919
652417
334193
97288
536226
579750
571012
598779
460402
763351
71138
946543
872684
926789
496657
443363
609057
197897
646476
150849
503480
939436
48171
884154
260774
364450
259761
87440
827916
609880
624498
132077
541100
64291
435359
219377
877641
810711
916912
999049
789019
654777
805228
673082
379372
732812
11800
57598
246290
592839
951674
284741
380361
300776
763848
726044
543468
19042
29298
458987
581712
286066
206345
886808
859390
488592
134026
919882
860362
998592
231883
306376
940180
799623
584577
48959
312987
837627
6316
506466
876217
107764
877216
815724
775679
99551
948144
69057
613229
9713
899448
455154
688526
803127
151751
560736
628846
139404
813607
69111
804217
594661
182987
175900
325746
702214
702357
881314
355660
598295
372417
131765
504873
32977
338353
922841
140140
119379
866837
139981
523389
323601
500918
895305
593369
704299
955872
303463
890770
1948
297834
82654
937194
771529
25379
522088
916488
292473
325083
773318
371605
266980
33931
23322
828022
886116
206498
789361
191398
431496
805485
361123
929774
743048
835297
662035
716100
191698
525832
842386
5758
837059
277190
767520
142129
119601
730695
230098
565995
866085
814024
213775
628040
612966
63678
206388
140533
236784
2790
363096
578687
83908
943850
215529
296855
823641
46893
762613
678948
154992
292852
652677
468549
843205
414192
210084
487650
476961
653996
708413
498349
601292
124751
45858
271995
760736
967631
844137
299385
674106
428851
323761
104524
23817
672514
373442
975049
614152
725389
189522
562702
705288
492886
307620
745531
717862
91356
898571
481424
314397
259076
828365
381285
753908
804645
605859
575872
404184
655664
524124
900374
77252
91003
443232
88673
831644
740648
43858
218074
984090
742774
936399
900692
86879
390308
38548
353461
670763
805309
599932
624017
737512
865989
286694
948644
749089
133950
19061
242668
236880
611799
657969
763169
577940
225202
87434
419986
557505
329617
554621
914846
176786
908508
329424
472523
963385
186449
893367
509894
222039
785352
242329
717751
593032
293410
805932
371840
500373
250318
132924
578067
660365
751031
899595
695469
342253
451917
241939
717811
303868
474095
837479
32487
100916
740722
448695
31815
598106
903889
366322
221058
435887
160049
519302
541592
126783
137679
306883
664269
658198
547720
345757
271241
806610
992004
676688
147279
495380
499008
999326
697624
623248
409015
10868
806604
134980
186477
28587
317340
23238
922904
364714
614398
37237
479083
826600
601158
713169
946688
337167
154846
922151
509793
334332
395362
838501
967218
740707
497114
963788
150783
282832
580821
433155
714974
867656
159006
382791
229121
317262
318302
37888
559066
712257
2894
284079
135979
77282
342870
783492
514089
569972
223431
93388
268492
160636
663986
982728
63542
477288
424547
362201
1533
900940
257789
876887
938519
460615
379059
278400
608225
833412
84640
580493
129484
571165
514180
853600
244196
947609
24988
760346
519294
9814
974557
863754
629886
630402
939852
906112
887682
457219
202109
798015
402543
289207
44198
250640
10902
690965
548831
772851
361218
311090
595256
642609
707360
851808
502
33037
865036
648369
471020
60057
385908
686745
689395
57636
374315
677937
188870
242577
290892
460376
687996
269571
893449
230196
576098
131188
658063
863830
199156
837669
993943
443644
236664
426288
914252
508400
127928
342585
205268
898061
414618
781059
453246
737441
765085
545118
441926
871918
46258
176126
269575
740235
303541
47272
696254
646184
880006
380549
27318
312174
676809
353945
505622
168581
855926
493773
171715
338607
1117
364904
682931
617745
308602
911260
719120
843922
366896
58813
974340
529244
246118
912844
679847
565120
515259
968690
177347
402678
65447
187720
854336
536706
291631
677907
460977
947761
874948
357005
186873
734595
163577
202910
995547
696931
274528
123242
157342
575505
600448
296452
176281
15264
466932
307008
220448
745307
14243
814629
986635
282819
159767
921985
912223
250740
723836
846807
465820
39462
593527
346868
413731
839886
617121
595104
925697
30180
385567
735599
992028
121088
880415
247287
516984
972190
269425
507035
484327
789696
236607
697286
1163
260018
696235
670452
419145
104553
47748
461290
722508
667653
873892
536710
552179
723062
635048
979313
730776
141114
188045
680368
834046
408324
368356
549530
366038
348345
835889
10276
762222
113747
679398
816792
109367
72296
215479
587172
695345
831045
211930
306191
439797
863028
144797
396550
251679
440926
143587
475605
400918
528073
588988
603889
683065
580417
90656
875378
838183
453717
285512
417501
529387
778873
73898
426079
250754
676617
651023
730263
876811
874669
521298
582410
806219
521367
303479
534266
656409
53097
413413
203152
239468
211636
786113
71862
464703
957916
543849
347073
170654
71063
921994
596236
135249
897556
158175
582368
198114
841400
242630
423183
361995
88835
542912
426272
432321
715409
806341
749220
285911
205949
737666
901799
958801
807584
276401
326082
531398
743671
45458
693134
244080
240483
409995
962035
208916
86281
634073
525214
209608
717145
621170
38609
766118
465644
628217
7252
192908
740423
304669
943945
789900
471741
34511
51101
647735
965232
907102
629018
312833
278199
153968
624922
119569
648604
400223
619542
653160
871612
461805
4701
874347
512529
519398
724704
92174
803277
309905
880490
603551
380572
854610
28140
293292
773452
403487
810422
705235
298505
743709
323586
217508
489153
638102
215019
301108
109478
181465
301371
1409
438418
371695
170785
893245
115908
686965
201153
442233
987464
249819
499430
211567
908981
770296
713427
491500
310096
508295
776631
514904
133327
307394
768190
331043
505655
195097
914180
14158
650086
781263
584996
297811
135021
393394
798319
889843
436757
333237
883129
43546
628867
643243
917837
325040
857654
469474
620544
459838
691628
11482
693667
798331
296804
949537
85074
365619
303231
169228
890217
111443
203904
897299
809366
791251
353202
307914
753098
868992
78057
905144
591370
135077
445344
141526
717346
919829
455682
962277
473528
474840
352324
835564
12414
611120
206383
628429
783937
824390
95355
437571
848863
543990
425431
473659
851285
250548
197830
927819
211830
58329
728611
811091
139256
750606
385669
231087
993577
302868
320957
463318
926463
484269
141052
992402
787980
952362
517138
306716
231568
966098
337361
910483
980329
975724
563728
624153
666917
60906
564043
136714
606776
430322
500776
930842
473289
460361
563540
196170
698598
371678
950988
450695
640728
941873
26488
591839
525394
180318
454577
300064
447683
533706
797091
68495
740683
479657
587726
520642
594954
327081
905959
175131
324307
156158
373659
685921
690559
296651
383987
407164
74654
375466
820050
979149
929417
552472
142748
98472
264595
394368
901809
213871
197726
185122
434135
342860
569609
828576
174326
275594
973959
470373
929276
332881
644491
642098
98081
863292
609631
350598
29125
741721
731668
76202
340853
923772
521428
701910
433612
702272
228307
172227
106806
282139
59044
204302
665936
721821
763112
900038
46379
756933
455969
185170
655280
404160
500004
628482
788765
901439
669357
422064
619949
945907
12237
894930
948886
477864
670718
280992
22700
904635
192855
273436
947811
974266
620506
12547
24241
462166
733547
675854
271570
429831
183324
372965
630757
451005
312547
740385
880180
576894
577325
307964
606673
997344
484043
588888
502235
999589
639947
776040
313056
734638
258338
181759
113180
226014
302660
345715
780192
895692
169878
257774
714958
967268
276219
17681
156481
296795
328459
715396
253257
55052
991906
372702
678484
408372
138004
332078
353128
694535
111038
335204
779980
213420
21624
228319
708551
683676
180518
780692
828928
824594
741870
739287
583236
83760
405508
38474
243366
458926
450080
984927
405633
857791
150161
462667
509401
112962
713835
810313
702240
196129
35548
323399
878804
965130
665053
357425
229381
957960
8644
476825
26485
207997
449782
799296
671704
170558
454201
51140
907322
778827
984551
448997
112896
260777
562046
299061
736134
711902
829461
785116
108392
851145
797481
147333
358492
945179
768086
87593
960828
891062
281569
619446
982434
77664
968946
217307
506733
826980
584351
8883
773536
360325
51875
219019
133353
476768
937901
665746
804734
883485
656085
155740
895459
968465
914025
922002
10313
929524
714534
147962
873808
866170
332994
725535
75885
588240
639846
855773
805415
552948
974393
947915
601211
885233
328664
455941
18272
915766
927522
460948
336677
603410
913455
424637
518454
321999
499680
374563
338685
670312
691921
728153
882980
646503
666539
167816
25337
198559
871319
687865
961515
723203
510925
514304
470577
688226
385738
561926
383882
100352
412640
289265
109023
497490
927143
242802
990340
518741
719249
236842
281565
198091
417243
952570
19165
191379
710816
848422
780010
307620
738312
70373
136029
591910
471069
562951
472101
529069
492222
212675
870603
755986
225452
721308
423184
101680
973314
776816
235314
170040
135041
228061
303949
306738
840393
451792
512735
1808
806052
319915
285156
315952
123581
480274
890400
775151
355502
86867
57979
934820
431735
161520
916870
40128
355146
60937
636827
124096
718210
770218
888355
993420
461172
107951
475506
217648
541278
158416
340492
90292
745853
506829
634251
880025
825018
947383
136920
633011
581252
153176
379479
977758
301433
204288
834655
364574
64125
525421
18982
712471
945134
328470
250172
70437
146670
771028
404974
426649
849887
683630
199883
800273
805229
227391
611523
755571
886788
499718
402858
162246
906915
783882
835612
270444
323144
628520
215931
971072
106699
155194
251924
272648
376135
914598
426784
133207
529203
960320
322214
279234
882062
983645
783166
249788
36345
544693
235824
317585
216222
755892
960826
788540
168590
294301
960496
363813
604649
307099
26366
518394
726646
751014
968841
579944
715795
584782
820724
39670
686790
989544
435263
114046
879985
541458
191497
853706
17828
205475
982262
538439
686157
210100
887339
767464
264586
961798
169206
264282
11167
145422
193483
939039
789955
155172
193002
154122
920533
983684
225116
663062
860140
601086
787867
167394
17419
289408
485457
175821
740980
39166
37881
322538
810451
886139
405858
288800
450843
864759
875026
517409
372527
754741
718535
889157
761846
331176
361753
410882
42833
481593
236667
584586
703785
316088
104608
627777
58721
243292
989946
55770
662123
477240
980381
684621
388598
331197
59906
804023
885125
339302
818024
312461
898651
511748
831893
304574
269906
16422
866491
913445
366412
104036
886005
651240
944320
403976
71088
386032
351798
164698
637415
389
630222
352967
680198
317316
436090
11373
883248
122560
514635
769734
281372
153523
832617
778926
319322
680863
511517
428050
562996
498758
730760
668599
939759
787778
932855
925860
470897
935490
674830
302
98172
817185
758624
952286
723736
485988
371297
497920
752975
84048
81587
931339
682514
584230
377436
60200
630138
975869
214681
770721
863144
85562
434060
99751
550797
771949
702672
848320
535621
484107
96813
963851
79838
94020
459495
894129
256184
345537
69873
604266
223300
613820
152063
601513
372206
446331
344057
768293
352471
589098
959499
248517
280635
291668
939929
598056
31154
649406
724880
100238
857298
183904
462936
198886
668593
855489
971429
131060
534792
35437
208365
182942
673075
288982
230132
403092
390164
257285
105794
476443
437720
643451
700215
682548
9042
151336
678901
372909
907715
791751
332795
445315
128379
605076
90002
731314
486744
98219
696927
393820
97965
327551
893593
971409
803199
836787
182677
687105
944937
539928
208574
232763
693983
180292
902624
443361
986575
707275
621027
680619
198691
881693
262548
199508
58595
392828
923167
453668
441144
953815
804121
625371
612107
790536
163002
195895
29516
110887
527464
294883
784975
722121
803950
424380
675856
787673
529227
727424
91287
251792
426855
105877
940151
639444
895137
600628
472176
5355
835
399216
189812
312474
252823
989671
268871
768670
705363
995203
127487
967174
450159
908653
842987
766443
836055
671504
228752
592845
123388
279237
659470
442572
918597
50464
933346
57984
131044
768150
65605
765365
929923
564106
199409
459782
633884
353587
474627
811860
34216
249706
968572
715620
37423
601621
771489
10131
371454
173164
945923
106166
708535
973861
683545
453138
129666
883584
709385
666996
384546
700721
960197
927343
473058
470309
69970
886768
367469
212722
475876
756543
783549
779360
763110
406292
435180
74638
718934
963988
846438
279107
378124
109159
851776
230610
914906
30646
59937
430249
714703
116358
308702
314806
947926
123756
309668
858357
450492
302444
198286
770267
858639
35762
456215
816088
9377
658668
92137
674125
513388
256130
842772
898890
992463
263155
379034
385282
613559
751885
140199
604942
844697
428553
574622
200922
786779
277953
941710
22768
672722
564878
115139
812575
918374
411202
490809
845191
563602
874175
542956
965764
184904
502002
395339
588085
14705
245744
65290
377192
588242
474027
885974
768868
1930
799568
963172
126674
385592
896001
642467
859016
73913
749354
436624
352243
936591
934402
3303
851937
703581
541088
662199
154857
117455
417335
762831
569783
20758
640496
100244
878392
530513
565346
711476
879646
616967
166833
380149
68048
103825
825216
99047
69554
874261
102356
66424
518860
426092
75206
977958
904473
927717
308196
425231
964335
382947
242918
599524
916869
764449
452616
307068
737702
573910
912456
965637
266481
644724
933182
249301
824010
777290
391635
130654
917857
841417
648991
136768
602781
504931
850467
682041
978404
780367
216224
434231
72009
508585
961362
400782
604179
434359
763404
38469
383270
663431
511281
62859
714129
621556
366668
926919
610291
375175
585933
551501
370442
673209
202593
985004
575514
49686
87276
980772
797558
314494
214374
42357
841966
393606
858383
604370
754133
597883
977936
244085
990893
633734
96176
966668
237745
99755
509231
814417
883647
481132
981123
691255
623393
291338
995052
551040
665015
362987
431734
843371
400066
646039
769227
988299
33423
822876
843378
449139
366718
476242
309672
960462
192621
581305
123865
669963
101126
593726
114043
106933
47203
340253
280456
412960
533209
147616
742038
846271
309480
973189
230612
749331
106173
629245
307811
145342
581729
482705
565454
202102
497666
455775
374632
161685
518428
527107
828225
995468
976772
616145
287940
788984
968017
246462
629808
952013
595687
924830
845297
784879
198753
242631
838426
383903
342170
172757
818434
650002
611545
671623
903224
913950
633559
577351
891684
712461
280045
242375
342459
7252
996510
447815
162526
37213
212223
12147
11216
187201
567487
53928
448082
177810
374103
330071
699293
135699
251599
578562
605819
726923
554857
866212
184643
190126
998767
65838
74159
263612
835028
528427
630492
677030
845833
742788
139549
131818
223199
196448
851835
183744
282900
371107
693069
736300
219388
92504
337840
432564
260685
521705
334820
860652
664711
178123
198851
490349
379454
354038
160287
504740
809350
496082
583862
645190
683385
736366
197652
709665
315431
997545
361222
233806
695067
911347
349750
336195
543302
857518
804776
781445
398347
765422
293840
696378
470246
84383
585229
763804
108346
277510
118598
6474
954933
364512
960544
752953
300386
222950
871513
362567
349770
936306
953220
103600
432520
907259
611617
160985
651112
585980
769880
810058
988667
706356
234258
254841
627450
499846
14453
358081
435732
665728
394042
1650
743703
357816
940204
701953
908983
914770
677886
773472
387901
138527
945225
876073
194638
957088
197410
654707
343958
937960
716821
947143
777810
335071
109440
490669
842040
606563
550541
616607
544899
169544
476237
592543
14814
441152
103150
452260
817708
243414
312153
132400
93618
859476
309354
418429
113378
299909
334733
837205
554821
696277
850801
457345
720836
575700
873388
386905
540882
156121
517483
749819
535545
354179
926676
478806
227584
769051
411258
747814
605046
673045
710012
508538
400735
672438
217339
994288
986616
907151
753397
461955
395687
609639
460867
859963
882820
328311
15467
654595
713662
947150
448739
9303
51627
159317
646307
562396
414768
489645
161637
831241
212809
70900
912380
149251
124022
481319
251790
435271
510467
550497
273712
987201
259634
77058
511388
604217
385414
152043
383697
968557
986735
259429
57672
972153
746381
108385
863694
654962
741538
679322
974979
933267
701145
909591
279085
186191
771373
66444
731321
522629
219704
718816
855440
455058
883161
284554
302674
481216
500416
487444
162354
611995
801817
463170
807214
226404
555282
335884
585577
29535
699403
665990
723942
853383
694425
592097
87523
621154
266295
454410
185680
411951
139722
544176
725355
602171
979792
699491
328057
488659
886884
937816
490978
337171
441328
617609
984106
199389
740783
363897
349768
9254
356765
999125
12581
700650
586878
190326
832946
915263
387976
435587
690022
718855
48495
576884
965459
943744
768523
951793
69284
432246
229991
900440
433909
504087
60456
310174
823311
321767
163224
245708
87614
498506
407950
841131
46737
987391
988156
175547
11822
825196
638037
774876
702031
811283
901017
536912
663453
605476
655294
589144
635559
816301
252348
962490
42175
49709
49525
739684
751473
785414
487040
458603
59873
969360
148049
907372
637248
654090
797830
627795
188587
260971
824848
184570
561952
468438
961852
397993
556573
514413
809309
768124
791831
569213
643416
646818
700500
702487
533900
367169
615141
833214
482332
98359
516612
455804
278938
925628
12358
577999
166993
469859
283836
358081
590895
408703
371564
7957
551117
29858
754023
984861
277917
753921
314375
123497
616111
249459
83015
478361
106080
98136
478975
864724
294431
339287
561338
937873
124765
95167
344693
463890
56081
565775
440247
767409
592293
102225
823496
747027
949504
591393
371023
48761
127153
937739
735627
232565
610420
118226
492206
938425
662629
65165
990481
819019
874238
261357
928472
315348
776718
548889
22052
669464
516281
491066
430062
479617
654054
821650
278663
768212
531209
514631
823209
213829
539084
48318
965368
76709
558812
735587
675739
728057
55055
491012
798386
791655
729389
910173
710323
705930
483746
880495
149092
60068
796094
102089
156663
867315
610214
777832
702845
666396
957787
756026
549000
547908
483876
528319
301154
400126
782299
824392
91939
524894
361874
537570
988467
314348
32416
658636
481053
300277
587019
543907
276491
118203
589715
711711
312164
457932
152409
314678
909887
600432
148971
605854
196098
60283
348653
941296
118875
577411
931941
996264
169499
457580
360162
980617
638442
548639
886218
932253
239339
221401
700351
546650
426413
245855
496109
129504
449226
179088
199795
953759
376608
744147
798060
281238
595689
990958
75673
674358
312314
358264
561005
651749
434069
711335
167348
608798
357610
560515
495584
588981
878833
195644
368945
335608
345437
190806
299776
373682
372413
400066
957289
328393
429748
107465
664275
44615
873747
331489
290014
122357
602128
221538
389735
808675
759910
538898
147898
30149
396488
476316
77781
244472
346499
842464
555861
362274
341231
698468
847744
116726
394705
609319
880686
683607
357456
691478
926036
720276
899090
384600
34670
618706
691955
564100
906441
764039
906658
294770
473898
268258
355671
752303
515678
317257
8628
357578
25055
716474
190072
902155
813664
835474
848154
691844
879158
102060
441864
79039
245794
56482
64763
908182
880703
494895
908406
244322
955525
651381
599388
136459
336055
733273
399276
874559
397103
855820
541210
749502
68484
112549
431883
259025
927317
793002
8748
424346
973685
943022
432559
392007
26611
649172
791715
330785
546692
141361
975598
960385
498319
700880
57322
69153
939413
433487
2202
558096
247675
183718
609736
338623
195190
42120
605308
838905
803794
626850
759066
53936
578399
72704
973849
36850
282168
129487
234972
165947
187569
491389
953454
786979
360860
591164
516767
141048
600440
110822
332789
990758
117176
391995
40657
5907
131755
312005
713696
158792
590924
252700
279610
127305
786920
562374
858458
947717
633128
847478
875642
367208
29242
342837
212427
226702
285280
987486
137294
178323
79765
133251
103890
27270
875735
969774
233226
122364
752022
199682
369482
821184
150967
505215
281694
370728
797957
857700
398535
585155
596789
81262
831763
881966
992724
455743
121048
936198
804623
8090
418509
474551
147103
180299
993924
911731
445327
445667
808264
228159
801835
92001
169487
181735
838535
930797
399836
755154
894953
997629
459572
948656
388628
866266
891450
760463
991089
847485
769897
287117
3036
975059
549102
987048
251017
979808
732576
950257
610258
134656
104861
392480
102110
545224
912130
435200
453039
866570
576646
841035
950535
493815
742452
730384
500792
127903
493827
365520
568775
85845
310291
281705
583036
675118
782854
232938
486281
961704
978489
261125
795668
830374
208350
323042
128675
57241
947447
83536
532643
351163
156273
530262
66773
102965
146651
195304
890582
917985
203329
653749
82889
845033
976553
754141
883555
774094
616105
528640
117010
675589
90531
442354
523147
86524
309855
672714
357871
130298
336323
404058
855449
994660
904945
195961
674822
547163
381565
522619
298722
241987
713546
73858
4843
557727
173952
312046
74244
774040
188396
830960
979160
256157
625651
316796
219881
607203
368180
514012
185140
13197
175226
397858
20547
425640
289114
833846
352143
643469
273455
840909
824783
735337
475248
536442
51425
68442
668459
276318
882324
705775
804704
150524
889744
259986
148541
78311
286691
579202
430321
723292
962216
381176
279214
476652
465238
664683
164352
493330
99106
94063
91589
502563
50642
832441
174088
867
436192
291709
423934
648563
77447
749624
713564
370600
837292
458954
415059
31800
421484
113211
476330
271182
738110
48094
448694
793405
45765
460498
689143
697488
686005
293221
831634
241216
937439
752020
865191
133631
113818
511854
57486
724017
776528
624278
719347
769082
440674
259751
769355
767026
783353
208754
537266
4469
53290
648994
159843
442200
923397
199681
263891
142774
655675
670931
387434
699304
786921
491552
604575
583826
13957
302032
393198
666650
153764
518318
690681
945844
894821
629071
332985
377241
444798
278988
919263
530455
404961
453098
289739
523905
112138
648283
14952
2054
814760
889822
614626
871327
943589
670721
508549
748322
202644
666630
84979
729780
36022
77284
615617
740699
864681
226660
636656
595250
586478
682860
504451
331125
830933
532697
297857
760956
397191
365125
951049
441989
733424
513320
929805
335466
110279
383962
506157
317553
778491
704822
984944
504258
674491
96923
716449
851059
866082
429580
396804
72384
496446
849847
870580
496150
648252
611539
442266
977934
718833
881506
115660
678327
28039
657942
703423
466316
822786
352976
905130
761989
500206
562883
999162
165001
630631
304695
686123
825728
398596
178794
636682
960455
828257
444753
291268
463677
277704
720060
935849
484090
90556
101719
411779
794592
521505
116812
671885
468681
636043
670086
683602
919327
83489
293201
590820
424971
289326
618525
278645
143942
892356
553442
730261
702027
794381
994269
685768
569261
190383
660920
620867
517892
433563
953607
906307
196803
473971
820142
274186
196261
403925
194401
177080
267654
458185
198276
934274
905742
806467
239089
635537
834056
112533
880023
496313
640017
905908
717119
965716
184363
136356
117866
99899
979057
429187
710871
323168
635365
18224
348705
360587
536677
303318
251396
745903
201213
80344
368832
200168
633749
912667
121238
90196
563019
541290
373039
927883
221148
196618
717852
200572
793787
233755
640312
483237
706244
836712
630826
48750
510154
567371
947783
374883
515980
919104
789076
197709
410375
655492
354089
844268
567589
536937
246256
420882
879955
635641
474061
906526
698608
607813
416920
278164
15521
438089
852997
880086
107649
247357
296613
260673
742774
230970
783429
974119
773279
589767
902964
379684
911401
949504
477091
125471
283713
351906
338661
228767
832419
95477
591445
388423
781393
308438
278998
867568
657632
551840
894197
153377
853613
918135
627692
568877
801196
981425
895424
23786
49184
362976
464841
623945
82279
10688
249490
209303
562349
40890
318422
19343
220417
105619
571179
418649
815556
594228
424763
909795
103101
803606
693484
967451
307658
361994
725601
910854
487794
730722
425242
63168
880853
80959
276919
526224
930116
610296
529498
369767
648173
519204
263145
925238
353903
842757
182835
355689
493900
271185
377386
829059
797116
614686
928974
484887
568606
246761
388011
795680
650826
993922
893561
211582
310849
272088
722209
283341
717446
348957
132127
260324
25670
524501
589314
328615
317234
152641
624081
375050
966766
232546
241544
304546
160417
582380
307776
807145
414637
886857
876268
834894
371897
208262
883583
413943
802601
943326
227755
43860
918191
661409
797061
479457
836539
383361
194436
928760
769806
524857
752873
993808
63020
291163
697016
828182
957936
356404
591332
776934
564089
560157
383944
203942
527810
573601
192146
741695
267792
342406
125946
850233
630660
938106
125168
976435
648272
408540
818260
807355
319046
74339
723743
547216
428492
885231
65055
208433
93484
477290
911263
844513
518088
64794
758885
357754
599467
352263
902996
33067
653178
169923
106674
45072
640329
996059
290884
849772
126410
825305
528406
422598
880544
402226
319063
817053
225553
6739
483680
958216
990554
493443
248341
812079
334365
806772
57060
127840
731254
984556
476907
457871
770155
15883
387702
138093
5057
281016
174181
18595
861739
877484
647084
535595
512414
45210
298869
193803
266496
937850
606688
628848
268350
491121
816426
805603
139517
938207
55595
73514
292200
983812
182201
134205
134696
926031
410475
817059
871858
804421
980984
221290
133881
462603
31165
745471
949381
91664
831197
343407
159004
308121
797122
897275
69340
582954
125890
830417
350442
862862
375582
345453
171269
712516
640228
408076
435572
258054
966708
935752
652574
360758
86943
468821
895224
848616
244267
695126
480280
615174
71795
55005
532585
345188
942571
762878
747447
678561
304834
364942
150570
825014
465952
90813
770640
323486
645839
930189
790931
471330
203254
933358
78281
996032
435071
210872
691242
148663
951386
565572
943517
209458
693531
880680
178987
544399
248575
915788
462485
664650
714252
825581
479040
349258
131734
566894
504206
262024
586461
781206
338825
886424
541396
492523
96249
756630
673085
538408
219413
197550
401775
273629
262166
144455
81529
185124
110054
466509
137505
182075
429560
932633
886405
618819
340081
763648
537827
665556
157571
834997
652532
296059
714203
214619
572531
916241
998449
558507
779195
131769
857212
120831
970830
794677
482568
467193
608818
405541
856607
19730
125557
754910
460260
962883
11858
678947
788864
671881
142700
727939
655155
824537
195575
231054
539724
704352
286518
292469
105204
82037
107486
598013
377764
501854
921050
835936
352567
978556
381480
139712
553945
804436
288864
920840
511647
478522
494997
945826
41329
796252
754772
737230
754210
201384
877642
819366
992352
992283
309122
573803
65927
107304
111051
200970
85520
725057
607543
536689
403238
187524
776896
575113
72153
942213
805830
506639
337707
303028
509172
844626
842248
514923
838848
736331
694995
333783
353936
751060
612700
505856
537530
117831
133230
391414
295396
13236
172292
655578
968011
551742
86619
206726
738911
582674
711010
549338
441418
952069
854286
336420
973137
803722
440906
90091
559699
303437
516236
975896
812207
688686
641091
766722
588739
404189
250348
18964
202447
199246
395204
273117
908215
259929
449624
592756
545959
864178
292536
661894
173073
652288
220938
620798
206994
192795
275962
172239
657458
539943
170127
941089
176138
92936
465561
984021
391296
114176
981126
810871
559406
14636
687573
158463
619105
643288
314914
611460
688957
666170
883551
190846
823998
115474
185315
655286
460377
815452
980508
478924
282177
247086
655457
783653
452933
67508
825506
744751
942742
288966
253313
755410
621735
354915
862777
639924
593197
454797
514300
997033
836614
867648
850459
459574
256310
717136
111775
571392
505676
854750
252917
749654
954531
98550
270405
198104
293956
448649
480099
444930
661353
628354
526174
268697
582876
340550
316471
570416
88958
122189
112748
587031
910500
444952
576753
255009
571548
236942
207104
884817
717965
275127
858567
875296
354876
969108
243200
747054
412139
175512
599647
785155
132508
541063
124260
739008
727155
713002
468944
699046
490681
645996
717620
934850
567677
663253
545444
944884
387413
181536
44939
329691
285378
873466
817497
270880
689393
742874
253527
372059
885406
159927
203482
490597
155027
15467
158998
318779
2255
685410
9610
607947
952833
560702
229465
412575
54707
63499
502457
592227
703620
282330
640132
367380
226318
557628
271980
37383
499046
859356
750028
847507
29441
953338
837145
226205
894707
790912
583735
451390
47443
440706
914344
276307
456251
726615
776159
95072
273004
823118
632115
586913
164110
648463
952623
359471
635220
372240
605446
170700
947518
306416
936547
403019
123768
527604
714335
540127
305120
735003
738508
129278
59621
247903
944814
726001
632459
119435
957769
879739
346378
297716
68310
954339
555542
382165
973967
251808
735162
817355
110505
755809
166430
285609
809186
739830
641767
336633
130864
616798
73853
972432
28249
984941
17000
774861
691744
843482
65235
163118
856541
158563
301811
67342
195750
468573
702145
659967
498089
86236
191715
848960
490076
77306
432361
840795
960203
379208
948466
910110
957840
640015
385071
899635
286945
596929
904127
372062
198275
603393
393018
413267
873949
340300
736074
32946
123367
24386
531443
112800
769025
343509
135538
656003
423968
813261
15619
289945
949091
790389
887805
728054
145220
769445
658457
852888
79018
981549
614672
618280
643610
181019
241378
751120
267470
990378
242738
533747
398750
428231
987278
155597
165723
859201
544333
602921
968571
563660
311762
456697
891438
817841
386733
209237
17167
341590
268000
113171
686646
12133
535422
837247
574058
368348
54447
444407
514420
108337
177873
96550
607310
735520
793593
230235
763834
276434
784471
595845
923888
978539
161207
770509
680367
51569
883364
980432
643189
716884
589991
695288
714186
376862
258989
843510
259766
329912
240070
431389
473618
251926
767882
173278
532604
654016
901974
899868
418212
333246
962932
418091
615427
253408
902553
231978
327660
333223
968199
710458
674042
769491
416403
277530
149609
13194
330561
757409
468033
825762
762955
661079
792365
184267
523329
961391
717738
493532
306314
340261
820507
588664
569736
522032
192505
191645
228441
50533
2855
237961
136826
610600
580451
23241
24519
660879
722905
597215
319582
467476
9490
28943
986145
787447
562185
851334
929497
245230
104286
83624
155704
264266
495716
787188
381623
502824
726933
732310
193374
892560
224741
757514
304738
826861
774835
593768
383016
172521
107036
444176
311016
96549
86378
522674
895085
566994
899754
947898
122808
836591
686747
819351
652676
759647
773826
119847
41765
315942
860827
299649
991370
671104
685418
860894
15393
655198
5039
31524
497945
664317
997623
562065
754243
795173
962767
375680
798930
283260
64020
264731
164097
3524
80998
675038
216979
429240
282171
665795
482486
627518
901967
945040
918273
913288
226745
936185
312284
779405
212825
552754
25983
520992
2478
534614
764243
407914
469572
201005
185524
169033
596618
140637
879512
80131
690050
313392
434697
26216
733009
926718
671182
104708
690294
49015
169320
767422
514775
881039
918712
430097
278839
851206
413118
583396
795397
622739
747708
434247
733390
38252
602681
273740
63889
728437
330977
901056
267443
129923
436425
908037
944393
123531
453969
257101
624531
397483
272290
6069
284809
656021
950743
435516
519756
585236
882361
310430
857791
597308
416034
993169
903663
55794
274882
746779
756781
300373
207104
64142
496189
7176
348216
469153
90855
389662
787939
669101
910890
465184
257812
185153
866192
166525
519647
258850
235421
929295
881492
757922
739297
855750
737705
500635
907437
174515
746294
631433
377890
883827
39897
534145
259685
389814
753337
425106
23854
406507
718312
332407
971904
262666
145122
897141
695987
796861
802098
345623
491821
513388
961588
148996
906223
368100
761205
899770
816907
962467
128374
74729
398964
1858
243792
911086
503022
585855
743153
428202
50980
320998
97028
369471
560984
168476
99567
500391
177780
952776
647030
522992
274176
747038
17469
6680
305197
194313
762858
505792
277262
869301
988265
47888
856486
162294
915081
137768
564252
35928
527875
247166
235851
621700
46235
824345
971702
259467
258400
73385
13017
805202
486733
807232
621146
563930
991634
296241
351134
478187
396012
436420
449209
993245
841777
933651
105149
517059
68136
970052
128755
63412
21972
663907
509608
395127
744978
393562
599966
528202
457240
877840
328420
944335
300957
550556
96448
616468
5527
449893
146760
496190
648800
304152
11792
860817
705394
238660
303741
204638
599313
722773
424632
690697
989448
352491
917566
860725
444427
675350
51861
631183
43067
883184
308633
718580
16073
610583
496309
792896
888882
695558
191853
117492
705128
330512
843415
902595
834641
558264
179050
862777
204008
876527
204718
616200
392706
220523
226515
965937
740907
358880
989918
654988
908015
930717
239422
32883
793716
924550
123261
249745
169092
137194
774994
417026
712361
689472
599635
105255
456049
666371
554887
955146
374225
861991
2329
544936
941542
954742
85417
678175
593814
62668
655869
766069
453077
475499
827157
897346
918020
975356
393884
250492
327860
942947
855034
117981
935880
436349
903750
450867
816311
955833
289945
621060
578225
835920
559166
647131
107353
708898
481349
755123
699441
367727
99127
362111
27348
837102
92387
271700
925148
695053
104087
101300
779491
677318
141419
736376
722215
633179
728503
375833
512455
454830
170084
855515
389866
85631
76000
17558
304767
930434
977771
473570
962526
179740
499983
786910
297165
642554
23340
274525
913183
358286
453489
729454
403896
446823
696935
489671
561643
830636
612583
468045
302724
95669
20140
794051
767329
327047
635523
811980
891323
329449
19103
476830
970883
802343
911113
383301
156199
810851
738100
688337
545267
847762
563822
875230
350292
189658
608499
489214
763129
557126
617308
52869
198482
755812
704757
229808
928698
827452
447979
122674
596209
51885
566692
809629
953282
724965
348521
593258
147204
566140
955774
313061
782139
811566
625619
671735
944670
73203
376595
696721
196019
582653
248921
599091
873303
936846
701570
366230
697050
709235
334365
759996
440006
380512
415551
653330
256768
154473
333492
559550
293896
90587
9040
99019
824283
323317
284195
60207
286200
610374
241930
550133
905727
477284
539298
948299
98356
568518
177880
671146
540515
209151
385244
256669
828766
254616
228020
470641
856290
326792
529261
127416
411800
304018
67564
546553
201719
950523
974050
658679
496454
210855
681694
451612
116287
689679
510524
560451
331471
843169
123323
450143
114555
118581
438892
98250
622748
186663
313607
46894
383755
78677
567064
864138
541783
152438
484566
630434
106099
227669
525268
80582
755693
869418
6545
957628
492441
854803
928682
837580
267084
266420
600495
201193
950148
630248
284114
888887
699621
612130
27643
489853
640350
970533
999609
609449
633642
408860
837908
761978
935859
53846
332798
92238
795729
125602
545448
249416
501167
588995
376112
561821
252430
450833
757239
525052
95139
365932
649681
161496
688540
669021
530582
864467
144641
963722
123797
814920
901429
859094
545256
308661
501915
560531
666915
252995
245269
971173
382182
789172
967335
30580
161938
509672
566522
642189
185816
882316
999613
843350
336685
90528
133286
247020
649754
47778
712982
34459
669231
643100
141403
123769
788247
765895
446415
871199
546567
394267
562653
218245
679697
387444
179747
318777
969301
984354
950899
308860
592790
840845
772660
607673
751978
881859
277222
597155
36364
186080
977603
276777
584908
241177
878336
28825
847205
355493
903795
265679
786607
97544
141198
978711
752363
292733
289417
432615
373564
655231
133982
758130
652277
751604
264942
285866
2765
999863
310017
662037
908591
208704
2411
491147
77230
708978
187017
161289
424726
407105
793131
367157
738718
978622
681804
120687
915385
790401
578364
353680
711691
864370
672607
455874
202617
463924
6286
887420
974041
751470
301595
482968
769801
558518
385521
811218
229851
921372
956570
810015
183598
486481
352795
119464
977304
36211
509242
287202
794687
889206
216864
654283
593671
76656
74584
183874
142757
723904
289207
413443
869074
543900
499734
360319
483932
44471
394107
750804
522006
914187
921174
771566
986160
470216
920871
819705
260833
159577
319229
310146
413952
771855
825816
893097
928627
895148
401968
802373
286526
390222
918159
195796
798141
433975
314905
476317
940461
263669
971500
805348
150692
157234
558754
926601
668129
916378
827059
39294
634366
445860
934584
349987
611330
627520
913098
919872
658387
801755
89929
686750
785800
718610
908472
257154
863005
645425
766854
918279
625600
694566
554600
506327
545672
325446
625249
746822
579269
87291
981283
855051
415090
414794
295951
365339
880455
84861
311257
536676
293163
266929
795399
514723
962503
365630
334680
688546
158838
534398
69377
66130
103192
457788
50963
481088
557510
604283
811576
925239
305695
497120
319068
263027
646081
163901
43368
726525
377620
477946
874729
453736
736448
682786
428623
596838
873022
239111
226642
47815
402700
268243
578735
896720
630778
649965
691600
965620
256674
944196
461322
165938
799285
242427
747392
738890
400367
486513
914149
806173
516780
908908
662046
798048
75541
247009
665413
106556
183347
224482
549642
455430
446756
370724
560116
201494
70890
312492
978053
871814
118241
169494
116796
31753
15753
981442
430964
948325
873345
766747
149866
66638
698005
947269
377564
687649
948718
88419
773132
788217
227560
921282
781348
31346
385345
849701
735987
622840
355756
587757
603285
824010
588741
781541
125809
238865
959840
474280
677084
669399
939962
968111
170588
738918
492945
707771
461703
38526
427088
310619
270217
597297
573282
419099
990979
578271
514087
34633
521681
734602
894404
928549
499556
619221
136725
518244
723982
754590
461182
771873
644573
963060
532959
300961
905374
900279
545509
630273
179075
855435
571197
826366
481183
367608
508836
789345
646157
220450
530010
87749
755441
326815
951413
978566
147542
303802
816274
607880
145079
276676
553510
253281
651289
359377
969522
114404
775573
274198
60373
474635
2292
722653
371515
110016
925170
829026
749940
230920
274789
92622
903839
453965
566647
316365
484421
120582
757711
575694
52610
746501
108751
483094
199005
573340
207606
840962
517241
336237
850724
330903
326821
664845
608126
942151
494478
191637
632680
782979
937300
997125
436399
115319
591417
566228
91337
763751
18678
81240
582131
868516
620520
253326
369018
696042
805287
778823
262934
5657
457528
170032
173616
44814
346776
299068
358661
610078
281592
667312
165026
399535
902793
943754
581199
820338
499053
195279
973064
130240
300492
203504
65830
277584
361224
629592
738269
734675
832840
367637
661854
830188
970097
405664
225245
632463
79923
959882
140077
569589
135871
402053
627399
868473
308311
858445
636841
164435
59069
349169
711067
59374
700301
357506
743053
520615
412199
615510
41180
861924
678724
614649
264243
194831
900458
954290
206094
332846
760314
837613
202778
236577
194023
183498
31800
204663
307905
313089
999265
40364
206447
170031
146595
431555
263803
453634
973066
903868
404360
585278
191322
691123
970846
226089
856760
525397
381158
898649
744744
168255
346417
908568
679280
203637
706098
133617
941020
178491
425996
911962
832987
645331
47430
896957
25479
8404
29084
143077
708290
773924
8687
669122
968763
801170
334748
325976
113872
130834
336041
414986
971854
296598
944539
171647
717907
364101
962534
554862
495189
113178
680892
579276
644667
128540
249351
826127
535337
121269
122609
604253
879961
425842
999264
631638
181988
991382
21888
673019
415649
239899
387320
661241
701348
246086
12862
358102
326952
232550
765126
83383
882887
225385
989781
660683
296933
514394
704181
337048
337261
243834
826881
902240
652595
111418
763872
346351
399993
819731
428686
856708
747789
700739
612950
504154
264399
421285
473436
568849
252881
269035
412694
727614
514967
349050
917147
547852
230077
970209
495060
530509
382840
478071
721295
663009
361397
340305
69362
608321
3293
624157
993420
658473
909370
830495
125063
663584
32371
295301
23034
97509
52659
465192
328795
213944
224680
137122
639249
280513
509544
414982
456680
671009
447661
826176
729246
640788
285761
862986
52570
157440
419573
859976
663740
842972
286475
509570
178575
891968
76211
455099
31835
533829
330930
868658
171416
668696
170527
260981
219325
475360
408328
792796
685813
502537
482865
506665
591283
600237
523964
44730
884253
908959
194596
560616
480419
147155
515299
360512
871923
891117
580212
914716
961093
601892
73203
918429
133777
221651
700000
571398
647905
781468
455426
818104
96640
270713
813992
89158
375314
771617
449227
306932
593149
878355
116943
957841
895237
764865
129384
720622
606902
231452
359513
634426
917690
795064
627544
234875
563594
913180
530510
610027
128449
826089
182714
869293
442572
36517
576117
477098
896510
424546
554384
861325
46720
378831
759769
676247
688742
447451
63613
150111
9820
204801
484807
889578
923903
196661
331335
122595
486024
392105
825806
696887
258915
908988
886933
354127
317470
827200
996285
938091
690621
498406
845232
773208
190122
945864
141799
407373
40393
550867
305862
799400
62698
516111
756066
329024
447960
646413
270178
593318
281550
662444
7811
466493
844169
932423
475637
641715
688761
46078
363171
400411
831569
96608
818704
637673
958205
919922
641821
805257
780339
411359
823655
697500
408355
490491
152653
915920
460488
92661
198223
650714
849312
875609
627473
816467
87992
465216
910015
597164
991713
137749
491211
600911
302463
292228
858898
101204
314943
337984
712285
828893
277224
955057
958596
579407
636619
570105
132460
525421
686357
708578
492528
997138
925379
269606
421981
821131
997684
526105
182616
617359
493978
610295
741147
375196
309002
862918
217948
512623
514932
999592
166542
371551
540332
152511
357440
987414
809830
810044
391076
392045
702529
808583
14123
100387
337402
251781
300171
606650
168257
566600
440994
687663
999272
280217
502324
53908
113592
467994
480145
419403
74078
259931
912338
657121
794243
870652
854593
362372
551225
278522
535384
762979
558353
979735
708770
584288
963273
465066
677822
740212
746530
107712
613571
685024
690512
325294
427645
903180
648331
493173
512788
291454
896963
611920
709901
119544
13104
438876
629610
637806
823559
808868
700845
917410
431176
464265
728891
979294
109812
612234
675739
998990
160349
674294
632349
891319
279381
658283
450391
481880
877640
82761
998411
377691
597030
315449
859940
983864
763896
547155
94111
627751
754260
237617
501447
359103
935212
338830
426008
993136
79104
132825
602309
136793
805684
736092
255958
916615
942524
10436
70057
846796
907059
774092
904664
437239
457099
11850
432571
166837
460255
87190
471940
466499
85413
543443
54153
309583
47487
395867
151775
879851
638512
350667
11425
128620
204524
77224
973200
414437
367944
401260
518164
609211
161808
672241
51937
636133
680823
836473
877109
206211
703273
96664
10621
391127
350141
275966
721560
21732
974470
887077
60339
910625
292808
794195
266899
798426
284168
656012
441521
43428
718845
318104
94975
519291
409634
972268
585929
220538
768109
385656
754551
796981
189465
744652
500527
961462
543008
663400
510807
328595
897413
289118
719288
73833
296461
503718
329406
22903
192717
278782
38683
770073
191327
700220
451596
320094
533294
858226
613364
388169
985265
345340
334564
258209
869237
420136
941692
753653
451410
781123
641642
430832
396735
160380
623825
229716
598850
576887
631686
802134
490688
862129
433012
966870
5874
730763
493919
31290
852984
716981
644549
936230
253448
875960
249761
835738
254271
410719
387529
974823
742616
529923
254391
984783
467706
470898
133988
10616
915179
733820
463696
291789
558691
574553
332255
851570
378235
916922
264669
182369
329220
375978
329890
107558
419252
724385
563537
870067
295548
553638
1594
420513
901109
60701
868831
527300
600696
278068
766036
757609
344780
538662
642239
349358
963002
435755
734655
591038
571261
428925
963626
926505
446486
590406
872430
311388
41723
994027
895192
734721
57455
26031
422067
484022
52397
139653
401225
37666
452734
267959
357829
653626
82410
509996
76088
525583
259211
278937
227834
942416
344381
210823
396905
940388
682993
972540
767053
329756
45153
772809
991324
123417
864414
787376
626713
508538
284293
894511
481302
868991
681744
348077
686491
311231
611528
280128
131935
439106
15384
850649
469747
977148
451325
964621
531710
400935
406490
268608
830179
496635
306536
870256
740031
656781
825355
801435
138254
93058
109375
952206
778349
947502
692209
171148
443706
204045
506922
799831
961239
243484
691558
593758
652046
695125
731715
357122
610958
715270
356181
110534
908948
558925
755990
281619
278565
968690
732603
753766
959159
839201
490337
604759
725360
694146
805158
357511
16134
487415
333781
141028
562501
412017
640633
633371
47407
466991
923858
969308
824317
713109
321766
951683
429956
699493
830062
957352
929331
334172
436721
417924
585208
502763
686383
621310
88771
246800
561587
354193
303331
662737
25292
959388
837132
98581
580053
962247
702777
268447
849391
631948
891950
723239
637520
641001
176535
372887
921653
234209
745676
456799
563059
386409
781174
37109
433579
382710
99787
953837
64668
352353
857141
81968
422099
489459
798992
881692
184893
829139
602130
644600
253725
503753
433606
46994
324440
148462
323825
884855
150126
506290
16853
830351
638851
195594
115155
237522
44379
498740
849515
651947
553509
579752
829664
844839
224878
232413
424695
19162
602678
293940
589597
80783
887520
437637
603240
799465
465666
830789
251446
653722
291549
106769
702898
612799
692838
135513
91509
499415
357443
649771
245704
698975
433937
651611
471624
634379
174178
110925
559458
569634
