100
10000
24196
469407
49534
619766
923836
56821
58041
729471
779026
430242
646666
764628
381958
978607
861382
721733
134624
35404
558782
890071
541221
656337
815046
241949
959077
976367
373905
232559
192434
865719
463736
671882
921323
27783
59545
270980
485494
831629
160284
825514
939212
162745
803409
754680
448045
974211
618549
827635
688309
217750
265300
268839
362311
93272
321800
338233
465061
154390
677727
72360
106082
402897
415387
462052
530158
779551
751378
280587
122577
153536
29942
900476
162483
924606
244463
141914
41687
911359
99620
117663
56808
362667
689753
139098
144044
680820
657138
311878
256533
751750
609750
600777
427958
899277
501679
828550
713747
98845
46669
128159
785681
991683
411882
511370
312076
653990
55880
636110
901895
905240
772663
22683
189502
155263
954035
228548
837016
736666
119657
799578
47289
812210
567578
998374
654387
374880
499545
837570
971996
871925
731374
351508
265658
546633
713949
890536
11419
810979
93633
707881
224386
907714
849745
67644
280571
261574
109188
154106
779856
372222
679185
228040
468948
162511
301264
742484
786076
958013
233084
701933
863886
292313
323289
777983
743569
970247
539506
564714
212644
463339
738940
741503
287499
875504
134359
299671
756195
152884
921842
815119
375703
815251
180813
948259
232875
841423
808730
592358
167477
166553
280957
747611
674988
244415
245555
354996
676313
148209
292750
149092
642090
621681
238430
127779
103973
341847
926124
806782
672314
676862
33760
936600
687857
345935
786946
154049
327426
485607
876253
352560
648067
849128
513855
890848
268348
919321
924062
452421
374230
901499
278485
731114
348274
951401
945803
358889
814615
453546
240949
814342
970435
993431
203633
373480
402082
39139
686611
104628
352093
257484
620285
156423
480329
240605
498215
334992
795136
149917
125439
895049
365325
930392
940074
429264
159553
930247
631976
579622
336738
607710
735637
421186
176707
839219
372939
950419
544559
956614
297509
582417
403327
246257
935967
913279
186827
63021
860825
555903
752189
396414
571770
368785
418753
13884
493745
672426
48024
931712
827543
755053
74636
874023
882545
233608
475390
607686
748625
128046
795419
727146
317083
687596
31853
894602
234405
759402
98574
708108
225336
958017
670391
934832
606580
458803
518454
598813
315535
425291
50302
459718
651965
614738
401176
16697
848684
867947
225592
692420
807975
204748
427114
92996
782682
802457
464235
447563
668405
868959
698964
145133
371305
171817
149937
761319
843215
741315
267120
62637
626472
330569
643573
570767
191423
311466
783179
14535
141227
801983
852404
227873
803952
344898
322017
811591
915333
408876
568893
779944
196017
556079
449699
263173
997839
250893
755377
634008
511664
409171
920180
784161
479455
215478
998658
447374
265279
889224
161575
402694
506513
415063
148599
93266
127314
142627
745667
974440
619777
690041
380710
23894
518079
286000
676991
971399
899086
797823
995897
412469
787772
467450
333765
600492
77081
547751
819177
446391
937443
883969
909938
276073
431939
89608
983429
248521
234608
979331
519380
263067
571890
272724
206572
796999
500737
591798
972458
217449
104076
120469
361614
985652
239125
979209
830119
908419
227641
674161
574062
11198
801869
315368
47791
630757
64868
370535
872930
915132
949294
982135
530264
138515
544123
950032
805841
328689
341149
769363
301482
829213
683114
735329
281587
432008
384160
815830
820383
701082
393700
106662
734421
26071
947555
196882
97699
236270
734425
284166
88146
539998
746992
677970
287764
320709
481856
962947
249882
317959
734517
510686
495426
242007
616654
483064
268654
866213
720770
71989
566832
183652
166269
591067
920097
870903
312136
51282
778897
525751
243142
198714
461336
87843
962906
346729
555979
913957
523430
196927
209354
911421
882415
831720
418615
467404
330716
958382
469633
550783
449885
403448
800606
938774
396969
641572
599639
114320
714975
944508
83069
304373
375950
197079
344569
632960
467024
586383
130625
626086
385553
68122
600423
674311
920685
487623
617291
561904
262072
486679
755185
47115
668567
29494
577005
187364
304843
923220
150907
841752
180750
394149
350187
155548
695382
671089
651833
893991
326902
864600
822587
764541
921316
291942
913459
616410
155925
100815
159684
369975
155396
29511
443970
213179
290770
141824
757346
886593
626696
485761
540496
72834
7928
927072
308256
116319
37761
846300
217052
806414
356464
609369
455292
777054
651139
759480
129587
531048
852362
260050
343590
570708
259367
538706
402936
306053
306804
108908
408256
119458
389251
107070
782044
362818
644096
511681
498655
468787
164787
109996
621157
266984
619682
24485
35976
503868
727956
845348
287019
167015
696495
430439
176819
646012
450947
821068
330966
316636
384928
439630
343883
321531
659425
226334
980641
460620
273484
992157
632684
447884
279633
106228
302362
915880
500144
25809
38883
138060
875320
307006
955359
550026
328490
801759
692465
185123
513340
269960
902305
990964
327993
58745
971080
668479
818309
52215
352356
216277
727679
560840
399115
352606
698431
281226
266301
894597
45631
516848
313298
799298
47189
713626
555922
104389
133086
882320
586083
12540
571063
656540
642397
18305
774117
407041
277498
431587
395028
358875
182697
512335
526781
748948
719297
867932
288160
163136
432210
321392
394929
523478
619864
717585
322255
884684
557321
538700
580911
63822
622286
717692
580567
787866
147150
422199
850503
336955
220773
428635
104178
326175
178419
346544
439977
742871
453265
12218
576281
994028
226143
193438
610475
929624
824441
193966
389129
759976
353544
499027
731201
513516
363252
909910
912578
257367
903799
216395
489538
316538
260621
410074
599746
649496
921800
552939
496681
415013
455295
393389
659469
325152
712102
973828
462417
457610
73082
687565
233384
442881
278931
437071
833976
422910
797467
522303
153497
931368
200477
616559
214396
396178
710263
122325
596137
177368
201898
772340
33440
614801
662224
221417
333153
153777
937517
154324
618503
733118
337117
934305
480848
642349
109421
213106
708088
649177
610502
775531
318658
175135
990213
98649
685016
32728
165350
790016
352842
884148
833822
250559
773170
206959
596615
400674
922040
768563
947446
986628
465266
143882
808552
969951
975459
739070
249755
593778
538852
680400
905082
92365
382753
265937
261872
980348
615482
709087
497502
209934
264585
657920
420391
664001
907459
369940
222824
25739
364151
103802
882309
640327
557044
750274
116511
86715
398920
250378
956002
804802
33314
993527
661306
352027
222105
996562
45413
881868
386374
280380
729123
296628
978635
136015
183563
707564
694839
961747
414136
473433
28546
122330
358816
111122
376179
989625
590212
112424
706657
919331
145923
560278
60501
285219
64394
964486
939535
47606
793254
258878
675680
762754
989178
337829
35828
355767
91084
611830
94834
440257
125625
283840
237500
452583
869001
457623
302801
948803
663133
237723
572882
816990
859141
81506
2146
513639
88942
317253
372134
452112
43129
651268
268331
267014
415654
505303
136871
740299
601967
37010
303512
752817
694449
186611
104137
407156
331653
951947
85107
946869
323694
551367
684672
389007
756074
657819
235563
976664
917995
42122
177859
476150
744480
69460
818893
374875
73580
239035
899657
161182
805304
314420
488333
584119
976676
498023
492750
222807
537944
362659
329918
104226
387001
803426
77839
64458
750328
262323
228885
906697
134980
203466
686793
944571
964447
776416
727465
692757
434190
854152
561981
688966
79786
162832
908149
285928
997076
565200
778223
878179
356998
216914
395604
352671
67844
229405
191010
5219
614448
997088
801156
879887
815869
757432
4189
982706
937276
10974
615907
364553
189778
955760
985960
387861
564811
137882
36277
132375
886407
646497
309903
871339
450130
874828
174491
850174
87314
504175
510557
606894
915353
756757
543836
192893
845147
383625
721570
883120
166265
41473
400927
696522
793211
109224
411629
961824
381213
621767
781295
257113
946112
224591
641874
771268
424897
772357
22901
771158
498919
600202
613605
336510
759606
237958
243649
890535
582944
685809
683389
192074
65371
422333
385730
708461
267726
900131
479537
764923
16421
62345
678216
334273
516868
853837
467678
663747
301591
639921
351752
115961
917512
448547
507550
772713
384714
585383
695767
924514
821394
216035
361745
953746
169702
352007
432174
25925
159630
151575
649688
212154
910182
687126
79268
973987
327381
538448
772372
822138
419544
987653
946551
928507
245688
85933
80235
531778
592986
383660
871171
413953
92149
416852
482883
854045
820254
848337
765960
404390
957503
433013
824069
201713
786470
532065
347751
959828
228793
866956
754458
952446
237640
402867
562405
886000
574075
251741
297585
814364
547754
384010
990695
553368
681355
739768
934711
227839
901190
992593
313268
274341
523493
86196
300124
741492
735015
396190
149622
69992
507444
455477
514196
336227
123690
630513
19512
362221
128149
274855
413779
838092
444862
896820
985960
73404
159322
394370
736784
711052
600419
958202
121366
885589
409348
633862
993218
136087
489966
111041
166387
289457
419720
500094
799205
358461
874499
563954
318931
928262
487051
508543
576054
988966
833945
115229
317931
865345
421413
626535
676850
658072
222713
722624
859730
890762
897121
869024
506395
476142
294655
866751
323972
671301
854331
605340
229042
384223
839255
986026
611674
712397
718112
571544
860285
244159
625664
588283
247762
223801
374449
627291
329986
138614
960716
334999
372429
142489
761088
523253
403722
557388
774174
591306
122763
490872
314768
885314
577054
307743
773610
89613
573616
811865
332440
71783
217549
444457
68855
330753
916227
671419
650689
68881
587684
412476
332960
193971
343721
962454
787043
706746
461747
200135
197838
615384
901869
49117
898379
177381
851342
646480
264383
944719
477115
949307
254328
201695
335113
190905
831874
24036
457184
369048
803801
206078
856955
722109
481656
586953
47627
395220
561872
770787
411963
998449
200404
357660
106447
383240
661041
626617
563814
340293
335899
163301
923166
795593
415491
299829
957462
140162
315493
592086
239758
336870
761341
55638
736683
210252
137497
821323
628952
646503
504138
811171
341254
789919
573044
648522
685459
495694
462085
833778
314697
415764
757762
928834
688509
471895
526653
669597
507288
538522
841059
286669
824434
450297
79346
239116
945754
155390
542343
329647
468274
957155
99541
561328
550647
882149
382258
786838
296287
555906
227531
890371
16091
2767
952504
354457
494908
718136
441258
593226
330034
991124
135617
441980
982447
377635
969786
420181
761129
815912
908102
7080
660159
661597
959158
573563
457587
705496
191249
522548
770581
653048
111816
428192
914625
118091
22913
140448
729855
691648
598415
922993
140296
18883
208643
993302
429096
423355
260956
209060
675007
559388
415257
719018
542625
616553
49839
561083
152733
804298
641943
419481
386971
390725
208638
203135
318558
899420
91808
76619
540394
563011
188783
867654
91775
916029
74797
697745
104003
665938
65305
923119
463805
633263
296645
139049
274429
395994
231046
191650
353114
901520
74054
143991
790548
712572
29492
46290
509528
573654
81626
294988
590945
742102
817934
519676
16379
362644
253826
798881
197986
452286
249399
618343
90698
704309
297358
560922
594424
856388
29247
42020
493453
556605
21154
3012
333667
406258
564011
832974
554960
293837
839155
981848
448968
123341
474417
381448
934047
305117
181895
615480
210539
801171
291193
75075
536327
39490
834360
655279
497909
304636
104285
454967
311963
642023
841905
571443
998126
936506
206121
498918
592556
808533
732783
676580
249091
837243
348123
214046
568207
75245
432768
770380
204865
163235
906723
54645
914011
488297
597639
102302
578711
846997
567780
557069
574311
184097
97461
470840
804056
989225
614832
878159
80848
450754
143953
193379
599542
308596
84176
434033
648304
875350
785009
376143
740679
540997
933306
895794
964072
106496
203902
783578
33540
595427
895384
662746
161238
669694
580404
172039
702084
181138
571655
686205
201695
541095
300318
31625
472709
337293
919828
251062
414182
887597
131742
599223
841059
481738
145664
610926
349010
966874
324514
398935
37726
538555
821885
904468
457868
233556
187952
694357
566680
127689
125487
808547
901822
463258
584859
892810
632340
518489
544300
902561
613204
814726
720074
540663
186104
914056
263163
544156
458622
258570
447735
348169
881355
433584
183000
700141
8556
729717
897645
550740
607351
127395
413998
767158
831568
251885
768457
365978
463111
201772
103259
661925
862751
77684
265786
684611
373354
857299
373615
241777
434192
57062
49793
364772
58542
846487
838124
479385
440730
134518
521905
753018
331973
269875
674375
394218
889978
852790
973167
392685
140611
789659
762725
780279
603562
379277
881330
343248
954077
491006
515487
302752
604523
251904
465668
767389
51691
984195
474366
665229
301435
480876
597758
30394
542438
513166
832446
781938
568991
895495
336911
162104
498026
444281
901263
397963
673178
375652
362742
120464
372789
162653
807503
408926
173747
275949
521539
430566
552549
453065
40592
529149
548403
124137
669913
493576
817022
799174
961048
955971
2084
105461
278063
851054
69729
362331
25115
389588
633746
844620
224457
822905
329813
108229
573123
949727
549901
508673
514115
536757
378242
227579
95464
236125
888421
826626
512774
290136
25073
171122
800408
145041
713900
228628
846992
434435
831565
261972
631759
917191
752631
445467
321969
36925
14371
209225
659583
179415
663645
317456
951624
269629
922213
381808
687369
730336
450102
369994
909321
411167
844771
281956
467906
35791
205148
111992
455481
667627
699792
568825
894511
178584
57517
328419
509808
407634
695298
978813
137352
34233
411398
903790
510869
582962
620274
776377
181048
941691
722185
502615
303525
103631
764152
2864
909722
911282
173079
812853
980525
73882
563215
715805
811901
412858
240534
982777
821962
329132
764054
486326
710497
63865
350253
401903
337712
747336
598733
377389
165176
669474
760834
767612
460576
499422
183316
4522
992805
389166
469122
380447
245999
5572
335599
174740
530943
774050
22425
451058
531013
238717
619011
158087
154639
441037
772021
906215
661723
456052
853978
14493
306637
401288
727879
214989
647804
268351
934491
758567
789670
559862
855617
568138
493188
775838
763282
667251
847737
239939
398424
101920
853603
256890
936622
353029
753236
987303
578115
660010
41691
356008
450621
319967
671291
743714
181689
125213
627197
4198
870577
93563
52577
495487
434295
767049
647408
315034
965662
492941
751149
389010
376887
448984
214506
45784
365625
912771
826870
473212
664378
493067
572468
941594
414618
590598
638599
337315
764415
453377
299433
569287
936954
236601
396891
518524
841160
484722
671607
577454
600053
684022
143841
983619
501531
528429
255132
431625
91785
519190
391672
320191
459583
806048
271721
4349
579541
379623
733684
350657
27386
350222
675842
368342
795418
311285
157463
677730
113113
398039
3484
694861
275773
48323
639064
166602
448168
642613
589949
278339
276610
379281
747231
125861
490229
581819
682751
445637
611474
364309
955142
458669
685585
887382
952845
417352
447733
870404
339737
754853
935438
467534
792164
43819
723416
751304
18454
915034
437761
825987
118035
641529
915656
462792
742702
525666
713473
165553
467899
612390
503413
107109
667457
465438
108390
375854
816206
792655
796847
368633
989157
871033
397514
175017
702035
608892
17132
819159
347360
943912
625867
160682
500768
624544
21759
740112
554153
426985
229190
235286
505438
414100
764642
576106
440106
313222
141277
921386
76681
71265
403949
637224
910016
944145
711154
822589
868973
612469
166555
919303
71289
997799
824745
298048
547497
580330
293260
750908
9300
579567
858281
573951
558831
159108
112317
911864
869508
735898
98395
24030
339265
987889
503313
945894
933421
131362
437161
438622
38197
538568
278091
741801
933413
206860
816320
764439
930866
949964
623505
107616
488884
2088
34702
835646
416753
8617
759914
600740
478483
429453
282307
865566
69244
632243
827456
386822
51056
835231
190868
261472
305457
906923
987743
207251
840488
85579
899699
989317
777407
963323
448179
682513
891787
745031
661848
276904
605479
117302
207885
345537
984092
219732
60154
739198
240892
379419
141023
845853
483598
531454
855894
248407
170659
441041
594106
693848
968071
177624
964135
797468
6035
558186
581079
442211
693152
58753
217259
998544
121110
136929
827403
891684
741090
328995
401572
683473
284870
876894
35920
8382
745738
258288
695124
744023
449552
437486
848450
541837
944965
23270
927359
361905
188979
997965
338655
318568
968116
316106
207212
538060
701442
144926
684678
387232
488361
672430
103844
676717
749085
182830
631416
239869
31400
411308
35313
271987
694075
143606
477658
191621
113446
27689
666656
719000
480739
355032
153008
243383
57613
340245
98559
521647
634030
1375
321891
378249
205557
57256
380703
970277
29319
59137
273852
50095
210028
134372
332562
708289
954410
656606
946022
984789
515887
233559
766253
424165
716647
692671
957295
833953
297902
134167
18695
215820
489439
778137
262343
887092
17995
157061
687416
694860
107654
350410
723070
981095
44955
81357
942234
806739
918879
543640
786378
213264
408099
125346
822859
410028
514051
432759
608638
627964
261339
786500
801960
73273
70554
387457
825044
799028
950126
806971
974931
958519
197151
33981
51044
562490
506488
257754
491758
589631
75423
336090
849962
282315
499078
592639
985757
795841
59450
134642
534403
420188
60889
7951
418632
694664
738016
962570
957871
658782
309026
492284
500438
217722
361621
872206
732880
206843
503303
782080
670450
959831
87406
744855
994794
56280
652060
121377
669512
833975
414609
394342
383264
312019
296683
196845
783048
333710
337272
888744
85821
742725
981868
739709
165090
172778
107054
735857
613544
41599
995980
112691
138569
341552
805456
913347
725485
932622
410090
144125
854064
95076
410508
89542
546811
313784
451861
102609
878927
203743
599845
455503
75936
763005
265295
669361
22622
419993
948140
980699
485198
360921
496140
194406
140823
379038
460936
97170
820633
574
466547
905671
655544
633690
707439
261254
522423
12700
897755
214577
845566
491087
178922
420915
864510
723419
255951
965709
602539
242651
946452
76926
572968
981405
693002
332175
533441
762037
946395
675832
846225
477182
894779
782002
549892
130927
344829
923034
212087
440789
511874
552511
152316
490034
61068
840
455673
661938
60336
525637
84080
897094
158314
226384
794841
86880
302027
624799
254059
174601
826701
460330
205689
809698
871751
885683
670969
82997
522619
990519
62497
41143
258061
215151
511915
575452
161295
286595
229431
577687
245687
460044
186638
299245
185138
232644
53892
558837
491921
805581
819640
207150
953506
783706
559606
310077
160794
739070
924987
64897
806957
491343
722840
736020
863104
10358
849391
329697
294262
636630
621082
859037
44775
354327
845548
591780
18991
907918
631695
894064
180898
192075
848972
940920
294045
501950
233002
717475
121080
717574
146733
392807
51095
607960
314943
544259
135392
548936
264557
278229
877895
947575
77384
732632
769028
849690
833260
562686
957926
700130
64989
477094
780481
395597
966029
142843
781507
196105
606778
194728
345381
495360
39412
959739
838717
870021
966396
980373
700144
648985
795336
41163
915012
546457
351396
344349
524627
934280
453298
624337
980059
373173
960018
407147
873971
336073
727900
452938
26904
317423
882250
703778
20774
391904
607219
437201
93410
630602
406962
355808
893044
138524
109285
479065
740082
249712
139473
312128
685975
136918
761379
931375
605650
358265
937297
843409
375163
271345
97119
182139
470752
17380
862526
847778
721406
41113
567759
133757
177867
404571
115397
927288
233968
935942
963240
738321
593044
625137
56949
394387
508628
365240
310243
608173
87119
256612
481344
257647
7261
779001
291386
298848
330847
920733
656058
641214
571377
157536
28267
285011
224636
294572
823897
430960
862889
528714
107508
323465
958256
486030
374195
663020
114062
679137
3413
827679
799637
365993
920834
819606
392861
367127
177680
346062
153368
132492
331619
230345
774276
494313
207084
902374
342137
762802
442130
365532
104930
795357
958189
36371
599688
71933
124078
308319
679306
741318
505373
705497
894249
522172
313723
42588
366016
743229
207302
998169
578320
89831
560859
894488
963769
898215
549749
151372
215749
202975
273491
471889
95711
192947
714040
7812
524769
879793
100620
817663
318539
137754
982688
110767
988047
349777
913743
692628
960776
457375
633664
293589
93835
746017
630535
291966
84374
621839
726827
739671
453350
694569
749058
20194
954085
222464
757817
46832
95423
214430
32816
466016
333077
858899
793986
37557
862155
377053
58210
990547
589116
138099
983585
310870
651981
566574
24076
692559
962463
249236
640817
769245
358622
975491
421058
104163
498806
841463
502163
598827
2342
422136
198718
631127
604268
781603
765606
598719
582304
76434
768024
365036
862621
971691
262285
971568
306138
857474
823756
618144
309334
747884
667628
278128
30578
825953
474039
775529
61656
154572
938219
923337
451865
359923
894554
289719
256661
148286
867057
162017
561811
670886
89109
178484
668977
552251
797417
31863
546357
807441
649516
953477
708865
264904
103360
50085
694629
23607
495557
858631
844495
18613
792292
593118
699741
515203
533416
534612
78547
628569
282822
206830
694312
480524
244157
69246
892219
680792
45720
488383
270755
542160
549201
399760
775588
984223
682128
695632
105149
226234
764561
448594
274653
343780
189027
565757
313846
328413
893324
109315
278187
476264
491530
225020
298083
485944
944052
5022
355071
214966
809791
205467
487592
310833
810973
980120
846401
277027
397312
615429
16060
942044
799293
926109
616840
571086
602507
994812
234728
682420
798634
28952
252127
39903
486752
858717
679176
464542
156766
148905
339650
802441
450178
505697
6215
619242
210806
789742
555294
396809
393845
973400
755623
911187
906542
688509
321748
2470
248449
326061
630519
143932
48934
284069
918133
499441
5165
82279
571546
278130
388767
985586
493767
213956
736516
530915
956806
593262
731198
445096
65598
336901
484051
813853
385601
607570
55816
946501
794691
568801
84456
551526
484262
888041
264932
16321
994800
54611
765524
686572
65182
766249
972956
580366
152082
494620
399658
435703
880743
707121
296731
614297
995941
494218
545213
541159
480976
635533
140399
524617
450011
868787
160165
617785
524666
727599
400072
358781
780373
175928
813114
258369
476632
307125
967223
163728
624615
714884
937303
384047
969903
356584
300975
861014
938328
299277
311768
27084
944982
214136
661447
570718
989279
547663
666651
122875
856567
472898
365366
166383
460007
790997
809602
847610
772940
500684
830613
914125
965515
154226
218735
509280
974690
666053
764704
536818
22746
136065
598279
244190
961048
654407
798965
523927
612435
143018
15599
749248
224
363479
541970
992746
846826
246046
559185
325995
356221
937441
422682
66327
62017
920984
244952
30046
293699
689662
318161
888962
270127
940763
949742
330675
78170
760687
807707
475272
420028
590520
683141
240028
532219
313888
184960
957123
749538
522887
832971
400744
885296
671208
747755
603525
720013
652074
609779
813181
150360
362629
232869
961881
828315
312335
689971
279389
720608
355747
414430
499334
264733
811244
436288
823907
135178
166163
34981
275981
643027
682051
913299
639813
974313
810389
924266
340392
266036
518045
796262
256145
49315
944720
244802
485195
127203
949136
397303
90993
510893
730006
474659
666021
793978
377147
422148
601577
928978
919779
821091
266461
579970
273927
632525
864853
575596
133213
964412
655318
884216
438821
657685
1902
672617
919634
41547
39085
916874
695508
360161
936835
49863
665470
630796
88760
327383
807193
57974
864450
14551
288452
167711
465414
823667
812550
451870
908462
977853
501426
262534
31843
149535
473973
86692
940647
186477
197184
24484
435090
512340
201804
329107
916775
797424
351054
778814
718227
572473
490681
398458
956673
266460
365227
582077
736668
754600
217397
100138
386338
652127
232522
442858
249250
746989
489091
548917
142098
20533
189644
669553
210767
666566
292527
314161
728625
541164
421691
470878
74378
724259
594064
238451
422268
83367
581706
140130
10228
47271
965000
703444
702919
229463
335832
850574
415079
256229
611136
92143
943809
345091
478315
163029
307063
617379
980591
227680
965237
547457
19639
708302
338482
625113
242130
143878
342725
223738
193815
605744
9697
538995
12338
23873
522863
228201
27280
369556
130439
932810
665571
965236
682634
217116
197650
635894
990366
82799
189697
474371
388615
685937
652536
88692
736287
570144
100914
316182
927026
501338
159812
666636
578936
852624
495464
287252
253999
43801
304230
79650
562645
744227
213150
65448
869631
456900
297012
320375
277401
142830
541080
419583
668155
720129
851632
310706
895651
656507
751333
319559
710357
762187
28487
316187
964236
358403
879774
374578
669083
8427
249934
978970
970789
500657
404966
446448
524469
964542
3653
108860
833723
4261
430121
870136
775780
153205
594069
229230
978965
65646
13599
125375
70659
139536
219603
737471
826545
242574
591175
249726
251591
843874
750909
192930
367564
338618
920814
818224
698561
479696
745081
67689
211545
4759
101928
884369
747096
174481
361818
71947
208262
667453
447891
633823
870224
73966
249117
300510
111100
947831
746072
299869
582215
700611
689189
248285
503197
684865
823915
525963
281589
199356
305348
482
77510
728904
598536
529326
615785
193752
193588
755372
845004
328429
452982
381966
931472
644201
412055
578074
130753
302274
493061
395826
449391
41106
351292
833902
920237
605898
949905
939045
840165
289863
309915
802827
328854
749053
606974
581620
230380
541776
660821
878647
817275
156225
926651
278062
474263
597637
893814
23769
55762
856690
642753
185250
582291
560210
442869
528443
592079
670426
212179
384419
27303
420469
526192
931912
134110
929081
309758
77319
695221
595067
483827
365839
965158
513597
556759
38627
583609
273350
371823
185022
649989
590219
654593
334672
42439
15241
672900
629223
788952
615668
859750
169961
56718
511241
74425
183869
993010
483776
972731
969034
726489
164957
490240
720599
998945
772518
739518
619090
606217
741167
980213
447532
799086
242577
911801
938977
754142
93113
590749
431637
756571
141084
814974
792474
362414
51592
258025
37006
590116
986646
149802
370402
730538
409084
762674
863925
846592
1215
448548
412574
479325
702405
830268
929097
834144
465608
189788
232568
628142
703527
927349
60715
73196
440535
414734
948251
159578
247606
435060
884512
151306
198784
141375
620338
633788
745498
645052
296844
844824
325964
960060
827820
53768
672076
279416
453943
261807
183157
27167
729594
987593
760151
640190
753228
335712
312807
617035
342735
386984
60119
509198
185877
724792
264385
422509
385631
434917
583548
774610
617280
450301
742161
947067
249696
316637
53576
468574
963868
159024
737563
741174
436939
907396
355148
625966
724636
975050
625042
676457
557467
772714
686063
978156
671314
899585
825437
37353
517900
704824
893862
234217
525365
532802
116499
266196
829789
673585
782268
862752
755163
941558
244479
476500
78030
921267
519820
940792
584703
851583
256412
866779
297890
543029
446913
954432
464891
866745
52121
767078
563358
129033
529692
566835
568462
319291
89365
858812
659591
614361
476014
707188
988824
927957
217955
702318
3879
740266
862233
786192
559961
143378
427399
123414
829257
705502
22290
423424
31733
81589
847095
394906
863416
514219
99938
877606
407345
534461
233755
213927
741059
339879
670944
519436
91958
695522
469261
324472
853308
691901
241912
453610
10125
916311
574745
118542
80819
328119
705126
924767
756514
621512
678077
711927
471615
935284
913659
412532
952897
963227
49002
461769
372469
870640
466070
333470
916123
780784
661504
827621
645678
687040
256108
681851
751361
921635
997525
386870
617989
523477
871169
340241
895079
726534
100655
5553
112342
764790
58028
192083
762338
791465
211013
545493
462464
149384
416662
143261
819562
73876
268801
418090
557411
70919
475707
325877
477272
238921
81600
465859
217378
879883
84518
333834
961129
486404
229519
1341
890466
326598
515065
55990
567608
564924
755440
990848
965065
494275
123875
32958
957319
171873
576787
229370
483839
322086
812839
856782
699318
15646
393309
308585
728047
179311
384795
734847
551434
259478
96163
156623
75463
497272
379109
279314
383399
599335
935599
303037
471795
595380
785728
957491
946198
909676
636730
561035
579173
119088
670837
951097
654144
986741
220720
907291
699152
431444
693986
573154
704239
787214
824175
407515
701864
415328
760246
730521
780051
237631
980615
896129
859363
992497
797170
791538
450171
235400
842746
180303
738426
451323
258601
165994
279384
901474
16829
738638
646632
259982
404928
606569
630781
811522
690997
267732
211497
621906
141294
437313
932321
9303
626427
296832
127164
965452
311484
545261
395354
394121
266392
107962
286369
450457
687302
318293
189091
403258
904776
772469
700763
637744
605816
49414
947286
649350
138107
380783
813935
309282
871698
210812
473267
22404
448911
619181
257635
807643
530660
168538
236247
423428
326935
950593
673855
266016
682450
916654
37765
849488
405142
400390
245583
941328
453648
727791
247392
655661
536836
554783
470494
935396
343910
357376
418350
2969
518919
542525
168315
290032
179116
816300
818838
924620
571835
847960
21431
694242
176399
297578
211042
845945
290666
346099
102693
838208
700042
370648
371262
127307
902612
21722
178201
658796
594093
638080
312886
272746
441192
527716
432041
279457
968025
408024
262267
145717
309256
319539
95470
302068
418114
298235
610654
8648
310217
528240
674243
460693
947755
458355
302547
677045
495664
826513
779204
877965
716140
642864
384303
119628
35317
922133
859920
63744
79471
360912
600874
889172
965251
275269
869960
467882
447022
214871
864158
858513
327606
552178
499469
575843
445111
658037
794757
884926
239323
956859
4741
238237
601896
699781
983166
975570
498674
950085
434197
60066
124850
519113
666823
182333
194863
56259
586216
237528
763993
716273
694340
172393
362357
892653
384870
329662
94769
783699
239926
132411
475737
21130
691709
743086
978338
747953
996293
954512
760484
395816
136604
870363
319333
674872
445687
288963
168848
345376
463666
97106
104773
944701
98933
852451
208842
319829
980659
601722
614879
924864
233996
615743
800814
183411
135698
783957
999905
811050
163113
877659
736078
433521
93896
497983
934350
580048
639900
516218
294187
885777
712331
208172
123127
415279
820821
186516
859257
663389
316375
483115
332803
420143
737322
411230
974943
679273
649320
790823
843431
270947
618831
429831
321332
437397
102525
845986
998831
706181
639771
297270
848579
422154
490711
912569
561971
710396
432329
822991
341447
74746
880887
717669
196642
228247
579060
465069
945647
105057
322403
801270
472698
487184
569753
515751
254619
971400
986848
762199
827532
142091
251416
585740
310364
64382
452793
830479
399612
652438
455283
391464
622199
758111
79798
364604
837567
45801
622093
987903
658594
738831
307621
166679
987356
536741
97324
67535
686213
406205
852821
562164
798123
821782
315896
107536
20666
743074
240469
97280
483992
369651
964345
968692
376334
232385
302649
457155
399008
240858
526555
741225
653501
634855
987861
627870
43345
815958
127021
150227
262392
519657
658879
504398
242715
117981
310036
828386
120234
695888
742690
978505
578694
611645
804743
657742
447444
400227
268176
416647
147679
370113
892030
742723
782428
603605
658655
890399
762776
42302
551240
237112
338880
198659
329010
445690
645196
71660
234095
943511
206282
404750
306823
73812
21955
879973
600179
17981
45707
608153
702517
399865
628138
834147
46738
343928
5538
729353
15341
931976
55581
783557
53378
680135
449525
884548
879419
804979
34975
391498
50674
995293
752309
992242
435012
347709
23454
110099
821390
624926
412700
593151
165575
143866
543473
730341
500538
280992
541359
275478
554142
33105
834267
919140
257171
778155
546685
877671
689340
763197
281415
393561
618419
396857
544927
298977
291309
776519
101387
273005
436140
279926
356536
265720
624027
481613
910887
576811
698697
566016
614261
790047
450757
154430
848837
456129
119506
68839
871180
149519
620167
222363
91576
265855
993286
849262
247422
211454
467094
721591
281023
999893
170912
820552
125462
813608
273539
995384
970496
481945
717076
773467
917608
286089
40693
930387
211983
106815
525200
447744
83733
373665
529009
777491
380006
50078
671678
766464
372420
470638
192019
756626
111404
906161
802942
552664
570664
985332
555284
553661
584305
208595
150830
624373
574718
368824
480003
991827
595565
7489
960419
944632
311949
101952
987150
450151
227014
125596
752943
257971
153701
69652
556408
84569
604424
624100
810523
453610
130786
110848
655522
291297
865644
866109
989611
678995
295017
953743
255684
651012
482004
180397
415263
436181
184231
417937
410994
187163
585482
290267
188206
999692
98583
145941
454233
860755
8518
678609
188810
117315
798202
855919
157760
545831
722407
462587
253792
559672
787358
251955
803914
461864
859574
29734
257367
997275
232729
842103
674352
735413
641576
376193
79374
342350
439436
527956
119305
974786
151898
104350
140255
241574
201314
99174
112580
73557
663444
986865
780704
896616
205008
215559
76074
560836
488969
162575
818335
672332
472532
681623
264030
118263
407635
495024
548131
530109
233080
612790
898398
385836
293368
226030
734319
889943
21455
255432
5313
770797
904297
768963
771904
869287
847796
962863
245304
497499
97408
80334
49291
81454
546127
599188
687823
618919
936255
334542
687810
385694
424721
61855
68522
753171
353365
860005
670734
492058
394996
656313
912458
773044
866905
82837
843283
888954
928637
49169
295432
616818
176719
744198
372912
734020
560444
306259
589334
816326
381024
568446
921726
974900
10697
860210
825731
267259
972707
162662
462990
356916
428038
729951
621365
961198
945945
831372
967022
327780
695329
651982
750446
160078
225322
141915
473762
758867
358352
762808
598857
95323
514922
252003
673324
868419
682132
899603
30651
677994
49688
285655
45510
55400
434681
885147
4052
329311
571035
604490
883683
970857
936850
830733
769981
335729
947013
114097
899572
309213
97214
534182
374714
242025
709842
396323
762911
252239
18344
768551
380263
105250
6759
808731
546311
381179
451392
161940
739836
341194
666389
754100
373449
514766
910340
406575
516171
559839
122581
632811
149882
514984
196476
301633
315262
62515
341066
528481
697963
151709
742902
935314
499931
432104
84612
914006
352551
533679
958608
586603
939266
632180
308217
809454
95601
240021
234349
629275
272043
797278
758348
470511
510217
430008
108667
915502
43113
472318
652872
462977
690021
85936
13109
523447
396267
94848
496675
305132
825209
944842
263965
809415
535096
568929
361341
7453
607282
279108
104638
915123
249520
359920
940256
190432
242804
559311
8498
602065
43663
707278
565439
928231
532449
770444
223063
192827
281195
939310
283961
449665
888402
942415
223578
381450
927411
866965
797204
97955
146717
509343
541678
822875
861551
1818
644740
658146
784463
544819
239955
680333
108548
488871
910179
18870
753841
315573
323793
449729
985775
343157
873720
49977
751493
795395
592252
346840
722823
451795
827570
231333
948552
557672
378927
617080
36669
922336
895404
809177
137519
267623
681491
79687
802588
761868
122728
52116
566891
342320
787799
127789
869131
84378
691286
706552
858663
824936
613622
55830
466183
279649
530316
735496
905414
528421
864566
585773
63084
837
719884
356009
718824
108655
418277
236642
350123
935490
331651
53732
125603
724736
443484
781669
160530
926689
377606
522402
716555
832004
919102
162471
531785
630721
61972
877038
794284
130394
520375
527327
377105
4751
288985
947382
630732
724048
299838
276099
642949
631501
519270
327946
94316
184362
19413
735242
149402
369358
805244
801755
785861
557787
535941
359472
556128
165816
329664
28221
169229
206793
483237
279090
979200
996480
888709
38053
579505
913485
804754
186189
824253
66609
463751
624234
525082
576624
74805
656963
226741
113957
954796
42695
250986
526255
171394
977557
997471
586313
995075
367127
80574
148152
234613
127753
827085
746397
41862
923416
477291
486890
823444
728549
902953
327345
720601
289960
530498
414808
123506
626225
3385
342697
687882
351114
435406
755974
220455
576697
236956
443066
643473
369186
198802
577258
230874
163400
692939
311978
527951
353780
77069
322220
198969
760430
682395
279251
32592
601640
232183
151397
111485
243259
534392
99231
962314
305225
546051
599331
533353
49025
741097
97677
513694
479040
961117
80611
536073
515285
193872
106666
519956
764445
774827
290773
185909
841293
752168
433945
197344
147470
21070
278748
87821
393539
783815
964683
329377
986662
547039
287499
841212
131856
445723
898119
327774
24727
573684
662824
224758
80337
606639
683939
37641
314359
510106
955371
249019
414757
925092
385096
297918
257662
224154
56320
360020
408557
679226
901553
873282
364038
911478
635520
425107
46858
5062
408620
968965
697738
971114
633084
787221
518946
502779
43799
713954
311655
284717
619698
198208
980699
573796
784035
5532
453341
854127
57237
130247
397470
726757
876500
14497
261325
986266
936776
574115
418517
327678
951999
200904
438908
631635
829027
435609
390636
618954
7307
714452
513167
747129
634156
146936
555283
543290
786160
212592
721229
412642
504927
263065
40505
26588
552890
722546
940320
136866
566631
639583
900498
592023
526405
842714
857491
963972
338081
314359
524306
449582
244354
453457
843540
525840
118303
872342
55728
832315
586033
156077
447155
292806
716515
534079
971491
587315
442085
527273
424545
217631
742751
492860
81320
385317
747075
632431
408882
484497
876347
611490
397561
238204
336770
77711
21018
13961
808974
515151
973014
497850
5035
518407
371571
620848
434403
911981
654848
542745
37690
182517
109543
994614
481134
999800
805692
97082
546363
301756
500685
246708
123279
397764
76680
11021
263105
472006
870070
455806
583191
452970
713933
971490
404210
818353
311475
879078
935959
400755
309776
308060
677530
36097
197966
306031
852137
136041
949296
105009
806770
33047
199308
36240
170738
575832
984870
889896
549979
799482
650155
793394
876449
698000
86343
216857
778210
585874
496995
461165
995696
293025
590270
813552
510140
231975
917799
934158
676960
783261
549972
446059
894536
717734
593762
294740
420414
150937
483690
315671
769490
958428
926908
995438
683042
809899
187003
315350
393483
438392
170133
861886
870252
320557
954205
154715
731028
999885
140550
934232
725384
542328
167422
871979
570290
79181
621412
936195
802280
704169
246760
372125
394072
436046
219966
352694
380366
273440
697087
939611
82722
227016
266012
256412
555073
388795
554239
12511
733398
143125
759616
393488
290260
680799
495232
711606
96739
70768
805734
703137
488548
959599
761780
396287
913571
851574
315397
818447
372568
659026
449701
459821
121626
382055
343373
905611
315169
534769
108409
514112
324982
17701
84776
723642
29817
549237
701040
585744
920398
321587
231995
304882
649446
836045
456033
139970
749925
266550
945188
777787
884149
802598
434114
275215
857191
747511
835771
308944
673601
538480
941855
712452
132328
772703
304082
858779
340779
411103
468320
143612
489129
697082
185847
118651
884385
602599
446085
486439
583060
110900
823279
233473
57177
590143
732266
423623
440829
270622
836602
372909
495316
672478
589061
361005
58273
783081
467539
897334
487773
428033
906789
660800
594472
618345
811119
613631
168457
206754
169842
300533
829795
335826
557946
215586
970039
964738
63985
988823
408144
451774
905055
9833
38991
11295
214783
372800
377811
958117
858303
133135
8836
280702
360659
44318
784381
463652
724854
756162
186900
837090
224574
317551
984903
18998
953434
575076
992516
989138
486507
302276
749076
682173
987645
784901
136934
682839
497377
25601
83380
176889
467432
628650
811796
690362
405630
248219
882525
892175
488032
170569
54068
11402
505531
165592
115186
327363
57123
968394
382515
418324
447980
877266
890110
792829
778921
608007
826636
777768
298111
818612
123255
632136
405220
562828
997696
608666
325498
645370
545277
602766
33538
830167
453085
30207
615934
975733
150298
932252
308520
840472
415354
523819
413512
686468
650497
687524
877622
277618
594038
749881
309228
657116
569232
301109
252551
219255
440509
562882
359258
162625
892560
563973
113327
438512
290821
922980
995803
60234
424689
233063
270269
533395
172939
944316
747091
655584
626896
409109
669432
683914
552088
343660
102462
557822
644723
259430
61412
650802
479423
349269
813364
986610
209098
679128
473916
373528
93662
210717
936614
178586
16301
516871
944630
327997
865498
689962
394976
434984
519330
486003
488836
863955
780069
627301
90887
845662
551317
285438
615567
599038
14586
365496
395419
32914
170463
340907
149180
321876
918620
193936
249395
2411
238273
992032
319145
709276
845916
140250
563333
550945
852840
646628
285549
748818
630930
454793
211357
322240
351976
660385
922141
992033
682721
291214
92898
953189
786691
617186
95939
959847
168757
573342
720534
939263
574561
757718
399655
48372
607557
359088
844500
736783
803991
264971
857480
631946
584915
196988
330962
311271
38242
710067
963361
245982
821736
309564
142494
905646
158122
711905
266982
324501
309467
530541
999011
318811
88706
32972
472518
926600
958345
821711
370211
480053
226851
370315
973800
460288
587547
189153
694203
773785
654070
254872
195568
628857
129669
807653
60836
896179
595977
926413
92281
780387
489090
723169
460653
3330
890966
452520
854169
523228
243739
811611
831684
109400
881921
544714
358882
297590
548383
578332
28780
333016
152728
121395
726621
460599
47209
585262
314886
268406
71507
124744
430350
94739
93087
740062
634634
98938
627667
556685
902581
481780
327727
458233
10316
319484
380900
711659
435529
61426
775058
919890
921017
303657
728572
627882
305980
826267
449035
444410
988313
960572
350011
52215
927803
624619
169830
889094
221452
836421
898091
929823
483373
487252
328379
895629
207951
817317
719936
230738
314609
595895
502698
526695
104630
630799
12695
131232
58594
93033
927901
934318
603889
296905
166007
739711
299988
226991
339019
477760
444233
971048
242644
369346
697813
707393
922097
382010
285857
890327
692233
719971
674799
272778
874969
698302
215351
382288
128987
998777
835234
587301
871188
379118
523618
931360
985147
212226
536172
149921
506305
975470
187731
286567
123969
317722
679938
461246
755270
285541
956118
612181
307379
314945
888726
124590
569555
670076
844432
85358
130430
256089
502865
461204
293732
28253
923136
103815
807289
250405
574871
163079
609597
668596
372543
298054
413927
906827
942984
431632
391917
867505
714434
519396
508275
721042
490170
989735
907981
409604
992596
682094
328499
45092
786050
202873
815936
169503
278430
819712
556326
587149
772906
669349
204275
550071
567969
313672
840824
36345
376697
228793
564955
997123
58040
794888
91003
604345
920368
26041
479035
682107
51801
812820
35502
274559
499337
368792
463581
684825
590354
891215
511159
993692
73528
186557
949270
897947
519949
826098
524266
293448
441131
890431
636420
147390
894094
602181
726081
775642
582668
432617
344657
930436
507569
169251
585571
629964
847035
508982
580207
85167
539694
450874
872479
931576
255701
646805
579227
55811
754135
877320
470255
743005
880498
53029
688347
806215
135062
763039
280760
196761
692640
474682
275778
875012
685489
724641
350342
775728
695723
797910
44841
569860
347336
810436
272594
995971
398806
582256
679413
705939
643091
556878
23101
173530
568097
994160
110037
750337
484582
134809
275412
361754
920194
618608
21571
59166
283694
517328
647755
851407
365102
727420
700416
564988
81330
308528
519172
990307
624719
742994
495769
89584
64981
989831
957447
148260
936716
476899
946790
571025
24784
880248
477449
984066
408902
649807
59591
499959
367738
794933
802151
258381
293463
668908
22119
704572
734465
889027
282025
275899
793683
954176
580411
138238
977328
105337
945345
479263
219976
399810
130562
258779
895977
404352
890955
960435
5567
220956
961091
833458
733226
326420
973581
576974
385018
464811
414675
774376
683338
348160
366646
785582
157430
52413
825103
937568
196730
313190
48992
670191
435752
314449
21148
392641
261445
183669
654927
771602
768897
30234
786283
81844
181778
362224
942193
486647
617388
791228
396728
778403
917919
181485
610653
181538
417036
479693
10056
782203
413765
895571
333782
36793
409473
584917
927400
904874
913656
746266
402632
577987
982753
331789
963955
333217
164742
893070
661831
685802
396352
680675
799690
320850
652629
132300
301588
356986
221674
891124
158939
981426
610086
404867
794457
508639
55846
611153
742748
613752
747350
60532
111337
719466
186866
592570
266446
624988
889305
654962
383171
781964
621707
783269
468156
45336
773311
888994
152206
983961
588452
100087
376507
673962
579890
743996
532380
526854
53291
145225
724266
70095
677811
74631
765992
557291
261193
546788
236273
707273
243297
687584
898905
828738
533088
140869
876675
553114
116659
869363
927935
339557
697740
873689
492445
557190
337211
187392
115091
590355
391269
507841
804294
819092
73187
697495
193144
556587
76793
298639
806223
526221
149681
351452
907518
669614
266899
412231
731730
829499
487428
317379
501019
374465
773113
549278
351349
494635
274774
248020
834162
414440
212199
610430
561958
73963
82937
832360
545294
809100
749398
437119
756637
620044
772444
284009
113573
543030
644153
29359
588190
83872
220677
839765
622231
863761
140540
762891
679990
586940
45143
837884
79917
319659
722501
328387
759931
575991
513035
466301
988188
280179
877749
68281
882511
587817
315704
396236
832130
912508
767526
223106
901915
163309
867340
255023
151973
381752
535723
188067
215189
186526
807889
725499
549049
134910
652948
65428
541116
513565
15531
746907
685720
914245
286505
957696
95896
667209
863511
677385
747913
623462
751212
594435
613181
798020
293995
78483
459899
908124
459866
968362
892614
212213
100954
32151
183560
330823
918952
767222
59739
627584
439343
664006
307893
177060
531911
74008
107309
254159
976398
720100
891182
350486
776353
522230
68151
551244
683960
607237
218508
127328
848987
807396
812540
538340
176133
796178
360848
732776
346516
126124
968589
310469
946345
620418
836390
645814
166754
693638
591490
47840
426737
922848
604837
593330
828313
600415
634685
84583
723653
157451
528780
973736
340741
589078
299244
167503
409701
608753
880516
947847
532716
718842
758918
440591
190574
156818
89442
297629
317134
422925
513930
752031
43668
380035
859043
257692
759527
878915
525381
382521
788391
548711
308975
386392
240297
269827
573834
961435
660816
997559
136920
855046
804548
858361
210307
942610
729147
831706
747774
182048
879537
843642
689201
664139
161999
393562
751994
1503
199333
896705
135783
346162
609951
48169
178708
665501
137455
782346
122796
221400
620330
153856
744075
345009
207151
745051
624004
162601
862145
185219
669950
66795
160502
393990
650873
389738
504713
240320
440047
20630
334474
573606
920341
197306
481460
921071
699520
358389
538271
342943
300517
746515
304396
157808
131833
835783
945182
270688
604215
34823
453544
690770
198976
51780
2209
696929
660700
302469
585588
818952
387678
619359
157172
631975
469862
644755
389421
38643
674496
192324
389078
393661
380650
227155
575970
758621
678387
783513
440437
352635
702335
450880
585204
506809
482855
195134
276085
358144
777597
420911
659926
569190
785389
850382
129321
639289
907327
885713
314637
256235
191736
861854
575640
493850
933472
976237
806512
537914
846111
42555
957881
587553
835649
487143
386792
455022
799001
174510
110838
510999
556865
795198
234417
836110
697663
227128
401964
524176
906563
333895
101079
117514
998541
202776
266857
295336
378795
107957
881529
565051
462048
210626
515245
168645
825184
749074
341001
523556
656312
691622
415785
784089
936907
260612
601290
808565
102775
194417
653826
365791
460119
646859
295120
225092
360609
276677
49998
630811
258478
612095
551875
680596
186970
933505
714709
626332
763649
840596
190363
864079
173994
734205
30737
818555
718528
813655
573029
612365
95739
280972
57262
263067
413534
814703
686204
361421
232409
503929
530698
990184
710798
372639
340176
511097
436721
49932
762229
487002
282312
118592
383714
181092
733650
986244
146162
749937
633348
614025
348805
38412
963502
126557
949940
476600
769468
724937
963742
3674
637145
626569
590497
930499
117422
748648
31653
636894
79432
612856
776082
657075
713368
507051
509793
516949
587988
259154
513424
370606
841274
223535
646895
392869
455988
962040
732056
264873
725527
17643
977340
523485
612613
235976
370776
422880
403187
648496
752774
720183
134085
816280
93743
372314
955029
727146
270494
141720
161043
554872
892592
674983
82502
823773
648680
14988
831281
258418
403871
542179
318417
318698
727704
395148
13826
999627
201649
551282
508480
682697
666998
171641
695883
151297
606352
225284
911973
37903
506651
707936
723253
502732
708565
568976
356686
834215
946993
302517
194761
148895
779724
583706
30734
148826
509943
506906
914226
132517
355378
599214
63482
293769
225658
744599
993790
598534
189626
790756
89449
876463
698077
477473
954269
591777
493827
27612
93107
861921
920529
84629
579680
470865
473187
683137
840563
988687
140381
546107
314618
953195
712031
749896
169605
350210
101334
314949
93122
566139
227759
943727
180999
976222
130599
395087
717103
711436
539518
286080
880731
84383
177995
887966
739930
358943
427880
275661
331811
725469
401165
356643
868927
168112
766010
363699
480900
430089
512846
876023
632187
766069
586613
62809
973347
449968
308415
168670
752719
938592
398539
191535
852778
127477
362914
550214
847771
581786
735776
46194
731011
451736
117452
566470
532131
338696
28489
32548
196443
437939
428966
333665
883853
352264
294352
122453
48672
867256
778727
294274
167713
247474
949805
941151
402243
82230
995483
243136
805639
142552
131982
52067
357687
64019
419678
23897
741388
978632
287056
211598
581615
329490
581985
647096
269404
611590
605954
88792
967587
682316
685348
473392
227977
367828
412649
948226
650059
245624
675066
359488
397506
237613
195254
732821
295522
213668
572999
536654
388508
931971
293969
78823
302244
431355
778244
475630
197324
302213
840593
204310
700431
303358
923898
524059
494507
631325
471425
676300
309605
483853
450562
293050
185136
700907
577821
483515
699112
606494
57227
34203
972793
766989
148114
455520
705885
639617
665683
883769
805314
995673
119233
608835
473865
381604
967468
233271
330603
868127
703099
601330
787510
672458
420600
598882
694837
421033
686214
598794
935982
589268
312045
869299
930757
32635
367190
536496
112190
697018
216594
101196
608992
229909
678868
234898
931188
323472
483199
88760
653101
906158
729498
141864
484577
857028
501601
563052
800053
440184
776949
845878
913240
634075
954739
608202
146214
47073
973729
164809
305132
545273
634693
563163
504779
600589
832272
719287
675253
473432
168375
17490
54997
120542
705251
651874
78283
72525
491070
54477
459861
149742
470510
859251
625033
109512
441183
509205
317118
385297
271352
785376
779595
141522
591855
267418
261223
565270
406264
7208
255920
69070
606360
101625
753863
454916
366873
414291
5400
752378
749718
884344
136951
462047
229238
66164
466406
400685
584885
489798
241139
676834
700254
139368
509950
284504
274709
927869
750040
349379
276432
358167
762120
899527
949606
621346
362599
591028
515648
246256
631851
796191
760556
931297
55168
562462
769872
630062
767954
832415
519291
618643
637864
906277
415639
473943
505706
2976
277243
666809
149251
368809
478493
240696
120097
539927
949540
140543
485977
590208
159772
556012
466088
841680
659651
290556
620180
375999
374592
343060
580530
6642
1779
808750
340672
474864
298215
590878
52658
986559
885028
732800
49546
466907
801634
47041
414496
485394
199064
984774
655873
715839
959474
527868
928884
548064
258336
90685
261464
457622
202123
405532
582633
393978
709986
486413
25249
444758
302099
926900
414075
415303
656406
789832
918290
86317
56611
82212
333864
410124
172868
213034
543236
596866
782340
242452
552179
247205
37063
981464
339310
917240
948275
834615
917724
306762
847116
297827
758702
446252
751134
342091
577128
995213
846227
101316
466752
608052
825828
118293
286175
580760
62124
465439
574148
703135
725145
441383
414216
991730
565307
125890
956796
219321
55615
210780
572462
158968
190517
471332
183435
284037
939916
554456
263134
327077
159264
769000
891318
854339
790058
477834
958886
558348
857942
272025
789926
612714
147762
161834
938327
421850
958530
26798
32996
598956
207152
20605
652164
107607
678176
733701
939867
624630
617826
315278
884928
964899
444289
448489
501594
660590
86200
296949
745251
603643
778244
917325
627663
558325
206293
695377
895301
709042
212126
275856
568588
450661
434572
853967
197185
13690
46035
685816
723908
62738
359523
34402
95091
840347
521593
217785
255182
545738
888850
866570
698
723832
361659
537134
395745
896599
881925
769552
253046
703951
121492
39068
689046
104697
510486
164741
961930
719287
330256
444979
230441
621613
302099
407944
921562
376801
663758
660814
163000
582507
212221
571646
100046
4376
970239
352815
251585
111137
410886
922906
327949
612099
464616
242630
527400
223291
824402
918612
669378
193184
903963
132137
986286
115996
285046
848755
723034
420360
46338
300186
633978
751588
197500
392133
37380
131312
475540
203206
292564
483689
471773
978851
201775
455587
934301
168258
270116
584383
771652
386160
293646
992650
84602
625742
199991
112563
291473
304856
215383
409510
368154
728595
592186
561161
104211
67347
114175
67858
255422
181350
698236
750083
512332
385953
440255
611651
300216
428741
526192
968922
462513
175884
269010
462985
119151
193238
599208
589444
324839
724011
154356
910797
88665
958636
631450
150318
41735
822107
751844
19603
472320
19779
18463
711681
448090
238790
175330
457335
640701
418369
473838
402976
395228
412510
661553
547505
576447
421877
605029
742309
201404
546527
769173
746003
704133
183834
458752
559720
280922
174482
425238
70343
694943
96978
898335
675002
16776
779718
809211
738195
516976
947372
683204
470691
645449
835095
430800
73686
150062
994464
42962
522218
516565
40425
270624
67082
608160
45519
695247
682379
978834
952492
687866
492034
88863
257797
14434
68863
373788
417687
729263
624875
151701
998393
331157
145593
888765
909614
72210
617036
319232
117257
354387
320037
272181
599421
142774
637063
89135
958080
776746
669098
98035
679836
350771
339863
212163
156946
513290
987814
572377
358763
193761
166674
117916
543044
12854
390587
763221
316955
168167
969401
119846
533964
284525
128736
432334
992829
313438
395702
907362
368439
177561
386175
366807
105958
721436
765521
30892
79421
978499
637699
622902
483190
276382
911875
413385
610167
108013
25351
878272
663504
534202
903516
445546
861857
434131
704026
215313
119193
966435
906425
176616
591641
945261
288508
637520
48759
736612
849227
345671
538270
621481
911134
835950
418642
981281
27605
250677
948689
564914
485094
928165
162709
125147
731182
297417
231094
820717
562088
971962
768493
952618
851131
258182
313844
820537
84205
66108
997576
156866
370870
3927
539664
486828
250095
309765
727512
623665
989417
459154
705334
527258
295322
889270
871181
187164
713971
903735
720688
970639
797709
694268
45406
605127
685505
110960
21867
568401
406550
176271
614464
389772
312789
427856
259833
721633
367289
348527
965612
491040
755331
335190
366154
254904
856745
876455
74525
642835
406830
791913
411057
894092
343885
511564
962383
762894
17359
21850
954532
520010
52348
904509
584705
437716
731950
521511
896508
723867
443713
424930
580915
199619
200614
87860
848560
912033
261591
640238
727912
476434
870117
551057
765342
920888
645933
51230
207589
702034
604393
329337
203970
291255
109794
243065
884656
403375
70531
254287
437308
768302
528265
582544
468305
736430
366423
115808
47374
262632
364710
951037
150163
791598
161370
831909
449243
71784
771119
543653
569091
884201
34450
914560
723625
567021
342860
510072
206704
793201
649881
476603
737567
300527
662039
224429
986089
607541
490778
726286
125767
433377
302236
965192
902465
864955
750546
868120
36877
190831
950361
988118
495502
296421
346447
391010
592317
987263
926847
119533
890725
433070
122356
905825
34952
699378
174766
480750
208799
579500
269363
587251
482239
67489
493948
27141
986007
388493
313104
875166
736918
195041
261103
481189
378281
738716
431908
545365
348514
262273
54910
560269
78068
280058
557464
246260
191771
125705
902163
158855
994585
239463
218789
817857
527898
29627
125899
584166
675193
126136
610074
363051
553819
601427
487539
318597
970489
801312
377173
156812
97020
291656
248589
874700
404737
617449
355080
675625
275964
388618
993673
141548
837944
468665
916853
197550
819644
567172
371468
439199
120714
824464
967986
646771
403905
622297
89323
96107
461794
626118
422694
322236
489647
930728
506608
346589
302639
891151
374729
818418
591
963465
510292
949584
20707
316344
312551
431789
742025
571599
354307
469029
719022
152105
394845
754219
601130
21573
733147
681994
304391
423202
608282
872471
190879
375091
321196
172278
519907
831232
22751
536709
985656
445529
809016
203304
31995
237943
880383
667186
192165
616368
169844
942188
702602
664342
590303
662662
461244
506670
63621
606743
48012
353288
871926
712659
668464
676287
950916
308168
987648
116751
424718
404052
813019
57358
684666
732135
900903
766473
360769
30577
846069
193020
779491
753192
882178
410861
166716
220087
210201
77605
455279
775302
56662
452684
867262
639202
854534
875616
528316
399818
101995
940178
908569
833301
452700
402493
167517
615939
85576
613571
861104
450206
813531
821894
898005
27532
740537
183168
542391
107700
847463
199104
552924
374539
234441
669506
783670
375162
713414
203625
424088
854574
450695
180507
932742
920251
965919
429433
111013
390573
922181
40186
993873
337325
423484
713891
655437
871949
678291
110821
13013
389168
607880
995346
727696
259865
436872
811517
303266
271566
778066
414126
576861
865000
595257
796095
547031
973882
63176
838231
147862
668956
695680
787776
957160
262483
979708
372262
30224
979102
29494
257070
880794
68320
214946
300400
386896
700581
669304
88915
142277
808914
429711
314692
366926
706670
591973
924306
847505
795143
4475
180970
690933
409986
106973
246442
652217
877763
516159
712739
246177
763061
294595
785328
376266
331702
634520
182253
683167
186146
807292
150486
663908
960827
178785
268158
619120
568498
84846
717225
62263
962452
805532
823110
818885
570260
878209
216268
30855
317361
555370
640047
104132
480004
594208
190463
572393
668776
816141
387934
561089
394949
38649
583900
108291
128955
270829
956017
600581
428520
941176
335126
984079
160087
753423
147776
853770
501765
434319
774778
806936
7633
448223
724509
310205
199871
405617
748079
640378
807784
320359
680470
235834
322114
89106
138295
893926
489096
744661
112816
631315
142086
8104
741421
230107
251651
260921
202667
241609
216010
42860
384775
201454
628439
651395
171522
607888
475803
421977
799700
65090
980204
999049
195049
460175
635213
908012
149372
568912
973973
782782
522447
205981
477374
608034
73604
619552
494540
95676
910043
641285
714263
997372
108297
502669
327351
553467
21937
972162
799116
857789
452162
718533
968167
496342
72556
223555
156313
686698
333951
186502
601814
95821
985443
244840
945092
442441
364718
25570
48550
333629
850149
701954
445856
4322
381075
372411
954342
820457
579903
189206
523141
648128
982092
311175
996814
318900
694066
337626
924763
500401
270677
75724
56063
533796
580863
306870
542798
234561
840831
861476
11013
719968
156765
212292
734488
384643
638392
222138
934871
257330
620670
883665
481404
290375
720008
897547
925971
275846
192720
806681
582534
570276
217487
840102
414660
149673
768375
964749
195278
460335
52682
459436
425950
401482
273622
454608
718132
995202
370637
47760
326974
607163
276805
447861
813026
514294
90440
47126
803116
906288
501145
699011
209487
796136
713348
751448
777626
267710
981152
174705
305784
622007
616037
567100
558115
255773
502820
218217
838695
95683
415783
719742
484047
513446
737061
418568
417070
45552
746146
167596
650251
341910
741665
286812
95658
876576
287815
535269
76915
709769
928142
710116
839810
289852
204450
351193
402698
402558
446811
181204
459750
837291
459544
150219
836222
354649
623668
337485
326674
295705
727528
42449
710182
640796
152061
588904
930762
601713
249196
871378
137413
608172
838100
720812
101469
941283
248854
420934
780038
697362
595217
467795
903205
696862
92597
660666
277439
692855
600518
542921
130371
14806
683439
357449
279536
621734
288704
861868
734500
864127
867974
933283
469251
540045
125574
257996
944320
346063
405909
391113
764107
243771
805207
541420
64983
114559
461010
30350
801927
594659
888686
216255
182388
550346
862475
637655
197405
424472
314303
781419
47468
809709
220587
28316
442081
986574
318776
924873
838301
618085
536947
14052
696013
247839
639299
175266
580465
978867
833475
712652
99208
213315
169472
719347
121754
839899
871312
107904
306274
897494
595725
219369
117589
674015
428461
276544
576211
342677
376703
74661
756649
715144
684612
236764
916801
564000
818728
340281
19879
282462
918364
961080
914872
79609
689105
474153
918761
755370
399762
800328
921393
31876
804670
194475
347156
242170
492001
37588
601229
88069
915311
36198
435288
768797
978332
859701
699737
648548
763163
268790
633452
854306
712048
894230
984330
203051
652852
616934
361044
984733
614757
846963
599488
222662
877479
386164
964317
59682
650652
179996
893124
541441
822939
952336
419485
345863
504783
251507
934603
884494
631535
304732
577461
484646
162453
568553
601522
398140
206334
325485
132432
847128
553757
888580
236033
125376
26844
854856
111779
234106
239792
745692
515371
455919
72215
194981
548397
409195
139889
50905
880650
117761
867448
413167
271798
773388
265758
957366
342372
420944
451521
241090
618833
194494
570497
396458
274646
449135
710699
487003
954919
524658
940632
122165
935986
117432
680363
775931
308205
764053
375532
187914
179235
990987
58164
205730
371384
592798
970369
390485
330762
788308
759721
52170
599412
126859
383532
524974
428780
763510
152418
719737
153292
194614
324307
80088
261102
521105
989861
200573
50416
635153
116016
183423
3670
182523
190894
809774
879695
85098
928462
984887
113040
486985
319847
668784
825693
30634
912074
34498
512934
113925
938224
719280
880078
670927
136146
321096
743366
2486
874712
725860
824792
497591
704297
164125
316224
629277
155169
422926
756213
960471
431904
568128
625477
4532
494079
885751
872606
658557
492702
45272
902697
872111
514265
53429
758288
173011
689945
479351
197536
780668
337350
249959
682186
267357
450842
569177
981252
311044
670481
678837
167693
241079
298237
474659
707277
433705
724598
393554
530778
174297
247214
168102
273559
134280
869474
551868
768247
114517
225324
308442
92255
405046
841909
453176
656874
165717
905161
257061
271558
385157
699779
85464
627131
456479
344487
286868
644300
957565
764302
684918
282806
961746
75260
354526
241749
786085
368077
424888
460070
578024
605198
767974
379047
298617
134057
794444
659675
298100
268856
433143
865321
108722
943802
441898
863972
34531
304547
378567
379110
207876
212685
728919
362709
855932
54093
307958
669063
877657
792160
286430
145986
897570
823109
37710
289948
821336
830244
909526
393921
648910
217515
394626
828883
843746
736506
481377
577772
703767
41780
478961
397055
628944
920950
885032
160092
13611
85348
543521
726354
985144
41759
143393
421870
639893
389267
4870
74530
46311
492396
898059
912193
168695
971368
409594
196391
17767
985287
965935
875638
714447
831392
940420
37115
425208
910094
511518
201390
877939
210567
779923
490200
496791
816076
576695
701327
177174
10108
358850
992989
572411
439300
816095
228607
179139
127601
151827
633417
298197
94054
778312
109479
38366
68841
673910
929726
899789
543767
395501
541232
717416
624696
307073
527167
787401
599405
699282
595337
207545
179270
93686
830385
17000
749104
737350
571870
255942
290508
629442
697437
624064
898394
661729
913378
936410
498964
559290
212204
762341
410327
746568
632774
677150
162108
940445
331369
866403
79110
626022
239039
965202
996659
68887
248706
512384
260149
438195
341059
691155
979643
989433
600519
516861
550888
891502
189836
857685
805733
719492
100073
605844
328850
561124
804371
567912
676823
16605
815035
463352
417369
687848
78549
214773
480713
592471
980212
529561
730198
585946
440529
720832
303106
299694
150635
216095
483922
529123
648968
288165
271775
655112
137881
91052
64330
615668
51707
69404
378893
975476
685082
972573
340524
321292
957744
517046
592394
415212
989419
542151
994007
747121
964717
946591
490599
690580
678829
28539
806302
738995
394683
578076
863944
308282
224160
914372
814021
798126
919907
187660
483233
16470
774568
384293
212994
87814
344948
246249
137914
877897
960012
17629
632125
670058
327482
457094
479020
121119
112305
149348
261007
556819
645576
489871
806882
954254
446690
65133
690374
2692
831919
61262
363672
341367
390987
140324
379743
303113
663364
395042
95775
920738
750393
961327
801546
551033
610525
627079
619478
373955
549723
115119
34986
818742
757524
790355
33586
956857
110148
604669
105938
395434
925122
185204
954038
405643
972262
878127
460616
992458
375877
229172
626299
696747
108759
558802
61252
960276
356346
779831
855081
674933
498767
663407
326322
25809
708034
112442
287483
64238
90408
61832
187563
308821
268801
852755
817983
272902
923100
132121
945920
808828
788058
533621
603603
629016
422218
370969
261487
365933
227444
265578
856617
606823
615921
838648
599915
754712
71607
410137
970691
823201
446643
605025
929047
441593
786063
498623
302327
592221
111891
505143
162123
244372
245799
773815
281003
555614
725431
340185
75085
252537
495599
115892
825241
582287
75814
988191
116889
167359
620375
68675
611084
599238
196553
961500
536602
171210
360401
358220
875489
547779
646062
149980
800429
451846
894546
528208
60615
220271
743296
701925
912676
772011
815632
532265
736702
225440
475472
873911
734273
34041
997509
91534
788123
845969
61967
80462
963702
269755
712106
962830
163906
882348
726224
819164
972075
261254
316796
123346
814634
497857
644106
92945
94391
152696
58171
434333
121756
632782
335444
353813
945701
724603
237925
589773
899508
398518
730407
928970
89713
85249
524735
499929
591774
121996
327839
708492
990024
839175
953228
507602
343513
416583
310394
826674
954507
542804
779731
424036
935287
673549
168534
113804
126988
360376
172444
217427
550107
401834
87030
776932
669646
740879
243315
911296
137017
711127
576126
836095
226440
477885
663715
621732
869464
300533
483762
717915
71779
30130
137340
162257
830803
685777
178107
904048
88119
868709
450318
974646
879827
910112
609697
869617
829585
315994
704363
470745
854102
316033
137809
313354
114800
125278
6568
197404
150507
388800
780248
976673
498115
743367
734811
808570
105395
113678
360485
374550
313772
198262
543326
407816
670369
153868
21834
752772
947711
881494
855882
517878
480378
555135
116796
504192
809539
979164
108605
634318
244310
993178
514254
396566
178351
646022
717332
873457
599132
89785
498553
448017
59310
469598
466353
242847
267017
281890
206551
919858
466523
262262
825525
253229
162089
577603
384930
657973
826821
855084
286150
952461
696348
1657
621946
932497
688492
699365
248650
421068
101394
958405
363228
775606
520833
253842
217898
382733
566735
450710
25706
46478
672425
941424
693200
107664
943783
356099
253161
463486
990010
102145
256872
110383
606786
731151
196990
605604
328572
914198
883746
946077
391513
292902
773424
631832
926122
302982
649646
240167
854006
323548
622249
743148
890158
724341
546430
656820
279288
893298
290356
527470
872615
776016
586183
594823
409100
831698
158464
797475
17638
222605
775039
52025
139188
756176
576475
88587
281387
375533
539616
147009
801092
949481
791031
149985
95533
224316
43939
273325
822431
175236
417127
257882
480527
392653
306246
729192
141886
154357
661922
420706
477931
754879
741382
574836
537321
487671
774463
915748
842699
62908
996261
451631
119803
953967
381943
762305
41130
911799
556324
611472
755681
940334
49190
220757
849974
939179
122377
286120
916059
219629
479114
962359
737553
871008
170586
834850
278266
948047
218178
924406
504843
711143
164256
176773
90272
240420
640719
418270
153129
985306
265893
444142
882178
424162
646549
869107
531937
400095
890165
851545
391592
518764
153563
272947
955035
597348
817440
105111
164395
61453
865222
487638
136881
310625
195830
430678
577718
421371
131106
164623
620975
453019
614665
364894
804742
141910
730456
745417
508627
187805
196334
525584
933289
62759
255608
6316
529677
948670
918907
240871
225602
560740
89393
373079
965952
415775
7434
346040
573379
760680
594707
735397
94655
454316
456820
260531
770160
228349
371604
605226
800208
924952
144919
793185
677986
698835
217095
510709
50156
524579
753872
237925
438401
434055
619621
14669
38588
712597
916417
804926
608969
943455
457608
876022
672925
726594
977548
132481
149510
44427
629739
432555
667100
131077
279893
764256
26071
609187
396331
534243
561594
507654
389251
76071
239405
188844
497480
867277
501353
518070
932222
724219
178957
644437
176548
764053
15501
959184
283634
335835
649162
465268
300994
958175
51580
6360
229451
583585
750091
642635
788104
381577
540094
968669
485111
269376
869322
217223
213309
814955
540748
312951
25702
963524
650834
669372
813643
373399
99028
612683
793164
487319
92416
180076
427325
971611
418739
825348
421342
726584
756611
443007
669633
270523
414649
89881
286160
668867
60380
913354
246439
596665
756904
886284
471197
924398
85086
313098
319840
353423
293237
788903
747902
921735
382766
222503
917440
750449
934853
