100
10000
525886
650673
981176
850691
665139
251324
852430
51249
662705
639539
939333
292647
892202
398508
351053
483970
964264
715782
353803
641267
159794
210441
851538
466420
533527
688299
751936
103190
251290
348079
701624
659575
457082
587945
217399
669967
602076
550876
154517
915177
470743
133572
706779
557294
542044
432751
145979
224156
385408
321285
609968
279318
714408
883945
948787
378390
509520
338616
960918
878846
773944
105711
669057
912011
355179
106857
457608
170410
30701
272197
398565
293605
12608
426342
445399
270518
162003
604500
110742
479420
309128
433471
845041
79691
541664
783908
842694
233566
913926
520073
679198
695912
120692
512354
904227
134279
347654
813974
701694
699930
305049
554843
692497
869353
659167
564413
649678
14531
786179
14014
618482
631397
486963
291288
35682
924118
621774
785886
839328
907088
536492
539521
428906
565592
230660
422637
219439
125167
701566
38419
503854
205409
118998
48386
49262
231034
921641
942319
549780
494616
854432
654291
424100
833436
567222
779635
414103
213434
697383
296571
543572
847408
94391
122500
553166
209684
770076
772277
869435
640453
796361
801413
337069
962180
229207
439070
278606
538139
899410
448413
242876
905019
791774
961078
564927
820068
847813
538549
845155
527805
968030
290591
793207
266371
774170
207351
128544
993182
160814
983324
484890
265231
579288
631375
807245
436934
716625
883155
820616
57105
289614
120685
302364
896430
114290
123275
53399
793985
709651
148609
571164
742241
226791
895982
274844
776844
984395
316413
128179
943867
162991
451656
897761
849105
408802
842518
909795
287533
626486
245381
321325
630302
929296
505283
803015
17718
960014
633910
848833
812215
498261
774652
321044
600874
148213
400972
530839
30415
413627
370043
904475
469871
629524
440283
338659
631629
347865
724414
881155
881787
343100
276824
150100
623560
579212
910530
954832
726551
982824
797723
235665
602635
471486
402057
401633
844638
861823
423901
549949
253585
168289
979605
536939
196926
298384
891387
173237
865225
747122
645994
510977
371381
245013
212336
306254
617298
691128
657999
407565
423316
318451
512030
317273
945088
744451
211213
538837
634175
964342
922694
167201
685909
797615
314094
48633
536299
527895
644170
461546
710088
474209
554175
951152
546398
480503
176562
554865
576193
253254
483790
392848
988531
364451
324323
47088
548250
816984
766571
282757
624274
752079
916521
211032
47455
882138
249515
906007
725243
847709
833070
507350
142926
753049
485024
698086
48764
219669
591296
180752
951768
364459
904161
438895
376246
115948
443022
858919
294877
647345
56456
228037
398939
604607
14315
361525
842803
509270
189999
321946
278002
805654
913801
295822
523232
747407
855089
326518
300881
477795
809663
259072
623259
853914
509359
857404
743650
348034
377795
736468
277134
693953
249352
85610
878110
490489
622768
304972
112598
828758
818846
5718
876628
597559
386113
404837
304193
205366
281623
560115
571170
800854
817043
158548
575182
367880
411098
482892
54906
321242
631143
431114
422320
601533
268238
249541
732191
9841
59293
50482
734219
946191
292382
618015
57893
123762
340601
321007
884789
364419
346486
544563
9523
104032
224225
110369
445878
796265
298118
537075
319300
399078
52252
766046
72199
240792
277630
182573
768225
722459
795412
993850
973782
929076
429136
189257
921768
697789
55060
614849
443008
466538
594609
6472
336008
921463
98379
362554
361814
68208
612696
745669
689154
90524
78599
827043
87320
588743
694333
747701
160361
980075
507002
856057
652668
700026
407258
210280
119650
763467
931256
716911
106471
886686
672365
327
663012
227214
347894
498099
93810
254738
269812
129302
806521
520943
286988
919470
937638
799038
339823
907505
364539
462421
934836
656450
114432
911701
940896
751696
413207
813264
448520
905868
587821
616596
798605
90308
290764
183833
297863
338593
15374
40451
111741
595897
493293
942419
315983
411922
801781
47536
83639
304116
779354
831886
453860
44202
708134
323321
899398
706581
996619
118848
555880
930284
994006
584000
113974
800019
250756
11212
819424
11607
801199
84022
807191
109060
75617
90749
548725
666211
103562
313171
464889
788692
58444
928457
387375
442435
202866
224345
987246
610890
742273
310031
597371
391395
263847
974294
461004
653704
338896
201243
264230
538154
156696
133280
485863
690634
149850
95
167136
664694
704295
803224
33690
831523
234451
279481
677114
707236
38825
65386
285055
521797
406078
831346
446951
145094
714083
34825
173298
230647
700340
467258
756542
100269
509709
578164
948369
548318
499165
795119
999221
913246
368850
215798
539902
267191
396404
51604
232807
795550
673102
946975
400347
441048
756230
534428
889167
79401
730062
5517
681036
294708
649331
875742
486666
475828
445843
340008
448056
939349
935340
940767
705049
688752
469263
744799
292744
534818
342194
768462
572252
947976
245669
250157
544806
25176
465373
409665
791191
943839
564908
826456
125567
322579
942610
359994
296624
473620
458797
35182
597249
740996
709451
822373
337582
143999
380320
987527
14877
220665
170003
568665
206267
233267
725619
477768
541445
579098
573383
192021
709923
390780
734274
4508
757614
754343
255125
416066
201747
19296
26079
638586
910799
757117
945856
430580
176794
11808
825291
13028
801952
63120
779417
680490
863210
320309
443002
335651
954460
369264
229895
785996
519383
650453
650387
478926
409982
479238
109312
500778
720854
470509
516077
323393
892295
149781
612365
376577
324159
944549
684691
783976
27574
841787
507721
404150
843916
964641
133632
89971
18190
900079
458402
15706
989527
516029
139107
358561
302931
690882
72086
357286
273183
837646
322396
735223
855692
221408
997367
881342
315715
773029
787900
837447
386434
147214
512359
892528
314308
271500
885833
99052
721471
346347
200092
128691
221831
766152
908855
174410
309584
912304
889052
362858
704017
815511
960367
187856
642435
256562
304898
226017
848328
917105
782283
802871
882857
2012
321271
890444
630328
575305
502039
490497
240148
498039
346553
788364
199819
93771
288082
422013
554010
325028
271959
902315
491535
818717
743658
548095
204815
714270
593137
594524
491828
330143
403395
597098
506574
42491
678460
723326
698635
324589
762352
307175
459569
377449
150332
107608
581895
890649
430968
586477
116500
464178
885000
181916
82367
180851
70226
558521
535765
930938
961674
475429
128810
431683
404456
587476
821206
355453
524731
891578
369632
387147
815511
536850
361593
335956
42602
818187
641823
440071
373421
39119
391650
956014
108278
650672
293892
906414
706602
627378
948537
788249
565839
808879
282189
221104
207039
817579
658213
940920
273656
750837
251805
811575
693841
257846
83345
306827
345031
481305
549623
612392
328374
384023
651754
817708
327139
829405
8770
651937
681526
147549
251870
891662
912517
307246
170435
248698
858187
749985
338014
895422
739063
863329
140133
754310
504673
570246
160604
119396
905111
219510
636596
936080
158422
708920
262989
283200
933268
198167
805404
678112
661562
577007
209640
1327
819504
37207
297711
931254
257808
39018
963877
123109
325052
984180
898524
215883
40075
192182
122815
452913
109342
587862
582520
589844
309777
704231
106930
60478
655437
589520
913336
580160
34171
433883
445052
784270
787155
44700
575476
45175
45330
918652
210271
381887
867530
653409
890918
328218
186963
423420
690973
720967
368927
31854
136040
384711
54380
751831
556730
245754
314578
91133
719033
440148
341948
602070
629310
73728
680755
404851
77112
178577
822038
522249
216688
661153
803686
971932
899111
680072
369982
577801
810779
242747
852511
772017
110056
118142
226025
431038
789452
120007
392167
872467
400387
306609
6081
551444
598481
547865
432724
634895
840350
844569
32671
752069
975931
607135
443924
852441
589251
579049
958287
946516
386780
828511
338594
406099
590173
336332
584782
347150
685770
602426
892111
200645
209722
96106
433679
705096
722137
464685
898938
244643
688266
971746
215409
342245
795172
763469
22680
199564
915998
253648
959818
197519
655557
553800
798636
36040
352745
599366
937055
991675
804184
586216
81359
216903
434562
273044
799848
15528
265596
652816
153129
970086
359712
219393
329360
693533
284177
630462
982517
335978
173468
704465
424755
273071
488825
45962
485377
399940
365170
121855
171358
408762
236955
447651
105771
934925
457855
467777
246354
975269
971227
787414
804580
660873
298563
506377
581249
450593
416291
768520
873584
455910
885729
397312
423887
756136
721117
475768
333604
692347
691994
301963
115153
860607
442422
437504
386598
163275
495957
938376
369489
385526
149724
693011
466480
47169
497689
979215
682439
79972
116608
203902
617165
324595
893137
23730
768865
153133
891029
414184
866138
840482
868806
822143
889148
815422
893646
147603
375878
839029
887016
421626
542760
42893
441379
127707
18641
898755
518085
579366
670567
928987
857484
264179
384592
488775
278224
652475
536301
743667
39748
525037
961319
887019
714651
23790
402785
483434
703431
55984
706893
96192
606172
729582
397978
733151
152723
430785
668043
645250
399211
696866
677859
834361
362987
297789
676733
249494
971074
562862
523064
412014
374094
155546
994895
508684
128571
239148
27078
93688
196484
16363
89088
581791
396565
898869
886446
143135
197777
749787
836450
584817
326255
259672
780417
309876
386111
757870
731415
80530
743307
370975
636229
751249
634008
115589
908821
928824
259276
175118
375918
202523
392553
760792
630755
441350
578103
601893
916773
14274
163713
614651
198681
743302
704949
40155
212420
218366
849647
301019
33315
972656
783439
739618
312344
508881
128326
452928
203518
645667
240688
509032
584861
390025
822236
510155
4281
264617
341223
365521
892933
246908
46533
574966
162421
452661
58721
397311
243057
88139
772381
635864
602725
510949
693554
61004
191477
76193
89467
933536
307982
489153
784269
150796
960024
373683
868222
16087
777543
569852
914631
280590
574225
828032
365892
733344
982330
776048
653528
105305
385675
266576
75309
288441
968545
492388
198169
174129
951393
351798
212764
485177
422409
428039
239110
266065
993634
444624
20981
710738
463953
699315
119932
518895
737357
513603
244256
211086
282988
808813
592188
232189
720598
332609
493316
960786
403802
341921
110886
956772
847455
779716
932940
797023
575154
320039
639614
220488
716991
968210
980005
255246
444315
351427
800234
177481
62334
530489
250749
673490
183438
989662
87346
39550
197334
346385
14021
446583
296341
388944
529598
599353
412659
532735
434288
947942
381135
281431
188251
128391
969139
207214
185841
745120
123689
975070
701046
61231
49383
516629
562176
172992
928677
418553
203934
63152
370576
390518
422101
303548
880150
622117
903942
589893
379746
582874
397995
739874
367394
646858
176832
609954
486595
529495
426622
347037
188990
833274
643394
727349
479820
768268
183053
150062
606389
923121
296612
534631
213702
784993
723608
82869
454689
722836
684128
511643
698030
335370
483170
380007
549168
483188
375569
87403
490546
618114
581039
978071
356320
929034
665588
82608
875249
987026
188487
137455
788866
811706
367657
49592
882431
757193
839281
766325
579322
995282
489201
68175
419486
633410
28664
64265
89468
111817
311601
551353
898884
547
566633
63523
833489
502402
457198
595315
147867
752282
222290
138583
809232
374920
185231
707575
490556
236512
694212
858578
821156
287698
242206
757622
32371
810039
37650
327835
627404
283134
146118
669917
780990
547630
522639
722709
723221
520535
376149
609107
700045
395289
985235
905465
413794
426640
838459
785847
901251
587739
380279
7262
249060
97671
341129
421539
180467
692573
284883
231603
788130
908485
310131
302573
757475
389718
1926
484289
723314
706299
561806
820515
682316
147651
364078
596459
244925
757060
954770
466828
497751
985389
845739
474478
644606
250407
927576
410219
444321
72424
772128
446435
779779
797140
771548
102077
159031
188111
11954
174842
185706
527140
761979
792951
151578
305995
230598
948031
405733
592474
870390
197450
904188
726795
239366
37975
8246
342758
929581
655329
926337
160139
338973
107969
270131
16158
126309
841247
810110
405455
581174
591702
988866
206148
223234
216228
518525
540198
685184
22538
567838
836293
44876
4038
816631
153449
134572
227371
102544
113078
463790
679130
316119
505850
589101
536543
768501
837015
190002
311466
244669
865992
592694
381736
769086
177041
811462
620733
829880
766855
617599
143008
95531
963961
945145
922772
235210
60154
440768
22783
970511
707660
913661
289000
923176
904939
390196
211282
287375
625267
511655
76847
906487
863854
757847
867907
30498
790270
646698
320791
307152
100900
228648
567445
647633
215466
977311
934727
257404
196083
711079
404839
392888
709469
785280
12322
124471
834512
852823
772846
25603
29542
453416
218372
3568
77559
242557
401916
548593
103295
33620
427141
236551
986926
705502
931901
959252
794573
149668
16499
305102
737288
719044
818038
771471
226972
853658
733018
713928
678878
784826
116807
913110
499109
512537
933693
510637
516181
917259
279080
70705
601865
357222
506843
148131
826908
988742
302252
970424
431060
587243
146349
880134
851116
817212
67266
631255
777981
53934
715620
248544
682056
526592
999345
529996
486306
823710
61485
760305
140924
455845
48473
538916
136270
241478
795950
346088
303968
176708
962038
618305
531445
842903
7688
884391
748436
81075
996830
352406
488308
695778
53012
780098
140227
39822
897087
436200
722835
871003
174056
600576
263650
861937
548836
897358
559684
869399
125009
695576
817007
537914
488879
525298
143651
641806
549976
821237
893172
234892
733469
651854
765301
742809
345087
550770
772163
566471
764807
555439
82795
961908
914627
435358
973625
909584
307037
487349
163230
271741
331929
277049
284349
546319
436138
932496
412050
193458
345074
528820
503423
460971
162837
745668
867957
193207
55800
74357
427707
737423
465500
93605
356062
263821
353809
438864
243125
978600
433368
92315
845840
940635
969433
231694
934333
688165
237757
881887
977270
264169
735593
539945
889770
892725
420888
195644
755686
845471
101140
279501
294368
734988
810897
871182
353696
700746
754278
398297
871948
353373
239145
988806
113550
960919
885413
154267
334116
709920
947258
225635
800963
39126
778706
163159
52457
958477
716859
632889
350014
165367
795366
907712
605478
774303
627195
92014
825574
928784
321943
697725
267376
465362
671267
647287
650060
884628
163282
480805
790949
506981
970999
367775
750
359324
498304
902979
632111
539864
556691
420353
820208
668834
413699
522450
362816
351151
431215
297160
160994
73729
267191
413889
710229
435564
821916
988085
945663
639542
627
972783
573429
296856
184646
283929
495657
748129
481671
634031
955825
333818
428850
872214
471152
177156
15166
289349
913635
547037
164479
114849
417866
194626
401691
4135
103537
175119
516838
319811
333913
631841
300701
843325
86984
589724
240124
887891
243498
779976
719100
787297
149347
159958
276141
830461
818674
366081
561771
851167
91203
845968
603136
482941
716625
829559
110678
655349
912949
818589
946071
669412
570320
948217
849379
267284
771218
574294
961453
127186
837796
336821
238963
682716
762872
406161
946264
314681
816170
507325
781471
522915
373267
394026
211334
151136
930027
881861
762685
774063
269656
682685
595265
507293
465943
784802
106842
631479
402438
366441
578221
811033
16779
977804
632894
259429
430245
870478
526470
78096
556109
471324
131245
450902
858760
221583
186789
302862
574156
621262
527459
523095
297740
394129
546489
733234
964898
426496
68372
201514
314264
542329
146064
847150
244500
7345
278323
239807
590813
355698
591565
73284
351758
85890
249258
771835
393238
39140
47921
260682
773288
476408
180380
597491
22278
320957
465172
508326
760422
904055
870696
979697
794494
665132
59498
629203
589553
427528
967462
985454
179285
594848
721536
602138
195680
141651
310889
605014
61616
381324
282365
958553
295156
844197
282365
916167
952826
558502
407460
511231
871189
201579
820263
979537
47210
998115
464334
734989
159576
105269
717290
74422
960001
863933
645106
597526
598457
753395
37374
11883
633419
840876
700575
530303
561954
854011
797209
749077
862107
55280
346430
458687
337956
337984
297896
724045
782097
727685
729746
4191
349691
987292
502355
733916
763797
638188
554809
203643
255117
433606
542910
468543
669658
781608
654569
17791
313512
599708
633476
178339
240094
620606
486006
501291
233288
286298
438204
644265
401702
954547
721800
214287
744848
850017
684918
347043
467396
673938
466215
618895
189902
423792
703548
691156
804242
428771
59889
227999
344313
261102
107475
831348
328822
228724
940895
916231
889716
734237
267129
185257
266846
64020
136646
201439
188938
679016
367910
913167
195523
748434
879505
459476
728753
352470
142541
908912
268775
601922
864457
291553
310921
725907
912538
176780
414360
949943
975311
224342
990044
944238
196018
845010
43629
446218
798686
226708
56861
550677
412536
549604
461765
439761
903435
98063
335659
569178
443140
555287
755405
243432
189830
435594
482445
650225
394923
543536
215864
145579
320281
571422
228916
709487
359356
339047
226694
144441
887589
943858
824190
725196
895039
914215
917696
368498
747049
490499
858479
837857
690421
988620
810487
622201
952061
680094
273975
19498
303324
88099
466378
577331
886224
501153
418289
409413
243626
828781
678686
722630
613935
4925
94495
110961
744463
283803
524389
61210
157439
395830
638641
189903
691509
532883
115354
882075
154944
461088
657661
17188
524865
66601
656129
623860
619530
541347
196869
422804
872401
726502
345961
93716
921808
522104
604150
554728
270525
873540
946667
373805
94433
149738
30309
103881
910359
31408
396009
101935
277348
210070
742289
524738
163885
88006
902162
601105
852505
632746
118054
346049
151748
433304
990490
214216
476508
683753
168438
437781
905180
975719
755268
824142
63907
864036
267071
492081
211760
753511
605466
896732
653052
762178
877673
445607
123572
122943
529520
836975
601106
887481
923591
183470
190103
882566
581670
92550
391783
390226
507027
130589
932417
757767
949861
680737
557209
81448
221747
817516
770835
395837
316766
915715
977374
687849
927544
562489
30379
493655
844176
464241
970505
288211
64924
859136
491039
852853
253377
81841
660421
298551
141569
269794
235519
879592
610113
411659
665558
889146
546422
115871
373525
756725
839596
430667
2525
518670
903731
702235
661285
70546
872230
124412
573842
69757
508377
217116
924271
602727
437278
748077
128137
599518
590900
246537
130666
351951
129229
242352
316912
69341
705595
696940
653641
217876
63926
723222
614476
994807
416012
630193
262903
613365
585189
716851
895297
557754
886130
761444
216732
856738
430578
859232
530569
138185
154721
778742
250711
50622
412029
818931
171449
159574
873205
136569
466179
702812
27249
725704
647617
944998
450552
539679
308020
188163
960706
509819
764458
787920
120347
949950
91065
531562
270833
884331
295575
135997
929466
14862
31641
635131
590084
816889
204934
419241
239130
497128
680856
540755
659792
846598
244430
417056
447660
819913
176688
696192
980337
67832
324065
65985
171081
744140
989594
362369
45198
777012
474057
485246
59829
688883
634757
90570
864919
655269
336236
451098
81438
903903
850267
872701
900488
16819
822153
440937
257179
517202
791104
576688
11814
286221
461881
177426
257327
614836
511124
720301
892286
621855
566897
514320
673413
453963
504238
543149
868266
254363
808125
81836
993395
284608
108960
283036
343757
600500
969988
329732
778745
943776
560567
72536
161044
725662
415816
185031
489281
967384
302394
362865
569268
179663
218788
292598
887518
620152
7592
862378
954160
800769
677646
766821
581902
432113
332668
620534
740691
297645
731284
809463
643194
594326
509162
702523
8623
374032
163296
843556
686323
277342
727777
924498
613478
295529
586166
955190
760692
234272
515272
504260
655263
555960
379891
646343
548
746645
979394
12174
678221
42113
652749
137732
415314
595736
484588
231069
217965
839047
82007
536813
442681
940073
509980
758291
69254
42320
441211
600018
603835
916709
177633
43007
620072
868455
81215
733590
954088
432015
707015
582696
47279
440532
636867
83888
870454
628042
647826
942659
142400
33638
943935
897253
25991
634588
148991
485176
5512
923177
884551
204751
817832
524013
108360
525536
67202
386096
556808
368600
890382
691461
221790
268873
74479
43019
241226
250878
21400
666000
593006
315632
722140
612241
533613
882577
941778
884957
762975
25093
787873
711320
924846
985264
188846
764634
748880
30826
884063
700855
275937
483791
892682
410202
387036
921268
273599
769290
166582
454836
343022
322703
584599
517032
445623
546989
279541
665653
298125
815823
223759
786558
788677
381567
568963
421114
997569
960594
639245
986657
530035
808225
109661
390209
530448
1137
530004
82477
509651
682932
257242
831892
492459
79209
653726
911279
51651
873054
346283
850644
967083
876566
263332
272808
498728
613765
877148
722546
749653
795000
468116
240266
329331
123025
697170
957104
24981
508336
74330
340280
819233
855662
657484
970019
227075
920003
131929
226378
361332
155655
321507
502452
350050
955797
842225
911750
847997
486028
463372
833690
171038
754543
398392
886376
404819
120492
950930
893984
955339
37178
756227
4442
376155
645147
382174
931621
687147
534337
76764
799356
752704
28109
363697
600471
652454
366386
939850
753437
960761
739896
862566
975414
857168
976093
671950
300095
485191
533782
704114
876951
599208
860531
264354
423830
893237
415648
756006
588574
974421
341639
265658
61001
765145
484243
912105
756610
115241
220816
704836
456751
766863
71790
88319
273420
572640
919077
653545
476243
516610
431474
529543
195735
879455
818879
496139
914609
973157
868448
136118
44241
95414
566458
819975
485366
542707
339966
890078
841272
788384
709779
961906
594562
465652
159890
861228
762462
851904
343850
441246
573545
500537
564068
668195
343141
43748
625410
623315
524973
411805
782400
470627
204419
167875
202876
175320
294917
694659
769329
503334
840895
810240
189343
562409
248090
231580
717319
576767
639345
184998
599506
530496
732548
652384
557777
645595
125189
335403
105311
290254
763792
32465
168035
238657
17016
442927
995762
34880
695868
478589
173265
917139
205209
647164
851224
673148
501497
968699
731698
427469
342985
471621
250368
626467
131112
335402
828253
997763
648251
429992
118012
235983
329309
505207
577070
611812
409716
237550
246081
152659
836447
596949
508354
561147
909707
453448
38114
810752
62181
725060
632886
846378
236074
609297
593688
313820
764570
282700
407019
135982
859594
379536
831868
434538
154585
533569
178309
611616
281914
68276
247499
230566
713584
701694
13671
509360
491481
711640
109409
363400
395745
541548
326967
555753
408151
349886
868862
940158
12508
143546
357024
935602
964920
773398
132739
691699
485702
157283
505291
455689
776400
146166
998005
932813
482421
446957
397668
677063
218503
738464
180921
923496
52081
156838
609371
806240
367701
773825
390550
520413
930228
736039
231711
365538
497415
21229
483126
825471
342122
422290
617508
867186
572600
720166
26468
759450
34354
831574
390430
805460
846744
758548
153358
427829
793562
597735
346115
999266
306600
483660
53188
142350
875878
689480
639565
325457
551227
238155
268023
172130
428041
552322
671733
507569
426871
265402
494202
324643
592361
605996
272312
714219
543441
909161
778308
304898
626911
429411
132310
754626
966164
513429
981420
458405
633332
793104
172301
170837
248218
219300
787563
225071
524005
200359
103138
601561
865168
807269
411485
657596
25824
485412
735255
243616
234678
878162
980287
364323
604484
669005
169717
975766
428380
408271
231794
809460
616036
120052
183812
216768
81702
180074
540150
246394
715076
907316
183822
972861
475593
352090
710831
293752
117210
747377
818591
177159
249931
342147
118179
78957
300302
711962
170631
811184
25094
536238
607674
173329
115641
537576
252885
642215
715492
4050
315900
749655
648297
902238
125725
722994
869668
871824
304406
905003
777179
864584
46707
657587
841875
750384
182613
256243
382527
405374
931758
678950
656020
439526
9064
941392
788216
443424
496677
307614
692632
642129
933409
151579
659417
44313
659060
131597
374310
748152
30900
850986
433576
940381
222968
616058
35860
130957
801911
69578
180829
748524
934414
154634
839179
712235
862944
585348
479588
724943
698776
325753
246598
699162
401290
811290
928918
459224
573367
905504
745363
32263
201007
524104
532356
630372
425489
309167
321936
955278
667630
962565
833836
60569
680140
791537
555694
623218
670278
374145
288257
140586
222608
807628
505841
622817
239385
976871
409190
480848
701385
198336
677230
451442
901546
360922
696051
866768
142819
738341
676556
959400
899486
880569
562286
455289
987211
582319
310659
363566
600830
242652
320275
375076
190388
198059
120927
916378
544883
446486
879117
319988
512719
626049
785021
813100
447240
549171
896057
650581
62417
275185
975883
507341
182700
891513
326057
233919
473520
673048
537420
137298
655597
96040
714399
451570
447398
237226
932178
248121
414332
522364
769805
842233
535852
373111
29954
188329
74799
786663
413275
646569
97152
71079
607955
427571
426490
166681
803105
970592
196575
620544
832398
262228
426101
782266
908263
882888
406282
642781
543567
388402
561497
32172
85036
170963
906309
458165
421057
329373
784642
415691
296220
166142
31891
738140
189030
358797
227693
383470
137816
613968
250939
647418
337101
630376
872251
16613
240242
147033
611270
385175
969817
461562
676652
839482
576493
562997
775869
959505
741888
677308
6693
92978
993024
214665
760943
330786
831625
150671
241066
390027
527636
412290
137257
276892
434316
662208
795171
392573
628801
418139
84283
167214
91638
770820
177947
323515
46420
331413
233465
367326
651650
792954
283004
187953
579020
246845
923575
49614
418624
224749
936467
775493
160856
43947
154124
998009
853137
267601
746834
475607
685658
588991
5455
431412
700520
290819
540680
864322
839654
655460
316061
157423
66058
476108
839850
814683
641859
51919
966864
278579
723406
408604
746382
381999
312808
767679
816264
343332
891934
588048
151018
950534
873728
647100
724582
669694
998836
733165
18649
362660
626598
568473
334987
197338
755997
955172
176661
657540
762217
765171
24861
795431
339833
344654
149373
75101
505801
876401
655298
931634
468408
360048
377424
237343
680631
244228
976163
744544
460573
312310
172336
601780
212056
636646
841322
472049
931583
536184
577120
783361
619330
689116
355907
413565
843779
921209
13062
390564
663933
909046
752478
504824
516514
543397
445353
291445
255236
70411
941739
414383
343593
535376
945779
356487
151361
881216
874012
191177
560371
453051
571695
829093
757523
593855
628966
666312
575217
565648
36555
635799
913419
394946
719423
348104
596002
636067
360407
323292
994345
552263
130273
66621
431706
274096
779204
631536
490468
973274
494213
215734
481663
177185
289638
274053
912159
245328
120937
53470
390214
239687
321586
802251
377780
160008
992586
318839
234362
123166
917248
669737
239597
355754
491370
942366
42741
311627
721289
810819
182533
541161
438858
800972
862501
895647
442281
826036
480234
739779
410160
232145
131592
780434
559454
768915
553150
394365
543010
578777
226671
128842
168070
682863
924497
115177
862889
666920
651966
171476
93541
903189
308328
881313
93135
175135
129642
997735
32284
120966
681209
673675
366432
769846
167609
361766
444786
480323
809260
601940
932524
614850
438917
914844
389839
639747
135451
450231
749507
370030
814201
421311
121595
117305
776914
618165
163959
950659
857681
50223
694179
536400
248015
897820
637213
5410
387678
334197
639700
997424
274306
827842
556300
381573
249087
771334
233597
800504
335502
340105
239451
850308
832105
709824
569585
631235
411910
931034
90599
887628
355168
75369
826274
122341
775600
8812
626570
210535
495035
250485
448423
293997
525381
382139
591589
699320
844579
434238
823478
872803
436654
752979
30166
591037
977875
474699
439530
43912
550728
730052
672642
38733
435801
637707
870205
325786
181408
326572
675980
539034
240083
204313
9615
540431
113719
194291
420251
388654
739123
411191
521437
657366
436799
436296
297816
205679
140987
605653
124746
766620
545756
137446
467820
17564
854913
135497
349145
799874
372452
903571
450438
793039
819884
322005
297263
616681
797407
311133
724755
13370
662388
219557
772501
230760
68742
805853
355588
251116
62053
942096
210036
900113
680391
310325
407179
459083
832924
678933
955544
941362
860799
627667
461021
297049
800072
632733
122925
243407
739710
861998
672432
941362
570986
180221
935876
563882
915718
217669
672190
954249
280149
274930
529678
600829
19724
307173
565632
439920
276782
460452
77407
94461
134625
243700
785166
784684
124453
848428
146070
898522
330905
740503
79592
162968
992625
327373
841267
22660
887734
515627
757274
895182
470382
35707
416372
741487
263145
829746
476381
637434
228139
825042
417591
919691
297905
289072
847105
412187
80226
681680
837201
799670
714131
113004
279729
899267
381943
149588
281492
39362
358050
669743
456180
945621
392312
473055
142793
852597
838006
106435
776615
14341
832988
332822
932853
566915
880950
530228
772933
746587
116614
199293
144213
17686
952144
169426
934241
626735
592898
247868
462179
310342
381629
63469
961705
535854
168580
636062
167504
418657
292992
494295
325218
216147
846573
273997
303818
992547
381221
548837
571056
511086
84231
386903
159157
622206
795972
127022
504780
60960
955718
172267
244211
45652
517308
152713
235277
226077
386694
660764
784926
564599
873018
348691
803746
199208
703505
101468
665226
162671
971314
19238
901268
69657
88600
939010
515782
750067
947938
774819
815878
583258
266039
97988
749593
856622
594451
116841
880118
524645
215283
284093
546822
119099
850521
505690
892731
462279
561468
338088
279114
598953
729936
707228
115654
898336
954925
625570
55835
692088
153183
812245
124323
250272
687881
502763
905832
437978
822070
807790
325559
257419
225918
138853
3613
62834
841937
850705
278785
786358
908067
338195
759197
960087
871860
190507
181850
288071
166010
303643
822664
621906
500142
763114
306679
85048
503280
251780
429493
196635
898648
95550
248292
39571
369690
113720
611190
940639
818517
366108
657672
963383
179576
451522
88984
251517
333137
813686
328613
890129
923956
61201
993122
225027
220868
559619
789782
711523
966753
955891
88851
732533
668270
835453
521424
460865
556029
618202
381541
691974
357082
301534
475171
771983
28401
109274
142734
725405
773533
136033
991993
205635
554189
71400
555004
68049
700309
185351
795603
205096
941007
671964
758550
625901
810156
329934
433168
20569
353563
945327
280639
510700
101459
143291
500392
556545
471617
508797
516500
663613
966921
293649
483818
303201
582331
997252
53610
868095
469076
471959
34756
737546
604782
974627
237011
396678
558149
412118
433337
357598
874982
604699
402839
959636
463862
190104
300393
536979
851740
24209
574589
145248
256076
272618
542542
898927
186097
41353
920321
535122
405174
405786
426939
503436
974642
722988
470301
704964
420910
507513
665821
1365
653139
236931
310786
212546
569653
58777
449148
656391
162230
346425
995421
82762
166488
612943
442872
344368
738275
742236
452052
467277
951919
653554
237325
473587
15247
329563
924296
370795
579226
219417
996177
65026
381015
916681
733587
649018
343940
730785
670515
741218
87107
734680
696329
660864
149986
23461
667643
911466
306501
219551
921784
233588
995762
179779
239886
299203
530873
691476
494121
53184
636862
23261
792489
943081
544805
135186
332382
315137
939672
463381
748259
617512
438008
62868
290452
691141
618205
878479
589421
403679
662348
747639
209152
575115
276660
887026
165843
690240
161765
107515
882004
297542
15822
66407
815801
435021
855473
105986
889592
933274
307557
823384
788320
56028
436167
559119
791763
755037
458687
272561
99872
96788
345322
908744
758337
597207
974697
413282
858926
879021
743493
341109
643227
144257
868669
233499
249365
389683
704239
782846
114613
359433
493023
618191
829886
804291
195622
176687
983001
811596
938937
244465
346986
136716
138069
231223
859790
443739
861956
632056
166707
976335
542223
669156
733205
236470
569857
677022
386513
710239
318419
200872
226023
262675
722169
818653
776017
251233
665800
239831
933626
593559
962306
755440
452765
103501
178240
250790
291963
613403
532538
564312
473336
59946
598262
174893
108179
907240
109643
482580
490048
10709
522961
13477
281060
95483
116648
960935
156717
727866
258977
721003
278795
468225
842636
222229
306062
32281
965215
475002
966749
790683
714175
574885
484688
122882
880110
412148
343403
733211
714194
668576
212152
985945
620574
868890
248896
606341
746591
89296
211557
87698
904421
342094
550239
53966
914380
320770
237777
313013
905382
607256
189639
188064
821510
529796
687631
623323
383276
764574
854001
198484
819208
98598
316619
531246
910253
949801
831182
159605
312467
112445
386511
792364
369160
208870
817227
850563
79733
893659
934714
785573
850377
288482
54414
50093
394756
238040
159816
541432
301218
888845
231415
694165
753378
950220
314447
575449
357105
934328
960994
662992
583224
151761
19517
760654
907327
753110
379426
592483
289340
546565
137693
262636
722940
196478
517957
152326
812717
337925
791953
70494
461190
238374
888212
177188
742675
260019
499862
532830
351520
989289
114449
204249
528769
401201
538373
239098
692477
887810
737144
132338
378261
446499
578318
993232
37620
532110
380672
880368
989300
853425
89532
69713
864906
474766
629145
713861
755280
508673
481461
181057
685038
282914
398830
877204
339556
462720
298297
534069
160245
306574
195234
47284
900915
743642
732704
227027
992740
830456
725012
852846
795342
842237
354334
380245
559524
835879
399772
551866
52877
700506
852160
543493
517453
78917
159053
316998
878866
127971
415470
150978
552221
512414
678963
710190
739531
645966
297513
882810
489920
805982
579732
124484
431215
230223
798219
451949
966279
646359
830513
240521
517181
581217
99531
615792
593330
670136
204035
842929
636674
217278
854712
860390
402857
539798
85440
247267
293329
797282
548347
350408
372028
875494
525909
482166
8394
606731
716567
55390
768360
268416
252587
181365
395413
284667
589546
194948
547858
507997
322467
892251
730662
799476
898667
105830
678539
857050
108636
764247
957560
111866
707884
782339
843404
296883
208554
157577
663572
788053
44950
500780
576569
842248
280478
161602
173833
666891
725297
650758
364000
753306
967554
94280
212594
501737
871131
371204
441464
92814
887387
73487
85173
461563
7054
100653
657572
51048
561063
861760
881728
825423
393692
974875
605167
368593
931678
30453
353868
3766
211828
87161
886288
892050
361971
922874
134428
716611
758236
471684
649317
197590
126994
205966
787388
499337
43382
493515
199801
627051
131489
523679
220932
813856
498365
319407
387135
613633
280256
162129
905363
441312
44999
995043
67670
256168
993803
767223
690838
833635
181890
673388
930693
174614
690964
326104
700544
491911
799672
594273
624573
746655
507179
30571
893265
80106
762637
313003
237980
774266
262168
610778
171474
293292
573757
523846
305702
740162
376093
450178
252309
400879
656608
769214
463628
598642
502838
13233
173622
99546
188776
601202
436966
475751
841242
57831
165726
655121
569887
139924
373434
129250
883577
601109
868924
542398
253740
433959
380981
291843
419389
615840
23692
441867
649548
565247
960686
769486
81675
462238
356626
66789
997082
726916
612583
628009
575489
318935
617245
321850
752585
166062
292045
836252
97271
645573
23558
254139
990630
798730
33973
213391
649664
662804
978864
440794
120152
741555
691743
137102
707751
469090
160583
762253
550306
523033
743156
202568
618036
748287
346499
718600
797725
934461
680842
165707
696551
611694
66660
194310
240256
969010
758556
138442
686393
964898
486261
163009
215834
156253
64275
812375
869087
335553
151114
243829
196244
370998
688002
81256
848200
162596
290563
50464
275441
82565
331171
11413
262748
736084
931977
293764
116686
640164
70429
852184
820733
702990
628750
176483
930916
974915
790399
963915
272775
205952
928079
689282
895363
626143
153027
727149
10640
633161
657875
470758
970967
348169
348686
805213
646570
719420
84586
316761
257060
279717
57644
369244
501023
467933
861552
528677
19723
824999
95062
653391
104433
610529
758921
705111
406341
215319
390061
142651
453153
853042
570148
488765
141668
78862
406205
610311
535782
800809
779387
507432
759830
657462
955069
691068
918387
892818
782735
804266
807523
226574
543692
204040
983283
637098
828909
131609
350508
502243
823731
861622
770062
986212
73325
112906
673644
183000
486950
684086
40356
233247
669679
825366
330680
638110
902852
468251
466958
219889
176350
240151
739264
15356
910997
942296
1825
211167
712367
791595
420301
122759
216905
201026
740204
740513
939232
922096
232579
845802
376316
801296
847606
451043
579963
610246
534558
658144
859638
211549
820547
282302
749906
286736
440630
205556
87461
890852
42894
389891
846338
473714
532029
375239
796387
997571
686862
824496
32498
905236
797821
490762
323892
948664
976562
23863
243282
966429
673628
530623
52614
87718
334886
904190
177182
128376
386073
34363
576048
932945
730382
58841
937819
604690
991822
358887
531637
120221
681352
144402
206550
294297
739758
22522
35776
714450
455148
270049
137386
576574
385797
287040
647719
133210
615372
231924
220920
748211
562813
773270
608363
509825
42870
413672
726253
123438
834837
52714
628467
82164
135855
385037
830273
100131
280425
347775
575510
729282
727415
754661
769076
522638
352815
896167
54799
954590
410377
65444
742610
886758
421685
557510
752904
76890
626329
295537
228653
880618
916006
109717
888338
748780
239894
781731
7271
641880
530116
693981
791528
703852
434535
381381
606439
797552
81772
85367
256690
141140
186416
120787
341216
577589
176791
433298
110077
707454
286092
89402
241871
887211
788501
591724
766277
177769
720657
923355
745915
877210
292753
238807
685932
419764
925841
885511
942901
726153
443346
489846
904066
935265
479829
547396
199127
158531
359285
619388
130109
4243
177890
698118
40071
121237
431862
1203
679936
235151
94133
33846
789298
529933
578086
890226
597205
578878
143624
437166
892819
11388
865203
871654
401524
549673
413965
187323
236907
631028
850789
757514
919612
125819
112751
693849
133128
85387
604316
122926
49975
147202
109269
448314
108544
698326
817237
991795
36824
827822
172577
129215
835252
271534
504164
281100
341181
553040
541931
991100
409872
691246
589177
507966
171054
506268
528264
610680
252935
890097
626525
842464
656990
344615
232006
534954
408856
711768
719667
276699
241703
255464
842863
26365
956558
169986
269753
608043
763984
157178
952963
561036
797113
76626
753990
617692
129928
304280
868032
251046
498743
669293
756811
611022
762473
889760
355035
746122
266223
919032
546068
1713
413239
680017
899718
713452
339282
552413
375558
722761
317601
990924
959082
498350
865051
67846
173280
366250
668476
643605
202347
747815
645005
619680
30524
403452
866445
32658
449321
213343
891321
273946
761036
977080
123133
696523
30459
339472
502711
143779
62111
490344
921892
102568
692531
263270
458025
273518
661019
386154
397120
837622
35038
189247
608253
143793
272642
486126
876284
899106
539459
340652
876905
852705
748847
325363
954860
128443
301409
95406
587823
801783
462040
792909
69325
220083
381619
969785
61528
570285
543243
893793
817031
536095
318829
319731
494715
198337
312882
449063
395884
921970
104445
105397
801332
652209
941713
521767
795576
272325
288716
834952
477551
297469
669444
523452
312848
658130
857469
46185
210716
456488
729220
425555
608517
921459
526059
450566
486842
360759
602976
178732
426000
692071
285932
259262
70286
738287
880326
745175
363669
448461
4625
514597
594154
652250
820729
5752
290594
228135
771877
928381
236969
815938
938649
271940
476910
245528
607788
995580
212463
519348
585504
644161
603164
715750
456483
720396
229098
387519
334049
379849
419447
959096
262916
260230
17429
2098
510473
451335
454390
180696
111488
102646
127026
324192
794016
31351
970743
866673
393796
987866
436493
732511
203270
492906
431556
75665
209783
349410
29629
415428
706232
540415
597011
254504
643576
867569
443556
534504
153354
777067
465919
569287
972129
148442
138412
715878
363307
959986
504594
241890
397320
417571
235273
260634
356454
976682
569789
900174
161787
47301
451387
498274
80925
133055
599131
990274
445697
380073
784906
436257
648398
525225
67763
711706
982301
679724
690954
14647
371664
179767
870581
353935
511628
518107
977111
767113
500308
334023
561593
350399
173827
171831
444503
164863
136486
841866
882501
972331
788660
551602
224956
946688
603754
627845
269254
170931
19527
704560
432833
402167
379745
460362
823699
93340
307555
324358
432618
757393
125220
371779
588718
350474
837604
145022
626950
461820
20709
298599
156932
796933
217892
386577
12270
839977
282034
208130
556266
702904
157620
530410
965
369867
180083
179377
253920
624556
510305
244713
44087
539989
377321
438243
765839
868177
447537
575325
285372
609024
158255
177561
571148
378422
328101
630280
931604
627394
73466
807909
252308
207371
455863
891487
152137
26070
192858
889326
915792
641573
560858
323335
226546
490938
45113
307690
392272
389690
784063
989145
715692
295788
150424
826723
581713
368160
505548
369374
226657
574124
238678
652146
485305
292818
233828
785298
875906
718590
465195
193606
744791
640362
101923
32612
638542
971044
817446
776670
745701
977448
737121
495284
998155
196135
927348
471178
475848
265001
655084
902676
650889
50510
244698
757741
371084
680944
384336
982216
9060
812708
218935
483965
698474
531744
384976
337605
255680
284918
776709
753473
865411
587518
838699
705908
948620
863186
541591
985490
642787
482355
46234
885680
2690
599754
207066
177498
704449
356040
688398
178819
799138
850030
165461
183191
733435
401897
954676
225261
381180
521749
130666
510296
812124
806562
119218
557725
602405
489812
828629
493118
466328
655844
693097
261685
174142
889092
88682
506620
932364
455808
586546
438729
485874
666496
9240
332952
758016
515178
32355
505632
655413
888804
375722
493991
15462
11831
872969
742513
939784
81103
545217
763668
580378
293086
238829
303143
331313
861089
423005
40729
85665
972475
919441
630045
798981
87485
78164
621443
786220
882823
111474
561506
355296
279496
953559
234098
65300
918048
780101
234102
45929
362279
956401
469910
33117
827591
955707
86794
510033
252036
728585
327219
476533
162652
706623
346500
441170
330
946396
239837
969267
270180
572276
468152
176305
46756
986373
809468
976282
416515
323193
842927
963453
647489
933112
497353
428629
818562
733414
46307
826832
408594
193216
106510
968954
283849
959950
178048
101963
520266
765766
211242
442825
155365
671933
897957
886107
363804
538186
59338
59756
931907
207545
768928
110200
993089
400297
826160
107958
751027
764675
376949
719842
340719
689687
908272
884134
7013
789909
948824
907684
533794
491556
646573
470115
544686
37538
525997
526227
339286
856633
91360
203454
587652
494298
410958
324238
860874
877401
432913
529653
818365
506533
648581
674044
621886
355490
390363
60652
672084
259173
435341
820499
753717
398603
342124
400691
968420
985526
220501
707341
752499
140838
246658
725893
856298
220912
461948
23154
353216
369373
633902
918660
370566
535201
237973
623634
9251
922357
816404
512
317690
45396
372196
506313
106255
271337
539567
104425
442062
119775
779644
961242
871524
780083
703923
887641
799885
325998
343384
121672
317319
644492
532953
926641
676554
838635
158872
41923
511652
955935
202646
873979
687733
166946
798909
497438
533893
549097
603082
196578
9981
141202
933333
978797
85449
481144
260542
1717
355783
370281
41014
396550
350636
965551
616743
238306
833972
920779
991809
162946
343107
861568
65954
711355
224349
222603
953057
686332
241407
773872
830392
650100
283864
245871
76043
272592
277479
108246
5721
343202
356850
982512
470718
559133
229600
404187
167650
885117
837108
817847
840962
852099
262246
748602
463449
417758
995423
2017
42922
959013
569425
776961
67245
709121
828018
233404
418388
666600
763347
665486
790328
86212
668577
914183
933733
867570
458614
150483
226942
84389
308125
566965
927695
962283
213857
751634
984046
350088
673616
765290
214860
843966
550033
651489
989021
572782
271775
743355
123874
416344
990177
943719
129423
865919
450920
396658
12766
758120
704388
808668
532784
418112
646979
55816
342491
452253
148615
718220
198292
963229
107203
401897
438330
239467
329810
482836
328765
979104
198516
237747
150569
2117
569317
584035
36755
309623
895708
222902
177822
267364
270301
451578
663850
225585
34171
858036
768219
643070
777646
814124
140801
331457
841612
681122
823785
422095
618088
162590
662719
612921
570244
870053
738910
62099
60723
241992
881462
696528
389456
471254
150041
95177
473812
825777
127714
109276
421720
375038
811650
165233
178472
394550
882024
545560
871872
917338
791501
468814
843750
773123
462489
210527
429539
139095
705717
494629
94111
372375
270446
782382
967320
96726
765378
239612
531007
932805
906891
361125
737839
633641
822789
364123
928779
908973
800382
753286
687922
988179
741977
187277
853602
382726
344958
808500
751526
429388
122722
249440
176253
49303
436590
752821
192457
360570
661711
723488
278768
277433
335193
149232
949011
939193
871512
167199
26153
784534
878325
591855
518135
480148
806210
943344
90350
182445
268706
271006
507809
81672
448472
738983
835041
439563
136298
825225
424631
545607
204145
474650
633021
492050
144320
690401
335769
217202
499439
736546
721175
277621
215107
263800
382050
56286
901307
676698
541087
33466
575354
928576
815014
571920
561100
971422
998750
311286
471126
946575
768948
993472
848223
748877
590264
144404
709941
437789
756692
112345
407101
321544
267305
689550
596187
455811
726856
983991
447737
584752
550921
3377
134008
495357
844364
285927
244465
885482
646666
712221
382247
172521
191830
943978
421195
771870
645046
954178
402602
999686
446232
841393
236471
60403
100467
295716
828401
482677
487547
819490
842864
609109
988864
665816
624978
195963
913956
82257
26108
210735
793015
101572
487247
207868
251697
663687
546857
342129
750731
676578
268949
8001
349818
254462
400074
353673
344509
968249
208818
312594
801507
145172
172078
180760
970737
344826
425501
178564
705490
886817
660560
127802
265903
491652
497453
800664
474717
151983
685609
565387
812982
301417
587058
639949
715589
370429
981359
284991
64027
995815
227615
435294
499710
547480
68574
259877
812673
987174
429894
83904
85935
583635
748658
572712
139553
655353
543838
497183
392879
149007
754922
920842
570371
972826
451965
89702
191625
737650
691462
105960
993282
800047
334686
4981
8824
413681
157130
768187
235020
239177
323164
451114
71403
99208
160248
428499
343711
637537
840820
806043
378626
69501
845721
995099
647821
908508
992839
208984
127758
391331
534580
723354
902968
93318
226261
900395
11988
751634
238997
675310
365014
641175
92290
260313
463690
769969
975751
502864
277165
494643
386580
678495
99224
4719
108570
60756
271767
790627
570354
721847
400537
19651
931549
397735
236927
120990
909734
2899
775319
249584
703652
131793
304866
811077
135260
64350
938065
122437
965507
829811
762191
24096
943456
268800
721976
882454
828944
198408
25639
400035
699043
257496
351852
552454
543204
700901
234397
398381
51895
49985
626179
101567
846042
672762
982517
931909
106829
683407
849219
773878
991694
755024
340233
326493
328318
429009
349475
632745
700831
4298
895551
955729
540031
29518
187853
36450
202670
455526
416340
210022
424874
850506
813598
43507
81052
188603
795028
604109
846523
464384
952932
106489
291983
776250
606366
615455
900496
560294
420510
689882
319405
99439
241188
10080
183400
565294
975168
318345
371358
104511
203496
972798
126245
178305
401452
145599
84430
182505
760640
59088
647049
239363
334328
489601
125096
167943
742611
762265
727484
856980
269358
350558
601883
763788
335577
190724
854467
38091
67463
532464
605785
800900
218655
655719
223882
831354
929327
266327
576211
474905
561600
24962
121307
626863
29828
308099
912573
295498
959212
219007
235620
939822
167062
919273
107344
953651
928164
465521
811573
551225
547560
265482
646210
156425
916859
318294
913343
179978
204269
295473
383439
645725
383062
666135
278997
639701
626763
989811
258803
328214
716525
963909
218414
816585
488411
807982
604845
346041
860423
803227
684128
541261
263398
689164
901630
161570
769025
254592
165414
618948
860201
58751
178087
890826
806279
527875
398043
446347
40337
839108
918190
158208
854873
505055
780797
166456
328192
390306
573209
668146
606663
291830
116650
329498
134278
272106
203760
84387
355253
903064
49701
508669
433767
44150
526975
132596
14231
620155
458449
889829
562587
869483
124241
554525
54069
808193
575604
147983
341257
293625
79925
766322
514536
168951
107765
949109
279882
8535
891965
835168
978843
198546
254047
798216
953132
208137
100538
512046
404362
604593
370971
963894
696236
540444
447553
137663
135493
315616
557753
367331
999162
445734
944552
796684
454382
375313
465895
898545
256056
160712
69064
48236
706358
206370
992567
326778
716155
668973
677244
716814
160931
342683
899037
308370
522184
878922
433953
138363
628429
405486
481583
337351
5207
559390
281236
704278
488412
987575
698275
72482
211475
100145
867958
793117
895691
264060
560467
905062
843160
963542
306859
625255
685416
808748
728316
465550
851891
505002
255189
911397
309777
393185
399545
809552
191461
371412
456541
921955
144951
592479
631116
69981
667424
629701
209259
970117
666526
437845
761110
173216
404615
223991
785704
753740
921115
331480
327642
770237
200818
591216
303299
651857
458964
38508
551229
367953
541479
868733
361000
161606
196163
89405
495816
294646
538594
371833
249610
237178
858803
323231
528932
140605
356109
303429
774425
667219
633921
520339
924892
451763
292040
242511
117644
513619
86235
13123
24798
575710
211362
687245
965145
72277
426372
81411
164538
301183
38621
186752
190199
817358
966285
807568
326497
502096
15533
468596
809506
513102
38237
716754
692454
886021
217401
777084
255639
413950
359786
939291
455936
187404
225560
46648
934547
441570
969277
949414
400901
32078
663125
591312
743255
59606
525426
176667
286448
152558
863916
976183
277414
616530
379061
64775
694812
59462
743306
878827
659653
76776
973573
388838
466503
110319
523855
858097
300410
296642
635764
129307
710991
817015
541135
305947
671310
174502
413924
536244
193015
994218
986572
150723
413322
231668
375563
590184
529379
85003
659581
748751
836797
991012
328431
937050
173399
849625
846603
818797
352691
515785
876011
653973
340283
680653
445774
736917
722815
43410
284456
806351
626649
491288
59923
476940
844210
707206
104484
866344
49565
191527
371097
611677
51232
960389
72110
111402
371732
120800
389390
326559
556066
790539
52326
251080
158317
864100
206038
586612
869454
718958
228225
318048
464570
353933
854724
611909
443969
971421
745027
270267
977327
987311
983391
123784
845717
535648
936260
526026
788194
625816
779614
119676
557610
261916
542507
771176
401865
850961
97964
882793
194529
97038
122741
81180
28094
133020
990628
411683
347355
915085
312622
309077
48894
262453
114709
200838
59326
234442
932341
296558
172261
316692
920574
482040
348144
310928
121212
720617
175027
959911
284050
201323
311961
600262
242118
654390
683977
427866
305269
394074
824997
963113
639719
405866
468204
712400
267453
296328
756159
931029
458951
222474
130561
986344
543026
108166
547991
637691
942943
26688
324175
507258
813838
275116
370972
261865
133369
686241
961727
808538
540093
215901
219138
576775
992627
501231
507999
69649
860638
583941
486717
131798
120892
700754
158810
150569
140607
435355
748292
462129
130070
972959
618881
921567
894756
763873
493262
657549
558994
542227
190340
161840
542592
70049
322199
657210
837270
434327
869561
123855
854457
975471
623772
420577
492378
407035
704340
937194
161768
250219
493082
562309
315301
883196
307693
526378
502102
959102
410322
688708
254612
53823
134653
71985
850688
678745
717960
101525
175572
106901
608352
731867
35860
141179
965503
724362
239139
257144
909843
750015
618289
245994
316926
885325
691090
877386
881783
373101
579434
100854
918797
475236
465477
602
183820
559536
146371
75834
696376
358318
776048
524959
498166
748875
379890
431004
380426
461412
439387
5308
67579
776381
884895
207051
488723
414043
176991
23485
795203
29439
192547
662462
248547
321727
36391
550870
23062
502210
902156
17976
483852
750231
262447
688809
281313
367730
588375
151048
203234
150021
878152
318974
74928
916728
333684
922178
778366
318980
544913
397769
458421
999729
724806
763337
987126
924074
378623
49833
308479
381242
118816
315655
694311
50661
547541
229925
488131
346661
188040
289968
352299
677632
703980
392175
149463
106818
355895
496133
347810
169820
113260
155362
508593
198937
960662
549772
564141
649465
990224
700870
406891
578796
772289
629594
513965
154540
870246
830792
77122
743287
289608
182411
969160
514280
797388
970116
578066
865713
120361
422662
312164
530168
915316
58429
32987
411403
374039
122043
292010
507712
951456
77985
40639
746221
515381
252390
8771
708928
465318
136839
95361
53373
520795
40587
361438
455571
50732
494066
758278
883609
621199
670265
745320
95594
985580
269261
971031
384985
625037
494922
901201
745043
777393
629486
611869
494416
474176
355550
427213
386741
418136
804181
323043
241418
456773
873829
565840
375379
556048
108395
142871
868109
658414
914964
519121
149510
538585
411717
436809
459033
875965
137196
729991
63814
827400
914721
399082
704106
815588
738104
913198
381919
217473
908645
258446
208690
773579
472524
51075
540797
540795
402405
123818
750497
976906
334857
70723
176802
396479
668635
834646
664223
315689
995541
826928
595500
202601
930158
302347
838094
893287
524261
246987
704338
264421
784941
701477
734858
29808
67445
655322
936805
629810
883475
754081
313962
305701
486284
356323
278929
694626
762050
346080
519742
470616
613755
642415
852443
3992
521354
173346
579088
713804
846300
28936
343330
340936
547233
644939
791653
942328
86164
147258
22367
84089
668649
310690
698171
719109
938003
412949
583271
286918
453039
144524
687882
109515
703632
345576
498277
176664
982375
530580
182085
464663
509199
923975
296354
452781
458099
731686
813784
519208
781085
439878
208831
685908
554715
924559
129577
734573
208976
492156
617463
592622
342612
530366
456792
163912
360265
599425
97120
714670
322875
924806
152321
297293
542387
283503
851816
533977
207833
52185
890934
39491
209283
558691
89881
182535
724958
855374
240647
797857
627703
285437
259735
77535
839399
859163
466171
693266
179929
314139
165086
451998
526393
689626
23318
270065
445819
828002
351494
623760
878597
540680
884307
857485
182074
197301
8257
892629
768996
414977
516713
53990
44221
368699
876249
78557
781211
324869
712072
636781
87797
218396
782324
181484
607126
342326
944154
29767
126940
288836
559953
905046
302573
130007
496964
315530
115448
929247
792266
707715
404707
503118
331748
342015
783766
640346
714322
426092
870563
438050
507218
806238
35537
598120
311158
359835
690628
886205
46689
555092
48330
529018
578974
633647
268484
570410
203292
605183
752111
236165
861770
34325
578638
275351
144459
704432
165686
363968
548054
795407
84214
71700
524206
247207
343328
885986
387320
206001
729464
599634
40254
220315
713401
139496
16127
510750
958590
7013
681328
482159
431572
963276
569363
385935
137689
70466
217907
473277
584144
433550
899961
339468
27461
587585
859630
677775
9879
647279
984590
320240
373607
570011
422789
986400
682908
547121
469449
495208
266768
672236
136915
478750
35610
722008
263867
46388
977400
757489
662959
321835
703129
628843
129487
665189
811525
948427
697449
262935
150506
671218
39948
180189
573892
903738
115659
265127
511271
49081
848016
379217
928812
369571
614362
224721
63542
203596
203476
834057
696096
923978
710931
89213
311365
478777
613868
993054
679467
557784
960560
630021
370508
556752
930118
739387
13187
746517
714915
459701
279120
391717
74024
418269
919368
39598
35415
912843
513692
858060
740275
421138
725635
614704
604404
890679
677063
409372
181412
725565
318697
536714
627033
638044
717554
854765
410511
353744
597656
594127
68129
825549
914825
308505
39012
789903
275542
731825
519073
487376
247487
614973
674540
335443
131543
682695
168165
517214
627988
172665
251595
133636
372981
211783
936440
871712
732880
319211
758397
326814
677623
315404
467674
196915
726726
537016
7002
975917
605388
495248
749833
264612
643412
904195
978515
902864
595407
337842
736699
800692
65951
756339
711220
451833
157378
974450
326240
922069
885273
616561
123746
201258
648660
982063
751330
360683
109885
795047
239069
522425
55773
289199
495973
374476
282639
169345
304444
3148
295583
791511
88841
6656
755677
58031
915637
673309
572676
998958
258277
810048
201986
595105
437140
767224
576612
959774
437579
648826
561632
752073
999424
788791
899710
747507
85065
634187
989923
197596
116795
668236
421115
615065
124515
839875
31746
491281
524128
269943
124656
266209
193564
360164
413247
208799
492645
365963
555674
191612
866348
563619
904355
90691
946456
976301
713889
995646
637064
242981
840773
589367
354020
461204
34903
579932
901470
59267
845314
872508
911307
866890
273656
348014
169752
69958
450307
772048
751274
746856
508650
873581
792662
883114
104508
785400
225402
112989
659324
386613
803702
876191
458472
880823
550986
828584
119144
342404
675726
476675
630800
723284
412680
653017
888978
144504
748909
994984
816835
32536
606839
801427
334728
257109
953055
86804
76829
733005
11384
30797
90561
609916
76136
182139
891842
257215
490947
167883
904608
93621
654853
244871
996001
402686
629868
131305
419121
316517
215152
64144
601267
993242
535904
883472
532136
810904
699355
326948
372218
469541
917607
135359
144102
915512
722801
580288
750149
631604
30753
835779
513013
923475
656857
13075
879336
73182
635403
957950
715913
671128
691636
541378
911558
519803
742841
973475
521150
640602
539804
236446
465289
206117
526875
37303
491870
547339
975397
978543
853349
699962
612218
355154
203354
829570
678110
306284
883354
627415
237177
899419
221646
758517
892942
819584
532657
376926
943702
978191
121855
71551
231224
315078
409212
114800
566248
819579
943069
971674
361433
889934
270295
747188
208352
209981
578499
374694
817831
255765
173483
350414
978954
649286
999412
356576
862225
262800
326503
370280
874123
227354
52381
169259
327555
21473
541191
286251
106914
388301
440024
151562
252193
337631
225103
142086
955752
642823
846692
891235
497160
651475
454926
477286
364050
828417
420783
781309
343762
674933
50974
401084
870635
269062
196366
324866
730384
606962
587935
421050
341788
41394
738881
616061
491855
741097
424193
1493
509286
687350
526962
948573
649238
829288
612921
649860
396836
426705
598580
503216
107556
555123
823239
273342
208716
313239
407237
778280
695859
557053
305400
356288
551852
186158
582414
804505
823801
41517
931360
412549
795502
654412
209439
916472
203876
265690
398429
687051
85782
813690
346166
589469
392987
12367
453017
864724
448832
392019
983606
304449
425345
225735
616646
129633
937636
143813
492274
362176
914419
390129
685537
536697
390228
755022
275937
78872
928774
105388
195441
221472
878778
739775
627112
1128
918988
564876
67398
919264
473820
848060
746902
190129
530702
789971
571388
525826
835674
201082
602401
456280
559632
461368
762807
657365
811244
405823
224491
523553
696145
912739
997223
231526
223526
455398
851521
199797
882442
598702
925699
399942
795893
827224
790103
439196
83308
651749
516239
95239
734688
265106
46479
559683
201508
427014
183000
43966
951497
991589
823345
582199
556825
807042
849715
308930
831276
173617
662706
60264
588521
580281
689411
848619
260637
746344
796015
366567
537713
774785
53939
138515
62283
667281
451952
542375
333252
973408
493237
955800
427393
761154
967015
980927
723440
305293
954827
501591
163745
330533
668656
608933
3838
59058
333116
338546
700521
216307
575697
257140
853489
952428
533403
261387
967600
184891
471736
361511
410499
561417
510533
266054
2215
376603
910850
475803
877420
614216
888033
761098
139737
607365
663856
650000
72349
358620
863327
852480
436333
391164
176432
995112
811838
75625
8636
699346
710945
80852
422492
640934
683702
696773
30650
840173
506382
981428
76852
846000
385057
597048
894121
481919
483176
717655
148708
152013
855961
57916
907235
384185
662717
452422
562691
758311
144879
233980
761161
474125
631155
459359
927887
751178
922352
377752
55753
985264
349195
372881
238003
888290
837410
124192
297241
645209
388962
956125
470146
973121
888838
742740
11258
981888
845164
774102
95547
199254
376021
784170
578743
91103
752633
188705
701125
713526
576645
167687
275749
170228
429299
373173
470065
23894
499267
745796
472739
152444
346587
610780
776189
444814
36280
932842
260441
769849
804880
353776
486989
142167
825862
480374
277498
199341
839305
943774
332466
735373
896394
863061
617475
333276
669336
526886
802020
135598
532889
133736
966011
632845
118055
587608
493577
745305
854724
828353
673075
689865
462268
440727
454574
250383
41750
761380
12997
727130
735414
11930
183306
536949
454674
819142
47575
878413
531087
258854
601280
500880
261623
812817
689495
440624
488025
734996
168410
615046
38078
199134
367101
639124
170179
430097
981776
340515
229336
812280
638542
561931
538771
669528
383361
243921
530610
387551
926868
939178
573036
743801
821047
373534
593842
824898
201257
805896
782727
191446
378917
378234
528697
740611
534443
713533
803899
372384
729641
503477
656864
782839
466886
607715
642614
707357
254540
136773
93117
945955
200176
586072
472066
236453
400702
210366
421341
35071
643493
397434
383107
720416
429469
822807
453065
859958
768880
978216
375478
781641
603180
3115
126851
67876
144548
386695
93553
657517
517789
449717
29319
556054
490460
530171
152999
629740
462922
931922
923340
370765
180865
784361
268387
68471
84021
935490
820226
543227
972930
310779
339401
189840
338253
367207
773332
71363
864154
149275
203674
685580
861226
510021
457573
860860
224655
123253
833198
924435
278286
573568
648724
350063
164142
760633
906681
408670
793379
331808
143033
685524
330834
255383
135176
254648
890369
837839
57319
770905
140317
397570
224003
569726
225830
443225
285162
864986
951227
886829
273130
574046
928510
741674
987528
346729
760995
888592
692378
225499
700250
671955
724034
371335
344215
465955
675975
809606
811258
530502
571473
765928
956256
982560
10497
345158
34181
251477
883307
150451
754836
886725
294833
544913
835278
41910
518781
275263
312082
68816
795994
834096
268942
771649
315120
814103
253955
611136
237722
435006
263854
338095
977574
420598
539352
549402
365864
199017
653116
843293
72251
361035
575312
571169
506325
833327
405938
828998
231238
529014
154288
394461
11725
857378
241908
698828
56279
17033
237322
901077
196117
873060
835728
641776
302264
130695
958393
105428
21068
899755
217661
599957
576494
154855
813025
68903
490156
795966
577502
895872
71415
174801
234673
901084
533831
239349
90110
950874
271756
256671
925922
690436
745868
578236
212948
799404
849245
848733
833398
1713
932929
411600
237950
729825
888217
7242
936699
721848
67080
806528
961159
582407
978981
629524
544392
19184
665308
765356
855650
264845
512610
287711
117117
474289
984210
595529
266862
342726
18793
282110
834436
873813
548442
272411
567410
290085
568143
834680
24788
339450
925758
758393
917791
594623
536867
880708
957802
151166
102559
249357
520915
893771
874925
723404
355343
607425
780413
959440
484946
403108
612911
702318
391127
126886
803437
411345
121229
447365
987301
83509
662110
524049
974754
926191
717660
988747
304966
836196
407882
401961
472486
548250
737285
163127
178882
849771
772302
965591
754847
551701
363636
591273
694979
623407
707490
379973
440781
344375
21507
340389
506222
57926
770061
783328
576904
607972
598385
767633
735841
185080
917790
688790
576388
726872
564012
846196
972532
902847
215276
133912
429582
963356
79817
909369
902330
928007
758554
840217
324557
358670
910920
312297
964223
843566
308439
713804
375172
191709
488850
125684
643208
289668
452375
782569
886284
729931
115708
786920
781976
426892
667037
733480
4892
233833
58884
51639
731559
895289
853939
767043
295811
976733
791184
130549
318699
274161
8942
840568
549929
551454
500596
306136
448656
719501
76780
728453
133587
139190
605546
86902
120833
546582
953878
726058
274590
692479
83097
966345
858527
192841
117792
768170
187777
442086
899216
158254
496390
140948
398534
822409
282189
737003
732297
623201
817613
783702
680271
903694
281006
306782
460585
794626
942339
803810
712523
275202
683624
62627
485820
642770
849333
835900
437590
800047
931740
33775
722555
447670
296549
477849
240020
502498
968386
960520
776327
161971
138961
705379
196469
298025
455983
188231
767404
740591
818035
457523
194224
618197
589902
315289
16865
159478
69501
528725
394697
869305
109800
787961
52484
334194
669595
376839
7756
938920
739230
654648
440289
479666
426610
147193
552337
751482
398187
67957
691753
358307
781093
282765
811384
76167
119332
687269
891836
572121
304268
424280
663788
471338
827193
695499
561953
887111
465916
140703
617058
411583
795507
565952
366859
148161
515652
607898
146264
414756
384886
468140
359315
265665
837739
381813
521368
9595
610622
932554
349058
964383
609781
429577
975796
344358
417059
692136
35654
475287
560157
802471
639689
212745
335382
887140
286841
199751
196826
621005
891390
265100
892387
851951
645087
152301
299932
945453
920132
912022
882223
287181
521317
822124
38925
831213
353493
313426
915706
641043
59493
575175
445649
982241
1974
479341
560284
686247
7007
479589
580168
144531
984247
713941
611464
190019
489279
525451
884233
673531
173039
932795
474573
700082
135323
636068
820071
917511
41410
482641
501137
755153
943987
726460
720685
725140
940061
841613
592407
178383
292785
385024
560483
916402
624182
884516
518968
674092
991017
278143
762760
400355
302670
54351
67307
646589
754903
311339
672087
953563
773808
164488
636670
233830
459877
279064
561284
578561
503217
113549
954460
327134
871268
380796
864830
582700
974447
915804
205318
293934
192079
83181
602348
542887
568532
731253
166108
371442
270157
321893
474162
767342
57106
895707
661460
535574
487534
771457
536747
650542
896039
799634
157246
255833
780011
130045
234541
13576
557720
485538
905352
208589
507623
93113
366474
753805
367286
700114
284661
616340
734130
606391
424715
41539
953886
870189
86118
865060
347778
518553
928053
940126
270578
577984
685971
602948
868857
303079
738309
588231
475043
228697
334096
817356
396004
982343
425525
880984
224872
120457
363531
227944
805176
241667
849463
798238
299590
7459
851593
263509
562837
863622
938102
681557
841031
148858
545326
621922
712964
387486
638042
765679
928389
120358
546036
690544
224634
811579
397122
582797
211038
500927
265904
962994
242517
923054
785993
7555
871742
758304
842194
880685
913179
286955
372099
346008
611866
92261
883170
94328
97088
306822
967550
330243
664753
8748
181062
232637
727774
750777
392900
249839
576587
956439
26617
879542
105596
607836
701141
970871
671739
127752
231059
817520
695561
15019
595311
820650
781343
992804
74885
798155
943775
556996
631304
119047
272924
243472
799323
623479
921986
75365
544399
196930
133156
217974
112634
154231
555680
547314
181104
860733
930225
500609
243297
764833
538577
970028
706255
147151
725769
737180
788201
11420
780118
85818
699657
456960
689210
937590
955591
106337
770140
988259
771896
547082
600988
489664
469511
420282
295864
449298
41773
355481
904916
167980
620752
179974
772265
834449
791030
306699
757261
948080
737636
570930
746522
141197
707799
426353
784766
259457
591454
423168
81055
362328
897746
385740
953960
476760
95667
433412
129653
61921
509921
143120
369303
976496
53492
194145
322500
390525
942136
375139
494942
8965
772232
744335
562270
993314
765637
975134
96477
972885
421748
178520
59583
661478
100786
156042
896124
940770
820884
454678
157964
338820
340959
421797
730287
907438
861984
123063
290262
974742
874794
528410
395185
970558
554794
879353
418646
76379
24232
794188
508619
392599
736924
899693
575984
298546
35371
873419
786444
261955
227069
765047
160114
58333
458491
236828
581967
262221
515178
610187
441235
789055
307743
352692
927994
401024
319710
415346
639542
906270
985875
33085
274299
686123
265068
829315
634790
786273
4049
417680
113291
528991
707841
27689
449689
991377
79498
363385
241196
581551
530085
20451
896624
679900
941547
619318
461484
52462
91448
286526
7986
97613
268827
301559
889570
525556
868087
643101
915798
259669
115001
324319
97005
283161
219445
749297
561591
588741
295904
509377
719290
818104
174564
433857
348767
323025
168676
946147
759804
118253
367180
589411
860159
993229
150291
25598
209203
85783
330256
801920
808882
660659
558518
6139
195048
691606
39662
458323
413951
667995
207183
613047
773612
275597
2557
177002
281750
490561
479195
211135
738206
241312
521710
674595
557903
425731
14991
572948
160420
392567
948236
763632
193904
6688
384605
88552
767918
342393
381566
276563
235813
619833
476653
846303
264504
703249
225218
830562
913032
658514
885670
950478
668038
47788
480305
19139
532504
738642
614692
635135
18407
598841
729792
443697
910659
707134
366913
142507
131316
468647
466234
946037
904286
614017
438798
843581
173839
771113
947208
931309
9257
82023
305304
156117
318759
78837
564779
457863
772365
776157
331429
124162
247088
545472
8446
502854
490271
480051
949558
949318
350829
408963
319478
249212
760028
292057
662981
54678
412584
20921
140771
829966
423085
792804
863174
214423
33525
633374
385454
744307
849250
583370
55463
129506
548852
668465
888859
785460
864056
349409
633105
744896
390158
915122
805510
