100
10000
629805
185045
139364
970086
323117
806325
812260
615783
727242
667720
195181
505539
120344
676390
492555
644752
503306
937483
304059
779517
840737
381415
837807
886123
232063
144515
693614
541541
544922
387403
179735
573950
945292
44348
566149
552710
137543
837098
875086
662184
251237
467182
388070
730467
603805
964012
169697
19363
480530
404413
141782
709627
210309
199997
26399
846722
393579
638514
341820
977479
351322
448407
227543
890930
518108
216965
831330
999224
108646
563197
112284
106618
441955
991444
667315
79483
531561
767099
394756
84860
118221
779370
936766
445110
210
682985
747108
801779
354300
481659
335985
27530
923331
470055
26645
998005
900323
663780
707870
741520
21008
844320
557618
237681
48263
100013
753976
197470
417536
829065
320471
220783
9664
842952
35030
485825
568778
650208
999779
10772
772853
570257
224367
254018
77017
513327
996086
158941
289827
780941
409372
700963
692232
712008
296307
949152
781014
688621
719322
653601
946982
323592
250495
590864
196206
160202
544388
579633
459635
62805
953663
192248
979163
179880
857244
920516
320480
206306
684318
267004
209057
741044
258114
194501
988755
980008
312068
333597
525780
528008
86715
363223
223584
443884
736351
554675
310300
701412
980779
429849
926992
552190
558045
363250
476786
619892
910299
721956
246429
213301
909424
238248
933345
21774
130675
522633
936372
614389
813128
526650
348229
303922
662912
836180
161201
216363
98268
187116
979343
259658
432303
824654
550502
612364
953697
94680
115710
803497
812111
179380
227731
152156
4816
448947
50982
118542
226771
366595
667311
794531
648228
968973
459117
567456
578957
378925
918685
476854
863897
778383
206345
733936
302900
544738
400951
935798
328878
793596
703234
370108
948382
473866
125063
159434
461283
377266
805622
248360
484870
383751
912968
250213
554427
918888
651791
919300
478726
704822
930281
5828
729019
892719
462350
980107
351710
758316
877257
700078
994408
819699
154500
527007
721195
912378
591867
452852
903437
256377
184851
401232
837360
546794
267779
256880
494898
349984
503088
38932
466128
14593
757079
793415
207205
858594
239332
560141
730321
579901
799967
161641
485044
145105
211910
574152
852314
898199
776949
861709
782641
644380
562178
768314
243317
230208
645925
325240
959340
648457
595796
111235
232653
968612
788782
496180
514044
915770
347533
255404
766640
279979
19454
102170
814518
979114
671501
730026
672334
984245
624377
518091
855283
874863
830470
1242
946361
73243
796594
294320
190862
211767
86271
450885
361826
96627
799215
605439
976803
244749
58830
216603
263009
43978
149801
131126
371345
321810
629148
960761
588461
947305
538313
967007
57400
744390
925285
462693
477408
8402
691948
922637
473596
781630
679157
491470
395764
615681
966624
643803
842175
653101
739819
426830
540935
898477
653860
873649
353834
449949
266425
626665
440026
945158
194219
953664
66532
924020
388705
791757
13326
550070
6361
915522
379481
645618
45369
652242
529573
750882
133251
138685
27700
627823
69287
513849
647238
219432
799283
916479
780452
462495
172646
877295
163449
727328
198626
531552
743578
411535
355775
846088
833319
895837
174012
417861
395913
285671
647184
438790
584219
366251
78751
238488
173157
77287
359880
162897
496131
858576
383963
221011
784676
143980
657512
536893
312238
379660
895282
462132
745535
674986
32387
475209
811087
706203
381145
557448
774193
666288
843070
355932
58168
131119
32885
974946
799158
439209
529552
911432
467040
982648
267039
261665
772621
952919
148995
967305
853725
573470
601632
451696
116342
418712
628464
350468
808490
82498
522229
388351
46261
518691
595846
283466
71970
545667
202059
168141
733004
478217
530052
577108
323906
752820
185667
147743
446916
746294
98170
290438
402602
544744
730031
548999
532260
73390
200844
495342
686748
903081
410898
884895
311288
813714
911534
435203
326203
952953
502436
494029
543627
351323
523304
584040
8461
560345
959115
437887
144300
759899
420242
104552
567673
898048
182691
478190
329133
810432
664025
225209
284553
292321
765495
753884
321374
296083
783416
878971
305193
861032
823236
809111
309206
75570
514815
471352
402149
357115
462268
487094
621226
193947
377103
723619
382574
591418
402432
132504
962163
313123
448988
81819
431957
866112
220453
428266
657228
43896
30313
188966
853838
382370
78384
474079
942930
67364
218639
71096
896622
91500
855641
486327
604129
669002
192309
681580
333357
974889
278923
970554
633117
621161
944344
530055
480229
208282
144994
944444
252006
605846
476549
11897
640464
917947
173867
25
236962
116675
830298
130076
965581
402627
748327
936567
722294
189053
460424
857781
920987
879201
710727
540680
735565
150183
683667
67632
802075
705282
102129
157639
103247
425281
91535
961702
639954
893255
730745
209976
79018
531045
129381
51993
381668
641937
486632
397226
401613
942214
739723
867316
820698
110967
441081
38710
696487
882800
602575
227917
356892
833804
16854
233342
718508
482253
536461
231843
568311
320731
436446
239344
838096
649052
875635
403618
663640
833068
22818
250755
362953
902905
651844
137948
641679
841406
680291
346615
406992
636506
238225
479311
226381
551948
984661
313302
298144
902286
605185
666979
239397
897739
922783
986295
373749
7229
149194
253866
652238
475367
778712
61751
310350
297452
935861
153824
218206
107211
936459
137279
663852
535800
933149
17771
247888
110616
272883
843139
168144
848536
523184
486810
356735
447337
854015
401023
312640
876444
918892
662439
538344
703959
605775
534010
707457
263602
107426
869431
435691
754033
632820
590980
298270
659293
399735
259670
3658
353985
125875
754361
433759
733502
722461
567420
292905
312844
639746
839421
817810
517133
38366
34061
830539
842511
354506
127487
514886
759007
654097
355730
366171
171972
351651
981752
119242
243871
387170
587522
5920
54685
17754
275307
785074
295894
507214
727614
853062
193285
161645
157540
305106
222244
19300
654990
709532
214436
860429
691451
826496
983750
155844
681958
95312
728409
577370
457232
576853
63824
741731
567141
270580
672639
356138
47438
235948
447986
548293
121810
895228
449002
288515
837737
554210
144437
199745
964319
674813
26665
670236
273890
786708
378877
621632
898792
989679
705411
869983
270143
920035
530566
373310
835890
923244
664956
149801
837845
851378
602600
915591
768750
967406
168271
372488
437376
603302
878292
755002
720117
192660
897394
668155
947111
890405
426390
620361
740811
335389
254615
570422
137850
878039
836499
844215
691293
906410
768551
61915
589813
859176
90698
873816
990533
350528
383943
984512
585564
398083
794069
423700
220483
669059
874644
958831
842303
145624
959846
627875
77507
89980
438440
34337
471797
418134
852172
798801
219931
588180
219348
910850
167714
560753
705773
183483
634635
699990
51110
598256
687986
446429
675531
854416
935804
842224
327714
486907
134877
102480
988993
331857
469124
267314
419594
332390
833123
59715
485829
917266
675742
890380
107736
138340
374543
684721
338853
747062
108148
831380
560320
160475
728822
260119
658380
438581
359447
49086
584177
142052
820535
777586
904187
472921
569154
304865
442578
413576
258169
617475
476114
775676
784156
63480
507079
659780
16625
317581
93126
243979
260404
333726
560874
511685
427931
416661
341930
280262
40709
362320
635988
51629
860350
764833
227560
225341
951793
96751
708755
833164
842859
697209
32711
262867
426440
817403
771187
714598
920828
858985
136356
979967
528768
843288
868728
144243
749846
310076
266810
848454
999739
666764
943967
646234
698345
986946
227612
48578
465926
107262
494370
976372
517100
38922
328375
419933
798934
550072
317426
615119
31651
259752
967507
921494
965514
883238
619069
876136
382491
587184
631313
20986
808366
57301
409511
658159
82666
469880
498795
143851
497716
921204
64018
199494
757937
998106
35128
156701
207226
29973
702680
881026
813660
447983
453863
879123
109640
141868
52557
960296
149469
174740
275649
974438
889360
208846
928319
376368
259254
856104
149801
995966
596206
521907
408824
81221
41774
103243
97373
168790
498728
241845
479288
435843
766488
652385
315059
777851
478125
283982
513533
880695
777617
122893
872159
400269
743255
35101
13244
187234
50881
326261
760617
160445
203754
104161
296423
558710
457366
71620
967417
535437
293716
973820
278438
639959
794254
201122
625426
712813
4592
565536
198426
598123
908670
612351
50613
713718
319397
162673
404488
177854
874180
882881
495661
167708
451297
596595
141148
319518
901351
274145
517893
11379
731213
608119
771200
236592
832344
909703
182108
150524
746615
351498
248084
151966
686604
805556
708384
713185
732426
683571
32103
78562
473913
988867
574865
840566
330838
951408
106171
394490
585240
372330
653060
374200
424462
394878
440068
623282
931172
211959
713949
630543
275333
620304
589801
277983
868570
621588
323539
3405
625840
292756
201921
971680
469303
963781
830639
928685
101478
171956
708375
995293
220988
161574
465932
256407
220194
789200
1575
155914
827437
639471
898456
208984
720639
416261
475102
490786
748877
843122
704465
419884
892603
140139
962460
287405
535458
334105
559113
576630
305908
528656
305269
852220
324983
47530
509986
428996
748205
747392
803627
429482
536213
977924
977298
12429
508745
885886
68405
324954
942216
500449
408224
200308
54158
191945
455036
954813
764640
235476
205668
585604
762404
768154
560728
787851
542444
525578
993674
197875
53331
197218
13782
815622
460992
736458
446927
711009
376136
427470
649653
681660
285104
228535
22402
224152
832591
421444
761187
607299
356754
116618
379588
253067
452954
507429
664004
585533
561152
455834
251208
324120
805112
176267
635371
732947
121427
858197
963539
999944
723934
827146
121631
945340
713704
539142
743932
274507
596769
6832
686487
964277
401566
535631
666541
640767
295674
354502
979070
342215
388822
895214
315807
484520
252352
488654
298223
931845
810993
812281
916769
602422
440048
672325
367609
521037
376213
553635
414930
390980
162664
205792
313755
778116
265512
339511
268130
751380
1191
857296
676808
302172
350418
137177
853589
14229
951823
752704
656996
633680
311935
456394
603263
960799
225251
464211
593541
985188
950555
428834
208328
81268
467656
237224
296435
440999
619283
354262
275752
617214
656711
826264
993768
854962
998170
472049
101804
477141
274569
97780
949648
397031
507425
346204
585327
416440
837977
393225
389770
846388
65820
112727
384993
689232
246182
970461
84900
91600
37316
458239
967747
461042
263229
321649
859298
948858
676111
893384
298536
296347
202706
735742
359735
609407
567354
749890
263926
914356
744952
682682
809993
985011
929023
760534
184290
654349
481252
458130
860209
447092
238046
264200
610039
121827
804205
596271
567480
119467
480984
172084
985935
81499
289358
18035
924379
836812
998638
76882
956887
458118
337698
275258
751496
768210
702758
160499
204367
345886
275559
472731
851742
102278
863366
53763
763719
68933
561723
186599
431920
31927
492119
909255
452067
401802
7201
47270
762434
315137
301858
109790
805912
893348
424061
120414
640074
360136
793846
525698
46700
370230
80211
141581
911344
554043
996959
353286
710585
812044
833291
926636
485325
991123
266864
826006
464553
33882
227440
741740
364655
619539
525114
617852
672443
441473
416427
608378
194195
642119
187218
73559
319548
420235
924812
748988
471337
725639
123726
892963
803855
703340
830721
757266
129236
645363
154056
711862
44709
877313
636445
421720
138663
220917
875161
708158
862341
692882
180498
219552
813992
746308
559966
873285
487429
532305
907062
185850
144592
601821
344439
462063
936846
749849
143170
229486
795848
592650
938434
897529
729691
508529
733773
299646
114028
122269
193060
107449
290362
801289
129813
385895
533132
944562
440640
866530
595849
499962
134646
337566
421030
592754
580540
376318
936825
883464
669680
933908
76333
49612
655939
66164
260687
886048
702436
590195
934852
734972
36158
763457
55197
523036
13527
436896
759043
438215
697753
352192
194893
178811
57454
897337
326320
779834
485124
259684
109526
77611
861168
173206
475719
586543
903471
490874
791812
145025
24071
524234
267187
547529
206347
180586
905268
588413
335486
339297
347089
84852
426383
30005
399700
333513
637635
437921
209715
955688
893105
823797
225191
503352
235686
430027
954395
408741
770473
643425
459647
26761
351896
302808
271931
968822
172081
722312
598721
434274
597357
972349
692027
960560
425606
475539
920868
990615
491738
876073
173939
644209
395815
739781
589873
597538
752182
208644
161580
122211
617813
778236
571588
946602
95868
249328
943522
414776
616530
229679
219593
105150
656711
262217
538948
989997
877793
304815
748095
784345
354325
424358
274482
783945
552907
697064
41912
555933
39301
57623
520830
111068
674712
691358
605782
762202
429144
640167
252459
118594
879506
312178
290063
711878
294706
302872
713392
313824
586053
155869
450922
873667
931929
190379
171638
489635
679617
169009
164479
287454
384565
31640
458453
850245
417558
265437
797179
983947
810510
864271
29723
118985
394710
216359
904281
927916
29521
303423
799876
658556
577046
876273
34601
688777
725643
845133
35586
895348
238636
561782
325196
793367
644011
785241
33014
378962
217714
960715
633269
914675
542596
777535
491508
70081
602497
850464
756393
624933
73992
587345
92419
672694
647479
43967
413055
477792
113229
487839
675290
624816
807345
742985
415457
40318
814092
236593
511524
644087
902032
542974
288777
68037
846044
288072
342332
680286
857976
706931
928516
931622
989947
967203
493489
36354
825036
275802
920626
35706
432581
579893
633027
343370
845875
633408
449539
741957
654842
666929
92003
651431
869782
51848
133562
516149
420412
201664
296438
940115
396382
620786
769134
46242
682958
491399
652242
569875
256634
222232
989956
200845
873749
977188
404608
937079
713495
727597
379765
987234
426266
520815
540024
807062
736741
228094
114062
712120
37382
265403
14055
528021
64856
327794
113194
472397
864869
213588
763755
246750
462052
382412
868666
148044
855971
96959
206997
740778
198400
997669
771453
587976
643281
674815
291750
582906
182884
697588
560775
463872
653408
569612
972306
5207
824074
923911
814654
910427
405796
334107
345919
172823
113007
736265
469463
900267
147858
732059
806214
426009
779475
954876
112157
978796
943873
727092
118129
84933
98292
392254
163626
579075
71021
17159
849083
90318
434519
124485
816940
153792
317423
265970
226386
306289
595839
66148
226337
604254
570693
417995
827224
454198
852403
865478
627866
483456
492176
951650
255581
167659
998076
335280
111739
79604
956048
183745
161702
402990
945315
228544
503161
608369
945898
170989
736105
274785
197751
611826
215002
573658
863138
480099
320334
607989
204101
738839
86328
100858
43808
175389
65135
614754
284574
924893
531902
152519
599727
343693
98392
189162
851348
242572
649640
849441
345081
838687
334919
31387
880444
447749
599559
579857
161740
600760
129708
153227
935148
51587
721787
657484
964375
836154
609002
382300
745854
66075
124150
605168
36717
239552
506452
417143
471179
931389
979327
703491
892096
166172
25520
895122
422577
644594
990572
393913
675558
648541
67447
177196
728653
47773
565094
479468
491992
963597
337362
744653
450561
153661
867112
475043
711789
82604
40542
502601
640430
61223
900288
80269
50531
784568
264872
528507
18810
767565
580300
608901
362134
445607
406130
779532
338188
938619
378878
947469
822150
857385
176235
666475
780938
34198
280216
921748
633237
878952
631162
371603
560545
217053
40304
584370
924998
449929
663988
365002
149565
544490
640301
131625
510143
829737
725985
701022
232843
129200
194311
538467
600135
622818
241914
593704
411262
819195
977674
528440
689416
372038
917037
636234
413959
132277
639507
942503
865229
31648
603415
391730
168987
387037
410641
118233
127173
171000
498760
288727
716081
312015
158597
201315
170366
501901
309314
790840
973505
128065
295682
885378
706730
310746
612154
591906
651013
207105
869933
890142
475997
232659
637077
349416
483771
114425
187965
932041
201484
150310
542572
121002
750752
587501
663931
480831
135182
61821
103112
744337
635702
633402
891267
713766
317919
883000
804005
843598
174078
990230
176641
644941
127512
488885
909939
385696
868414
497556
485045
512558
30519
476298
697104
877644
421437
479
303534
66861
834077
531718
793742
79588
818497
134075
767186
239000
604491
540341
219187
721091
546263
430984
349524
937638
773539
436955
364019
576589
600267
103745
258364
479290
710828
478517
984248
575601
324971
136247
560099
386208
1550
94973
218074
544040
340743
930648
301171
38796
418641
857189
354791
421237
31923
447596
100330
146079
466210
757400
245660
901348
600196
765651
756247
417827
662030
959101
858280
566157
343566
969098
223195
70475
927173
911542
886704
20239
285036
663205
152170
689782
610135
264730
609861
808407
439735
331348
501191
921323
596794
4352
662767
85465
843981
63391
918666
515164
959361
535222
941477
642963
215307
417644
218973
917733
794278
546755
199570
474190
710547
935158
301754
823563
318208
532075
348049
556446
52295
564948
928366
47678
218701
261672
377906
897055
426507
816378
946649
926361
667561
821747
496434
584503
519942
185264
103403
213727
455445
933946
997254
711641
118497
530270
390760
628413
782896
409449
829520
367038
358278
378690
671269
598605
710913
301924
520551
311403
733153
71990
357960
810574
917930
359432
187604
36335
11106
111148
386059
612334
902966
521519
222479
775331
732217
252147
642040
629634
155980
18666
204869
78634
583704
204465
824686
941002
39992
186246
149653
645232
911156
653032
245082
745584
954024
612234
743053
729645
233028
2675
131903
342855
208812
888437
499057
280993
13504
455047
627502
399181
282294
634562
763829
302743
345890
383925
617358
133483
329815
236261
702653
42787
833704
751076
19476
360753
567688
128396
774627
555942
130831
912984
295499
427485
224989
864288
206577
492422
157081
746224
170318
674770
644179
435715
827746
499832
557448
839905
605512
9507
997187
930514
392933
382584
913056
915070
292730
635911
471020
221603
112793
494413
879912
318129
947701
872803
557165
863045
668754
590024
108777
216064
58715
277446
47367
260612
864146
615299
165549
420234
433570
138150
744223
303779
297488
666787
955456
249353
923856
614885
862457
397665
750836
428119
676210
902928
587583
707919
978558
557879
190360
423704
110867
454220
313178
569435
149878
947542
277768
24233
461365
237509
165470
633256
51214
721835
523842
765847
283310
457883
39962
752255
641363
268573
754679
198392
327314
599243
994030
545685
84405
802379
175111
812077
901948
577192
396047
30599
216004
967375
874632
650721
773829
746660
477505
774813
140726
60991
583552
514953
899147
548807
674011
27593
816734
212072
363814
129827
189996
298356
580806
539623
288566
990932
255652
391417
313159
107305
876414
22332
98838
287235
969879
879581
831681
622268
225551
831545
344057
844850
779533
845612
465917
450656
55832
372791
949951
453209
992453
342541
39395
815776
807627
314874
675173
985638
340978
461873
35289
183264
70122
637360
578702
977989
815800
577234
280908
602593
4619
441009
389885
851225
832685
269045
329064
707132
971157
866878
307992
22209
487193
436906
702875
46499
62016
876611
643366
613206
774070
932488
363990
752932
167768
704278
864721
19945
26479
3123
99403
551591
984698
511032
356901
29127
489636
263896
838575
697965
643093
47697
83406
617974
735845
998253
625529
307281
146218
361653
407069
277431
857906
747123
501409
712136
788748
492451
419588
983172
904385
281206
585249
873186
804321
227714
672532
16720
435191
564809
712823
840264
812446
121891
390150
635339
532781
474059
265761
385726
234893
283908
255151
945437
524396
827430
352286
698656
56010
793673
980169
709801
698161
180236
242227
307046
191361
682883
553648
387593
120489
420731
153315
381345
340466
971626
744418
359573
828149
420152
291702
874493
405165
270180
797438
413021
306279
725653
556338
93887
580502
514878
515781
67180
860483
650348
173540
527559
641569
346479
944284
497989
928574
721378
583000
622988
912342
118105
772295
775591
717250
53991
287580
114212
186510
191689
291247
943755
99112
500147
269825
196027
417267
582196
186077
55842
589947
955848
438169
91608
471492
485434
797244
611417
739323
995316
102777
769885
328526
423333
49562
897238
781079
176973
613752
937862
68531
236904
535526
56378
579057
13300
248814
404710
578406
610785
302003
988318
536542
244181
497206
124143
118445
747609
401780
140568
864483
956067
87915
660456
962205
519744
553853
842101
683384
952862
325742
958454
224801
412787
459976
816766
894408
870414
845150
707989
870515
213048
900845
735349
725743
63942
459294
97822
658273
659518
636903
68502
833018
305380
953618
187265
157449
461728
216278
393688
217002
22541
730593
854409
449308
85472
503799
729132
692785
231923
624244
213469
321694
392749
677165
232250
999026
351760
965109
539770
341220
870879
172667
68904
611972
19114
93201
83451
407956
784888
281607
792788
475888
507599
583990
34708
537896
753122
500121
131799
742190
946456
862869
400016
514795
126581
593241
797953
44
15399
485408
512280
927353
796591
564371
321953
63174
86506
985420
366060
927427
525563
538998
48892
960078
768471
826576
818089
751496
603501
153808
675859
469509
328304
897700
897283
346717
482562
845395
67039
382879
305855
127298
569674
72806
521890
458259
898454
482627
568536
958056
661735
516889
909727
975750
480805
937160
116827
993748
508381
240705
107509
24962
857461
92857
935600
641286
567562
890169
958602
960769
316200
115025
818379
370432
325605
868397
39533
10271
3098
793983
142375
735113
738367
790940
871320
850650
195554
703971
380621
164645
16580
617560
397423
302033
51216
89615
862092
14174
115449
99715
972352
864454
403694
198662
347903
376830
561917
658003
331906
63451
687873
759295
30348
378642
304649
766350
174552
26840
410951
973986
161761
551912
346354
841486
910029
786275
211705
938185
127735
577169
418083
5822
825944
495301
488776
708672
857041
681567
46053
296731
170711
374891
457312
556422
316859
275815
597337
293236
496469
371427
651049
328457
659020
761472
626298
481386
3781
378394
977987
999213
66534
14338
415902
400368
985542
810340
43975
477893
749427
940744
726515
852363
408735
248500
892939
79384
296999
422510
785475
234130
597121
381918
817948
178781
150850
13202
71026
30254
520714
711132
478914
735934
715085
430614
273020
10139
384830
501382
193
985
771993
125724
284026
99429
440141
250008
6036
899705
467845
719432
547867
681835
802834
846703
587442
374369
43447
646082
841837
308511
871440
316747
57803
688449
361887
336625
19
63684
396148
34831
282761
371070
804345
741952
962637
71022
54744
549820
740433
238126
296713
597467
532917
245317
838715
215993
164673
321753
964254
35187
483390
338113
385035
391373
632497
107257
933841
95285
26229
927919
890973
370978
414900
245690
662597
944983
723842
370538
493489
191492
269014
113658
599398
655563
442661
21538
712624
588576
559837
585673
35180
858569
129147
239960
312815
94277
138313
438826
674327
990217
489144
72671
66156
39205
995797
485776
823025
746502
425899
959388
610509
824532
276726
731937
982801
176891
613631
504519
562854
859976
929561
746678
740308
194217
479030
732904
97009
476695
861094
470424
109412
690511
153198
203098
614229
859963
827841
569220
192883
568496
482781
417226
458401
781073
651781
756584
126462
494032
91094
729400
139023
937364
150921
93539
809803
934199
382340
557940
744259
461926
49373
810632
240237
500844
12972
72866
404748
571720
402123
161115
801021
985530
711853
383798
12767
813085
548888
434321
95776
461358
265536
968184
50465
213994
879361
88532
829125
225110
127481
53057
947675
905944
900289
512765
121637
942531
944006
596028
960645
588336
934983
262360
535683
684359
759277
702245
516221
526301
991490
668515
330604
129271
453455
431564
844046
44973
839255
700238
315382
578538
533161
587859
862764
643856
693798
99387
634242
956408
685200
639659
314804
145047
893642
227519
187643
677052
66994
194971
830830
507381
878743
364703
894485
460242
138521
718648
751372
998913
147420
960147
2641
426072
197352
279661
148266
394866
915105
82567
126454
149232
705309
984373
276110
574881
491111
779284
736727
247804
966480
75547
860967
696842
269868
240907
235729
991969
91632
723712
683663
594570
287526
935850
176139
991492
449610
922197
628170
326050
976325
114147
282613
145551
499139
612764
526661
973682
153843
408540
812875
87852
314074
542251
533658
906174
818517
975337
241810
313416
569577
192744
641289
846060
699208
411668
600983
607505
461155
261197
636862
89092
24486
402837
795636
335928
251477
34917
710223
544622
573121
254682
400588
745840
220390
974925
947452
64375
968164
688064
387404
37036
588824
351475
658415
776715
469015
469527
48810
284260
738183
515290
665340
613948
668889
859425
331239
345104
963430
105364
253727
233209
114725
855186
332366
717227
419399
895237
915266
674071
199407
374545
44916
681969
598033
666854
129590
257868
668774
809974
484344
689696
576713
727424
76086
244654
409265
155977
812994
863802
364748
229932
696361
623543
328692
891785
345669
914561
117136
915801
741151
415300
554634
607714
503102
471674
807464
163653
900368
267217
730378
940725
751796
479786
482431
263490
569954
762878
48707
637075
384504
716827
837593
64051
268066
157772
366401
838594
59684
96919
545495
518092
456455
573344
247304
224630
82782
42539
433457
292756
576371
53887
598805
621720
953875
491557
519355
272294
368883
590096
643874
21122
823230
843862
93602
280811
590076
485981
981409
90497
482912
360081
479278
368289
191790
516113
614013
379793
476999
550569
18048
34455
563666
75898
725342
661348
363337
253302
688914
776366
19805
942920
538083
339227
566023
836688
960507
601561
395949
171980
921255
444426
989613
618578
941994
847453
73800
962873
503998
772344
704622
754456
245416
873553
942050
40550
35255
1884
994441
488385
721496
109662
496149
814218
480729
533345
186312
585325
856632
994368
956391
209406
353959
126306
728958
468607
423967
635971
225034
433342
44126
599662
255686
13083
866175
107591
520597
135464
637556
156100
157896
190953
832994
665980
822413
194810
666072
422808
32053
382480
244141
684070
237152
664791
816310
621836
986696
108219
223777
643161
772262
939075
553906
488631
399236
612247
954967
543229
144352
199010
476521
351329
322874
440530
377474
314379
159867
153660
21877
813764
700866
202333
31790
297485
433675
196348
98727
85644
659390
220139
851076
893025
23314
240747
992589
186007
133852
620271
857669
943991
412216
892089
856107
639158
864402
723105
595660
223438
768146
838516
352003
944298
839458
855865
276559
271162
951389
830543
619215
70631
34005
428210
36380
657056
70593
543964
301571
291859
267969
654600
151774
931576
351632
96722
258958
130823
536069
860282
226838
836170
460678
138823
179799
137869
133066
804168
867492
426993
213704
385461
897409
737568
680065
971189
285885
772122
144871
597433
729833
72238
822761
948357
518388
56773
700700
283279
71012
263641
958919
124800
569395
286467
452363
818135
608964
177969
168237
44525
24768
326709
817538
348179
805138
32059
163510
728151
559611
9171
879416
262374
472914
543852
335877
491403
209180
487458
147088
784405
698819
644078
319307
349655
568311
933500
766485
374217
623582
472858
583744
909196
780985
761548
712765
784459
80596
727292
422183
912189
43625
241486
193576
615110
393043
23506
553164
20413
72106
702675
527200
455817
559743
889164
566598
772644
802229
755898
386713
335938
667258
6925
414967
518730
761313
602552
82031
284227
520926
950504
446664
435850
914781
598353
282924
357375
503743
949539
217456
887232
492210
901916
596609
596621
301355
691703
303468
358155
948419
511042
99145
673380
530603
369549
857221
278795
978573
138878
760843
423005
20161
673346
106383
624739
846697
418270
647095
792500
568298
618979
434662
423416
956615
806016
309797
1799
606299
138545
77936
854383
245427
205077
530395
873684
936070
766814
673503
835314
927186
423906
874373
644671
703828
522446
699310
86508
442850
285689
642428
174729
880937
811158
784097
732104
83647
271364
89410
659737
128228
30656
629639
327797
819162
262650
843010
450231
176414
110725
86585
171236
561218
11239
79954
790987
941608
168336
777754
862600
312797
187432
203121
108066
809039
294337
136918
747156
178028
393836
506699
516521
529561
776359
825253
883968
39372
105460
692338
150255
254279
895045
152006
194308
349298
763922
411812
536103
38419
67277
214086
702683
820780
465197
21770
769187
838193
186087
506233
464897
348324
164412
180404
983385
683023
286379
999101
61877
935773
299718
291679
144866
559062
377570
778939
401079
402934
504488
731505
435125
640040
617928
379047
269002
248548
724238
931129
179888
509090
614924
154365
345011
601401
294391
472369
994575
844185
572878
277252
636599
735777
759605
804285
852082
175710
450912
781004
548256
877921
254570
944108
361307
947964
350790
174449
816249
663257
87180
163507
401709
340918
915573
346263
334989
950081
75938
270775
775662
667659
186774
496109
226283
337964
486917
163777
873093
665396
270660
280620
851236
416457
831711
721993
106364
550690
434377
211159
415819
363103
436718
360429
649278
581186
543717
261947
96435
79566
895873
831736
162266
63482
6215
202605
921972
776338
719545
32094
365309
994475
121105
954000
902567
313281
3017
347196
820347
195055
730519
743374
557476
864521
938039
590746
907591
523801
491680
973340
436682
543413
268440
61354
178294
478906
699811
863352
492791
38567
812375
375176
143104
353560
587403
498860
790539
271580
61422
290297
680062
108598
166387
297226
328106
434413
164586
890094
500716
104528
423594
358127
876854
936522
488619
274368
615528
504029
769968
991874
777496
5822
461601
339699
731697
739341
932598
426419
682999
817520
860688
842484
815272
163851
172002
88382
516926
360158
372748
874205
914
548346
827848
783656
327130
597665
935229
556782
905427
804729
42033
99262
651386
648493
596060
780243
181427
910177
650263
625178
62221
402639
338419
836962
528861
691779
950823
552223
232390
117487
928929
553435
285403
326892
52541
309626
578331
870798
831059
539688
959579
510242
798955
13857
48769
925254
611979
891292
671660
489957
450929
699925
843249
583118
497821
201526
742081
202545
717702
793825
994598
308853
918252
508572
351788
200504
965773
857050
802588
863204
783601
777058
753315
862635
8928
991646
658898
356255
954612
751299
456831
609263
326025
147927
241416
952322
361104
306148
733752
173673
384387
470647
823041
466949
389299
784213
699369
988597
891389
52603
870338
729721
717403
985681
106897
902696
2326
293802
226513
397770
330713
775354
732944
80339
914785
761301
425206
503037
381649
854304
620901
647424
179683
176790
218108
145073
231416
306937
599926
490036
6031
333587
709104
421087
37972
470823
431880
705133
823376
456825
911393
360156
333311
145335
715394
109348
112191
317507
532766
4628
860516
471198
617006
608138
200808
939826
301435
487118
269824
373884
450744
99148
429898
597460
929547
121900
834466
381338
224108
911824
514771
578879
801574
709033
246378
181357
604539
156918
528935
659540
408357
580955
690893
803026
97078
488922
383065
408510
751904
404528
927887
666130
820881
55374
524079
79282
42359
923762
183111
634141
783521
232610
658786
815087
34630
491525
745438
625296
278942
205150
447131
384381
669742
819557
819471
993009
793185
72772
433399
767535
351442
814635
139880
946927
710503
486672
70916
904546
942423
416966
522119
184484
804491
15225
236865
307262
458146
982212
712670
414676
7183
689263
340641
19249
77277
794184
937647
955885
411283
6684
665928
506681
457267
551379
830928
153927
150620
955749
889867
739096
434767
321149
709096
932899
970958
207912
229364
904351
480032
970490
497007
852270
338290
933821
407484
806118
135832
840599
242481
61884
894832
63031
317711
720783
953127
173883
65675
758031
688853
865442
787339
696200
93188
648937
953708
559695
291278
515076
246336
833671
523428
463866
870485
782416
265451
704541
921584
392270
96512
409253
689113
266321
560669
759209
766480
813158
741459
610937
476701
999865
509943
366938
360261
758949
578905
941279
178137
447066
437871
109152
120488
548394
507921
803738
749716
614000
928094
166563
890946
259933
674876
605832
116715
99616
881660
593733
195920
246193
583707
154271
616394
876539
762404
610786
231743
557924
873652
806835
89265
947002
441046
117265
694704
172987
33484
262508
711728
899201
940079
89121
887989
963848
587181
939474
447658
906718
76210
542495
162897
728102
161442
705987
686677
6024
585346
566157
624124
631480
423734
892792
162296
383970
740453
369770
55388
477743
558009
184006
373036
242551
125442
456686
120909
107907
384890
46296
309275
692221
540771
851339
710362
381431
322125
989239
773956
725460
890483
568431
749632
975895
231237
898116
48692
821638
172481
799679
411313
549370
859322
376314
883213
798470
592827
646619
840718
195138
41797
751406
81666
116787
442035
23390
702316
864088
29311
464016
847449
681555
713501
467741
669264
143538
823493
985514
601191
80730
831630
875045
50
539727
425398
244125
863447
484642
603006
791294
891197
667704
937522
655272
466211
582898
54022
69996
867981
570238
242780
140771
746392
7738
484131
120298
67375
663616
653337
981117
970326
4562
769712
165871
25444
881699
547279
591747
492302
947392
807791
510507
143581
787546
44582
862362
512833
537328
516481
472776
584384
103837
208777
229954
610503
509755
153000
833514
618401
429171
508454
809362
932485
459363
667148
558449
204425
844842
471017
165632
971061
661139
183922
311988
943347
354203
413700
12120
586210
248480
691014
892934
622857
446505
810986
173058
70376
19788
15186
186610
145386
406656
638927
617470
60536
680384
374788
538816
377575
460055
735977
351208
685329
198094
50924
9391
121601
550704
993521
157878
823432
931255
373114
173435
379244
947093
397026
829686
11968
275360
677956
935830
272527
442586
541049
880403
740466
738332
715261
156336
81857
234975
506739
158287
229862
279207
620415
193904
469517
757453
781265
693384
596024
765031
667330
506682
68014
391126
534870
209652
650067
319595
208866
582569
189651
196534
942983
515558
612344
417005
932828
507347
350620
271094
640426
360777
162360
962642
563984
821450
646554
75941
111559
512801
783541
259174
332800
378711
236562
375583
826538
459215
979621
557089
107919
673279
688698
785672
446686
559691
661070
694886
755587
964352
926715
204303
714930
859561
489675
515393
341443
206353
198893
591533
956088
636567
764100
60710
128410
260647
825181
959781
102656
98010
699577
782071
361969
762284
115913
137412
306273
273814
927672
56188
40792
343496
572066
998111
341616
232389
46498
487849
900477
679642
462600
960537
328711
783292
118378
76829
611954
11261
63569
425372
223359
222699
30933
378527
225067
975557
596035
857373
444405
875739
223226
85729
712381
432065
535637
592986
373512
55983
90114
504191
587616
300984
642417
383517
603288
211301
501481
39550
135150
543150
462068
312439
743689
961300
941883
525327
728225
917278
852076
452615
23357
798702
561431
795147
85400
807102
437976
441075
947037
349757
140463
739382
561426
137152
95404
673964
584145
120679
326405
385213
612784
781773
541322
244588
185346
279787
169071
409786
431479
562890
617224
4792
868574
766946
44756
651180
678859
628500
797808
766239
419220
308097
650733
562946
351605
430597
437371
262266
358419
775892
517252
92495
520414
175535
656661
833900
140239
686530
325815
707860
741841
978589
642332
714914
865148
757133
436533
466106
801020
755926
589664
356626
622096
186960
988671
902039
887598
79836
435940
974909
966469
221633
721192
318886
247962
244006
593627
505710
13076
92782
806421
876561
538963
125420
426347
414394
625018
580481
866494
892136
525005
611289
959917
533503
12598
929982
84906
287657
738530
944535
432042
454631
886856
170178
877622
512056
583754
546377
356319
305124
595764
283587
64910
229349
981153
940746
993273
947699
356028
801684
927922
876075
698468
175728
744922
619931
590569
14303
490098
587436
822643
331597
358738
617452
273987
965610
925938
737912
103505
655338
79717
205123
280851
413909
369702
438213
586399
438923
293963
488578
838183
540184
588118
168885
631012
84976
441899
618393
326734
905095
550043
3349
197255
985807
124958
685250
461271
883087
386848
647066
173394
165661
651186
331006
106774
598840
449057
236963
264817
154756
236196
695195
52703
732130
621294
213756
881072
179371
334756
322863
293384
926026
604073
43414
547137
712435
112916
26267
380459
825092
304323
76242
407155
675510
554057
751818
893089
659839
30723
485813
404091
187912
921352
962353
565447
601734
527742
285298
236910
544696
974537
803342
788668
58555
719647
568997
106244
857229
589495
963627
181089
352732
420832
157268
155479
155274
805934
155419
821975
834240
239631
600686
324577
393900
829499
349113
14084
462488
204362
778317
731649
680616
592799
161325
196302
287984
286722
103541
147062
98224
649548
130152
86237
761197
549691
289940
482145
34412
217190
57828
978909
222542
471562
212994
721991
339523
309186
87142
251513
146028
101461
911232
499597
741713
575273
657726
257121
747516
991702
151482
263034
545904
171286
823876
742724
875785
82584
458951
754231
512305
195123
445274
888662
100860
190264
710501
577873
855841
48352
444334
756555
440726
516452
546367
954038
585991
515628
758902
239577
23538
938591
105641
891571
122466
238169
909875
160442
441157
890427
963744
522812
70764
401457
108583
101984
487964
590412
926820
290203
784537
521987
602781
510762
955579
326783
486175
52573
911274
940680
907611
291623
84320
255988
728263
798489
605593
788203
48034
649398
228583
74195
730324
341362
723938
298332
137331
196172
216508
111785
705954
2949
61618
341849
629204
390331
116190
642546
452846
857575
693993
894122
838411
352111
17503
197585
545177
10601
601371
940830
966624
843054
68129
419348
143011
527254
179722
259536
479007
475157
914586
276530
461168
432369
611373
128358
848979
941983
904336
651918
587270
104698
115181
38349
668364
372511
404190
209075
89677
34663
554658
864832
167321
938754
915117
949143
11917
343340
21721
318145
120846
350351
691131
593370
70195
371637
912401
135452
929151
439144
621975
262789
247627
897641
433208
984168
590786
267849
842466
964942
99910
539942
756786
682694
344881
764165
121294
596496
540726
347401
874834
396130
937381
521550
486562
784853
289741
10213
824799
733999
392059
481964
705845
267149
703137
18184
857296
690285
396307
304194
867694
930902
466218
549755
401488
236964
140555
344461
650122
28724
131202
371328
539130
847336
671687
778086
257493
597463
999331
572756
336797
141908
502252
668157
505135
304985
578092
320556
875256
603025
52448
503645
882952
413183
763932
66745
409854
280270
881228
585773
236131
484853
821013
826982
744467
920262
326745
217643
539286
685588
589338
42646
34318
702271
744246
80816
807048
883102
398800
224168
354100
586759
22095
108976
142002
774589
611968
202741
496322
535223
747607
777337
614046
833097
48211
144846
967140
235314
101183
166704
964778
49537
78420
842752
2614
98532
149308
949465
721286
1358
945649
661009
926409
707012
670212
366094
337329
918917
886458
842434
504928
562260
564241
621444
690303
197859
222560
570956
17646
698206
284188
551371
611797
547408
956919
855525
65305
339702
467810
709836
410539
670303
381043
415738
764026
902396
566050
496970
109896
974858
178414
426100
339418
850200
567645
434916
653513
257847
394592
998517
206838
944190
531284
35215
339547
510071
145189
916697
520892
329770
452237
720541
696252
454467
574907
822328
572107
411106
298766
859578
163965
986624
204544
717088
392566
231097
312608
590955
994626
113722
895031
354012
250497
636679
844556
476687
437439
815529
808708
746417
987746
239859
854945
829408
412284
37872
879019
238942
454145
668011
926892
298288
885394
163803
429396
622937
471224
615912
974845
1710
211308
859550
522889
887190
948498
460205
835624
866144
746438
229914
222710
739521
459151
784710
987521
629416
731953
847897
229736
42880
579103
956299
941214
295746
950540
876303
575246
681139
704226
923676
406297
226753
644044
272857
769339
950134
889838
804260
529547
320791
190964
527999
911841
807708
434120
14487
642066
146059
210269
86899
314006
854707
105065
980661
606795
668034
569455
241232
441426
918659
429690
913223
972311
400248
127270
528605
492143
876432
899543
690527
196762
788166
168845
560202
421095
48150
160144
363738
377847
50779
283205
822192
351193
184330
519459
227743
458645
192133
137919
618387
996932
408797
646915
241118
723228
38759
870333
228000
109514
185913
322131
972755
660536
611330
835477
968305
459886
333187
500779
313794
398804
887598
965805
98245
552662
953433
686738
182714
921824
711263
974719
501450
462345
299924
898625
225940
380556
798562
342806
902165
891696
438532
170854
165555
436234
482463
893199
814950
30233
922680
431517
214212
665615
407574
72729
492775
164463
858101
279928
496637
568849
107108
631285
932267
985155
476156
685113
100382
461322
564541
749365
248881
157510
479238
826066
578548
640435
160049
595008
607135
895371
899337
258603
815763
533193
301992
604940
760457
769545
91442
919644
813721
403404
429800
155747
278121
337111
140841
890478
355248
962298
4939
345502
876902
52270
168466
632093
112138
117400
541771
449708
390095
196010
110344
688152
897060
720873
43385
109771
887839
42249
488162
311423
647493
814068
763966
863949
15736
368489
646448
126308
473150
84289
974050
728341
848746
328782
183485
846986
391337
655516
631811
977879
13163
276185
964684
363497
86379
389777
674331
788890
333981
376785
898332
443367
982259
652461
703484
810169
394637
222750
632805
701919
917627
418179
315349
197213
214703
644296
272666
170654
430404
715428
667628
169284
335205
754876
736742
285536
842523
872997
736802
546941
420663
869895
662961
363863
243608
334236
693108
52201
139930
20696
444443
479332
446556
301859
577975
409467
763563
795138
417085
593179
766352
600979
402777
605560
569330
709111
758316
439683
663594
29322
567524
271736
719010
759245
671607
986899
157736
646245
429756
165218
969045
174204
470758
289398
131924
638918
617309
236851
797265
114462
608571
756103
541504
560078
287584
767991
763399
135534
469746
502037
291273
962339
282932
506062
487568
183305
5442
26528
914390
543851
581606
582696
213296
300271
569050
298073
252952
306447
625243
302665
220373
742274
51431
666597
603977
524601
903955
912453
609111
588868
104714
784859
273839
617813
613798
30916
394231
396957
842212
893505
734999
236179
148616
637055
155297
117459
57548
450194
960988
24611
979142
301248
39020
542224
398869
957306
589919
616695
945223
678502
681238
517087
488907
614103
524686
328196
880397
160478
616650
759535
266804
204730
711711
679744
108148
9130
634715
524430
242256
347044
621523
946149
69552
965534
174664
308910
347674
917321
827445
359532
704848
781981
874616
289826
603142
77071
657818
817171
980863
948512
579325
309409
860035
418383
84321
261911
636607
811951
206355
693570
997433
70611
189618
27770
495661
267877
818143
334526
496521
199638
33024
203517
240962
441775
689521
439857
809425
71302
482377
569574
356558
753677
487428
12889
356583
369285
788114
703419
165245
599696
115643
248597
428955
154211
813
735941
657747
916122
418660
102502
784567
717989
84276
626126
566129
922784
394678
597808
645248
370753
528845
112290
937935
618154
562708
501562
368564
60767
374181
307345
626434
978257
924552
39017
9547
950745
308023
599979
684661
919424
762123
824137
906231
605691
650628
645314
447537
682228
940537
156292
542438
895107
381466
758635
296343
5180
690591
294631
276348
324065
396880
623356
854241
206392
275055
449508
411356
951096
652165
837903
921831
547421
880648
782090
273566
141851
449446
390205
330518
795694
233840
627279
885335
512720
624102
812772
547384
317188
89499
149958
283158
701520
395781
942049
691824
398471
15587
822504
679586
278148
364299
91222
558076
810099
306127
255247
274943
510665
327307
601701
192627
372052
162446
81718
58920
563052
945123
525042
591047
354633
5819
612666
924307
229999
959224
655524
932994
554308
236120
481115
201586
451074
646780
199779
492810
363719
122260
446651
342958
528073
934058
641307
717278
797160
595911
60381
450732
363676
888453
670840
488920
71757
398387
208807
354697
997186
62238
931688
774378
452209
829762
250784
49695
841588
557005
438363
727587
388381
204044
25522
122432
914080
287413
462598
332521
482799
423759
887080
860983
116643
796354
913115
792638
625877
34167
156721
189068
532685
740779
287505
167166
754642
930262
97626
956030
498592
217330
375138
416284
506104
895978
443416
578440
819857
897632
607239
954922
346284
314779
838651
251998
505093
881996
173950
525775
821733
384123
952379
924271
390229
556691
574084
712144
297261
843334
396335
759138
599370
345822
740891
733961
539741
492194
511632
106330
449568
717345
98245
311155
475173
801437
77051
553012
885447
42839
789766
404382
463809
86900
243499
528774
309981
78857
664485
937973
401220
402952
667586
580703
203764
13190
403755
626367
828753
769768
399936
581771
936978
814954
390497
801177
326428
216139
594826
869710
202540
156632
322774
521662
842093
859860
290212
646886
793961
56961
684183
90049
172636
723342
977719
826954
733028
302301
772981
443535
277
644080
602187
543599
447594
193327
800258
455472
241494
436248
504461
3839
336824
281731
476179
976965
838380
592401
100042
872098
457789
996977
911551
335304
374393
990414
873330
403767
784350
161177
340893
552144
682608
557230
421397
153177
339372
946533
410186
466572
979478
382840
53673
606492
821679
856396
763744
714181
67907
75934
567681
667854
213790
109131
737344
510302
801439
99835
912726
952696
473828
511404
268360
668437
190309
792279
101570
351965
647069
45504
387933
912769
919074
491743
141184
27000
927382
540774
799458
140947
190582
792239
34349
390143
230415
559492
294206
638103
163025
818186
732297
71780
376764
295306
461274
882482
700791
651357
315446
410063
141503
363636
911072
859875
540220
258434
820087
762791
115184
868550
276157
957251
257544
593208
106674
473864
788437
643087
47071
184647
50196
307117
291502
171724
832873
131368
723254
690426
853483
108662
717269
411332
647064
527540
440182
236934
410985
402387
752627
768382
341697
959520
596948
961066
645567
889902
25972
655614
749938
227937
766148
502146
377516
686938
521961
382278
783407
392058
948417
332547
840453
680149
498627
358416
999532
844213
114628
737149
421485
72584
5398
234512
315149
296551
162891
769049
124893
60035
780695
876596
636652
571566
715540
946587
942749
930499
253278
381413
718483
874014
171999
50440
833518
74725
181638
713085
20651
12846
714782
588428
607059
992198
677361
536537
472272
444295
743207
998567
972333
671167
705599
190279
539241
387952
764008
846314
345566
59313
503614
443736
476553
389490
732196
426361
647606
61149
720634
353041
639753
953559
303483
106697
817258
691877
145078
227240
705806
479340
250855
277089
441887
297361
89266
607557
63880
971391
618171
675865
322078
217670
672868
473538
974574
790944
971108
670557
946655
995536
806080
519659
846916
226916
497897
520617
539009
883033
152627
721406
361942
385245
646893
571726
351437
384495
393505
126508
654844
165731
403369
452524
667896
334913
65708
374357
265046
239181
534324
483638
782111
833378
183341
635792
178447
481016
973053
11440
930314
366276
217594
581280
887516
165950
491276
474099
507435
515326
419361
967295
403132
960192
731334
858600
340254
437831
180713
636566
387766
614109
826792
167432
774824
286839
52565
280194
731488
760375
252553
386274
133882
72524
706081
693649
70356
499637
168666
39956
841901
216610
710021
493442
297082
146235
572455
808720
118533
148666
89007
496392
678338
540019
612372
425049
902896
774196
32459
324679
24808
379655
261730
699587
849990
642516
632380
252757
395313
535331
645161
922741
767304
17664
734177
309434
485418
307703
185566
720682
672738
38975
156627
802672
553134
356275
850316
747051
84522
728635
126051
165986
488542
563785
131484
59798
45153
539519
415902
11760
10280
342319
78159
996890
844526
797690
942282
545962
105538
513689
267455
31608
704104
903930
849768
317392
611629
644418
59556
707331
657419
197553
691890
761496
841012
145380
903435
486688
636542
920691
108251
2407
18220
179322
628702
761734
218325
105205
731860
499798
902516
586757
194720
159103
834251
797007
528259
126446
902964
413252
468975
361445
365829
637691
351819
694252
61791
708409
67523
117413
893972
721491
348616
105021
699314
736619
126955
38911
267760
315286
703953
690242
733492
492126
648852
576899
697279
468771
1783
418765
706102
160476
695491
842068
982478
517115
2306
41826
153746
756463
870103
881577
235860
884291
534584
955895
608174
197923
972874
97543
540467
177151
763224
459507
313720
269512
719215
721031
682296
984280
779992
375666
343400
625006
691762
220438
634328
113046
213292
921662
50370
327272
519901
845039
775475
381799
172224
254039
248339
438729
726479
72930
450963
814038
287162
702252
978801
184041
3716
723089
362539
842707
281595
944927
507774
448543
156306
630317
665177
181937
116124
127685
442915
664520
746215
898876
744806
868322
859827
954403
294806
815487
162254
747606
648322
466237
844621
171761
139542
354402
121961
326819
189386
308281
704627
274138
139627
527827
827701
978078
620292
825390
842535
57850
40233
205108
58763
855444
701407
511386
934565
344094
753579
254761
398682
142245
827766
366298
565221
719047
203929
149145
709744
729922
840267
628972
339349
897959
366436
825197
175792
529773
29517
613875
969056
347425
813831
238159
39643
373243
547476
131058
399979
906957
989381
900524
910153
985300
48097
677519
672532
788465
740783
511154
375086
27441
216993
15569
58676
231816
959389
157266
460631
502557
632553
488035
316252
466175
290098
461246
787884
903349
397304
421518
901912
169266
624986
479660
744814
508839
558457
662722
537329
264499
110540
50256
70199
63990
679744
541197
185828
270467
336329
252581
802878
147571
788234
466849
400558
348310
729629
979429
814354
431941
256959
480338
985281
333779
439515
323724
624796
606754
679985
432661
443661
26001
854051
96728
490399
502035
29596
219458
604922
494875
532701
558475
425721
804467
71270
518931
789994
920940
837373
365031
252769
760752
486942
903650
981049
411251
622015
108912
121577
253768
33278
859310
391358
982416
483113
39277
405306
266317
530474
101142
765129
631125
398669
898663
71772
316577
471216
789723
465317
920005
908934
160232
259437
34554
142471
287138
43221
493143
958584
703229
393575
868575
533330
650544
95000
784755
545362
9460
435228
557160
810460
549547
444134
552243
535308
330974
558779
64897
131739
89951
666802
931747
991339
342285
572490
773863
547696
645750
463207
685314
923834
182807
835371
519529
115811
491582
470253
404094
189009
14097
243481
436135
318888
887207
176228
32059
587791
470291
928554
362710
921054
543746
230117
558156
447265
362362
998220
285498
812939
370050
519750
182904
189563
53537
838217
329194
714467
864190
898452
450230
387483
348710
821061
398864
15617
868397
315799
92912
343050
913515
865532
370918
411818
145192
956883
775236
631836
499858
89606
996601
36814
35882
638915
842685
37741
190912
592981
917672
2568
30739
462174
455966
180259
360858
605491
422053
263259
6688
20180
336215
955504
580682
94087
923058
626804
990900
859856
546061
358415
372090
431822
133798
385964
234323
638708
576470
674372
272599
775459
12069
869125
179681
410017
770746
122654
625295
593913
775659
467946
146534
286127
219699
238902
837971
78173
387393
939313
224780
89966
495853
476975
857557
341942
423941
55898
353055
734701
660230
513077
125450
953991
578407
724558
572363
625073
452622
235456
919977
421161
949542
759522
20706
749050
866568
922704
340650
281491
955030
928660
953171
639875
907239
404976
945672
888212
525532
429578
247219
113921
831569
777780
499839
297685
54255
926680
465719
838945
285919
130813
162957
948441
606873
67448
888247
176139
468506
974577
305076
566461
383348
70288
643245
663971
261183
607301
647222
807162
514413
117106
894387
335172
401020
591477
725720
39648
685572
650581
134408
300421
829936
187016
502943
169819
619337
687070
772747
918454
958958
501902
402517
317231
779936
995420
524478
320161
614458
996003
896708
125821
747326
840324
69828
199499
86282
998571
894137
724478
29673
297083
538018
738738
44293
350486
17922
276484
416506
692554
781121
24206
443783
621275
631088
119741
711006
741929
604202
450129
39131
475326
835541
230833
67153
67702
842376
577897
860287
277067
724231
694401
366177
861436
571369
297851
945315
470298
83803
940712
260400
970991
506365
729255
902185
939723
358570
616763
448434
385452
522709
428552
800486
243017
701582
708074
935082
592251
606948
578354
456799
766089
217317
425086
921265
873294
25281
667188
322701
423433
187597
823003
56239
5057
412707
288662
579609
971219
179814
599869
541279
47258
636899
367129
244127
269625
583187
112828
518927
663495
617533
768251
86063
597720
349304
485642
967197
813284
163150
248818
552647
59991
57788
331633
702842
727796
435543
989230
716313
197607
592200
563799
911466
282341
394424
356761
290699
50434
295943
863291
610242
840463
762485
187032
160818
362413
419363
479095
218792
2739
426228
70152
987605
971831
206542
409150
979223
740413
596477
568515
418863
581178
969334
46812
19223
327939
452728
260763
188845
51735
574862
260859
563016
751557
101937
897883
166956
31547
763979
58010
621528
519085
754711
151307
311676
277406
756388
316565
389063
53134
636920
429290
350943
238017
803729
146018
192938
732263
55879
866355
941193
462445
905613
51983
413989
444639
516694
395099
257121
526136
381972
822471
985647
682504
619291
167054
21695
968384
162405
313676
737617
705437
863022
64247
181547
432175
313152
524347
355815
458117
672649
652598
406820
960183
220264
51405
704413
487376
668294
452329
276374
509974
441249
456722
364722
437430
603108
498022
521122
952337
833330
369781
404856
843933
361986
923324
238041
345081
185124
174269
302481
686866
474146
949303
560385
495275
166658
503175
967091
298060
5159
506395
157966
698121
278295
133711
411045
338029
210519
190950
176105
140868
517362
737830
481855
777730
76889
491280
851181
747539
332260
902074
757933
195392
876470
228747
460452
56506
758655
208723
202284
906567
628956
220356
653069
4294
795737
707345
442763
912160
226262
661026
918937
70285
103239
591665
734251
942400
671125
611652
650281
701681
204002
692807
149951
949765
668202
624837
439889
774939
149060
654339
280524
43893
305160
778361
496024
203585
189131
172654
487850
243779
817798
950447
108021
763938
349525
493995
683648
259660
636891
315310
386835
878086
690946
90104
131147
239187
555744
814009
907341
238400
168949
323948
236183
367498
104913
327053
903538
368685
751698
848248
588868
803019
606283
147296
640897
578037
734849
25576
646914
118232
971279
731873
126510
353799
971113
842209
232724
26656
711741
25468
436187
45918
185909
396834
422545
760507
838233
599701
894943
886848
491922
957509
371997
11050
127882
327945
454594
707386
497966
147004
893428
554202
867477
956658
616766
411047
948794
530198
333280
290847
486629
733282
882815
474728
532457
859577
172093
250363
634886
752292
691683
668587
698286
317607
687547
634390
681957
274239
246331
289063
733377
107259
727515
52549
973585
98612
539208
562139
831578
76843
259313
748229
894333
386621
406846
583444
769716
257669
671136
386878
832955
767886
159875
518885
898635
910899
318497
332226
471489
99734
614256
35182
29598
960953
754235
228045
895464
767420
257679
764375
554669
623219
168075
886532
908263
429411
422555
813331
201147
992154
503166
788792
335196
203752
430210
216480
283020
694973
244178
582242
326595
716128
451238
45379
391912
239882
423192
996518
456508
192541
163671
573710
441494
318660
643892
411154
466057
488936
452250
993052
541665
837707
857499
633373
952972
957701
691749
141201
70230
713305
168211
694058
589453
659700
78815
730140
60611
364097
951926
43716
397682
879531
903012
521141
809722
511152
864238
650081
670149
17375
107071
939617
902219
809518
824890
961697
250673
344506
64942
707499
141581
862811
823591
299278
131397
372387
895841
750315
613717
854452
880152
497115
383534
800187
650811
198912
166396
367437
806335
175527
540480
840668
126351
364695
897052
349717
874784
214393
665134
707866
34083
280611
814611
158231
738260
863747
949645
163011
54704
616548
546943
604789
519939
215456
703189
87264
431199
314723
832128
279085
778216
482199
603295
807476
289677
442545
680889
895318
34001
583064
772711
891513
573447
513389
367695
973537
261468
643707
59723
721256
684942
853948
40039
922906
167547
379334
538953
942895
805460
292241
317932
312741
990320
914981
130180
345466
387517
232356
396230
249347
214353
886513
929472
180460
480031
2236
573731
878285
952516
794988
836705
893540
373377
343015
331185
376437
14980
183169
250032
371707
219423
454078
582049
929993
131418
38790
893077
52290
450083
598692
746790
300785
78180
451962
281053
134086
72941
461829
566515
385582
328400
278921
103093
880846
315532
127705
114240
178587
986721
697413
838316
709400
719235
136608
392262
202349
788841
872300
824245
775649
100164
84453
948349
998644
216333
70119
890914
856668
328311
317052
265252
876762
908420
470342
345385
214775
501556
465157
191225
895136
112663
610118
396579
492379
260996
485353
666300
361253
3874
47501
323015
662634
131491
380058
642224
354720
380433
635114
689203
225153
897216
552084
549978
888611
199460
144087
546467
220981
991675
342560
533183
338456
55146
909816
189687
992024
388774
149517
15850
228741
155081
251356
951153
181810
276485
581623
480483
20617
413108
629368
376500
38025
879245
140226
60536
511902
880115
516400
728454
228124
709799
235678
145335
651991
492318
447760
267278
835297
120942
591682
137841
113953
329634
658700
807702
245388
101420
45362
863097
926147
297914
973190
442505
506953
126241
828986
648355
832351
441846
795654
947829
747838
843004
334514
471429
130801
590199
121345
644042
28364
74079
460154
409336
590284
251504
163604
161625
624269
705438
678141
994007
622818
907238
621191
296214
349397
785344
826031
33534
286651
610737
755276
680918
400242
726460
945233
758988
232569
141752
707966
691345
230061
344253
896617
427809
574876
599544
536549
894752
77640
965214
307916
736288
492474
386237
7087
805375
576831
855854
389462
147437
159044
160871
685174
661644
359497
432365
973678
323504
291973
951270
516285
900229
362967
658573
488197
140560
968611
718910
445492
235214
775441
67121
261397
426488
791838
652995
882482
332968
982045
403632
384355
98838
542030
991966
594296
429755
995865
229842
3390
642710
425512
81989
138866
855756
23390
702353
154816
17642
500343
49414
853686
588615
886333
166810
734154
331461
562212
567420
324164
84854
256643
920137
129161
825562
306799
180376
660870
11206
554166
297904
938869
735329
270517
832665
375055
262601
679894
298319
197326
781203
164330
201939
830430
404974
458527
270877
917023
900840
793310
896236
135385
634315
356676
306301
855549
435104
570490
163546
384724
727251
996019
760329
890503
533430
202049
930214
902409
502112
154389
245067
248229
596590
894609
268139
673183
528937
564236
278654
202378
145672
550369
652374
644582
659660
465780
968337
327283
714377
369411
61351
52694
652037
911204
653475
912167
990201
514784
196591
183765
371444
22572
458503
383159
950687
250816
392656
508016
520347
540759
762434
826557
394439
773633
328575
701854
826013
722792
472968
621598
713980
534749
483717
971521
198912
690910
438017
111306
115917
82791
268217
959334
739691
551665
321609
651320
442955
373643
29575
717762
621608
724116
293355
945004
626185
524755
185259
491124
461923
997811
445414
167731
763227
388702
24182
432072
387944
541172
156200
644387
331095
951592
724232
458096
935144
335479
853525
250333
714646
533510
879635
652298
531892
632152
185600
823437
213747
69097
236382
834398
347456
530857
26799
686310
749002
773912
305151
342943
144033
921722
583963
404967
231482
891768
496223
906791
631311
819603
988845
185434
839779
301701
642490
493565
475299
123830
655426
847250
178664
208727
322268
533712
748057
553567
894440
680234
472558
223456
610980
857018
374351
341381
446814
858762
637530
433898
6916
78335
235140
974872
258007
958627
370647
896476
351614
624717
428697
204226
431223
32495
954317
33075
880424
819644
723411
257128
586836
179252
917290
13194
687209
954829
592726
448040
245045
858751
55709
865044
41273
203245
617387
475419
643286
774891
263317
249758
73316
284848
741626
27729
778402
649433
497222
985680
385095
902935
387728
808665
195319
970615
300131
969130
931409
537229
159834
638712
593637
123644
973348
608457
640899
371427
50856
992303
672366
876455
588482
52577
221104
727833
948586
194103
524359
151428
168182
701442
452093
952790
739382
99397
425813
312360
681085
477268
979105
56620
815615
833352
622449
892594
16278
662940
371110
296983
490783
409960
236580
328714
475137
70135
554277
52284
842573
308167
883819
634660
216321
774428
965198
374508
827495
704769
92659
354683
421787
797532
583197
690208
598569
801453
923805
498008
972692
458147
291173
220540
390132
838107
842939
901514
937719
115510
569865
764558
806408
250581
415056
315756
98380
779827
613117
899341
422473
961888
400788
240164
653153
743702
790345
371932
188093
168762
174830
696352
163461
704112
911685
494726
980939
317531
231095
853016
485127
64048
415262
202177
503421
614134
711101
958481
531707
677404
284495
457325
605246
742582
209020
879382
493940
987542
607080
497236
150045
42179
660006
47870
678667
42265
44427
339881
737736
484860
234780
521515
867926
108154
96105
984651
662417
563709
156403
736583
153585
50857
840776
960448
860460
925528
467248
274566
892856
179887
283008
68284
474542
151261
952139
890792
444234
952304
417336
864665
437839
931219
426415
107253
901767
667240
950125
677534
771048
730942
614712
111105
626835
114223
459692
254331
604725
47641
347315
198503
188880
957559
698195
283080
115092
255067
75297
397136
703847
780682
600211
191499
76676
839988
326323
811243
847231
309134
736368
902128
510631
983502
404431
176564
769988
168642
611326
143760
571647
556430
351561
872430
295137
538304
851302
244909
852660
549265
891562
739370
781893
508603
597406
879602
772427
645489
722157
294912
702370
522880
23092
952756
837744
908928
15868
537939
551976
760758
702916
841461
344493
372426
696822
868367
600974
717919
870140
599325
95664
691412
838956
404076
261705
805143
947487
936513
747720
94689
774943
300522
666131
953938
805502
499935
519848
9577
370692
460307
242213
291487
454336
686941
65763
19873
225151
173950
981244
102569
737435
193358
4909
571768
860458
551048
542935
107314
744600
94510
849696
591445
268047
174170
194358
392663
709586
997347
219572
612124
339625
810920
359773
875473
295159
837628
457924
485736
426471
449006
589198
547056
473605
727667
554448
473359
396777
454002
618002
148767
846669
224556
277941
427427
904384
164039
383280
872357
40244
240118
98422
651693
547633
143110
294324
101856
525100
452102
373878
712370
733235
313812
625769
57225
485695
12672
433723
75696
341292
633888
907551
482740
554372
531504
170924
33951
386807
424995
625445
422478
546343
947018
387411
490673
626656
539936
726159
562079
45093
107248
691292
367572
665381
508963
474224
669384
536845
537770
467411
945836
640503
459332
314977
839171
215295
788716
47466
545627
742966
896547
207608
964136
350192
75733
993456
193915
435704
214122
652561
729956
335396
93036
900186
117473
894467
54224
942024
891969
234738
226275
196669
160537
503822
505106
143740
639586
44163
1110
492241
541550
982403
952570
435790
828037
528531
743818
170799
387680
695807
736922
860447
288641
4334
6640
223700
307629
739856
82767
90069
222343
107892
150625
108891
579275
997237
828672
946325
248035
319188
493153
310790
712745
285538
728157
382154
512826
603220
751901
613750
378739
526905
637730
390876
515531
518663
191471
210094
114253
355153
452371
332666
62320
397141
655318
545235
150228
344433
521088
170576
412508
180022
908928
830446
739874
753813
512576
544593
418715
585334
228931
647143
118857
563112
18167
900781
892055
151730
861085
308876
972820
993864
868497
190299
741519
787802
603640
93128
997963
291654
241414
155920
442399
449005
735274
154411
31789
593634
525014
742598
952316
765439
461422
354472
782261
741010
700428
212790
156919
433397
296942
205586
189399
30715
267965
149597
37559
824326
646586
401821
413249
951094
378311
541434
543745
955900
704272
725283
256093
312396
370900
376782
541361
769841
361108
320092
672139
862522
226582
566042
453440
432210
534806
402340
182185
833261
878026
306916
771389
331039
804881
770360
108236
191687
842295
507442
890518
402280
202471
678200
148806
446424
979118
310220
471566
297617
469415
760038
805536
216356
908489
120509
214662
88398
739465
7974
938462
618083
790765
504659
801334
129831
334831
740348
86336
286396
936138
330842
951794
794805
461348
568848
148732
202888
88983
342373
313255
90914
149405
750572
794567
6741
859480
227717
397276
150189
2684
94076
167179
124576
441818
898382
641332
985955
358217
42892
483120
779865
823219
355737
940520
836390
499769
309325
827285
215394
767172
141308
457551
586026
994410
976145
889684
938832
978552
373203
551448
971634
378530
456842
19779
44392
22660
369467
92364
112407
161556
837774
701808
325154
590375
826833
67214
918977
135132
642389
659362
697194
925353
735798
373148
830443
162496
927928
868316
833433
432669
401741
690381
717538
309231
395764
186523
595519
666400
950331
367250
771590
841155
535717
585172
675420
359641
7334
366199
41480
746496
725451
458873
159010
998585
661942
907232
629738
574804
203527
601907
274485
26170
930647
577550
364481
739351
316382
946598
655786
279714
578868
712282
919222
682954
331125
653105
62922
223423
708669
392182
943808
786265
638482
351533
106256
460905
924385
856049
247851
72411
708193
821163
24230
682756
45844
264625
821523
300366
480684
561017
41004
82877
865418
620344
592681
306397
703457
23771
961905
901514
719161
554785
518892
363996
779664
797843
653687
83437
291931
579617
631537
273544
473578
206875
954802
814575
186025
948936
781596
470985
934402
750118
924297
665126
221664
991807
112676
994032
276239
982181
911764
868721
964671
545418
22546
676859
956008
636990
832027
95096
375047
337029
24705
36494
443398
195284
976413
673070
276857
310568
12703
905978
712773
448452
334662
395281
354907
403269
774634
399608
677410
519779
18422
335142
666291
761862
44980
963180
878078
762690
164865
955007
972361
665905
525151
655587
262169
494572
253033
685046
602345
489126
576033
257111
706839
546148
411174
831345
353182
291357
640833
827432
12030
168618
385182
468126
262712
563561
247447
753570
964149
689140
421164
60214
748103
580537
776463
466619
612615
832246
29148
770491
409884
56468
483878
613523
161053
103900
991149
419963
4942
760730
436715
53747
114311
806541
189069
597708
231539
139079
442303
357713
515763
945128
219808
679568
113122
716081
340693
348872
39796
28103
227641
612912
252471
210887
670002
983266
994940
423616
215583
227554
160527
823505
613357
555855
346593
175200
301129
663717
740679
204276
405488
903469
104603
162032
326114
659394
116736
775085
337012
636608
774852
716338
593349
944138
515550
352787
948873
394296
788758
559971
886785
994012
459012
746519
801547
832303
432368
950840
388693
580957
649625
698180
450669
709738
428881
88098
702260
453439
313221
534529
342898
796309
143579
327820
705859
748925
713716
496267
836398
422153
880656
302105
712470
669019
966033
346366
79177
679880
195992
978856
241461
911464
504332
22155
284859
244348
864697
845650
282396
440956
286292
540736
365073
160573
392861
852328
21623
516732
586525
545861
777766
49674
291343
14455
47330
270931
758747
326875
212010
979916
205629
28421
965102
938489
104004
564189
723806
866648
937847
951059
534366
954605
82834
881152
720149
911403
101934
795546
719909
864252
284286
311060
269493
208109
792949
13136
743081
260985
3526
695170
511539
539505
643011
841698
431363
14852
741351
380941
74394
671473
588719
224825
262460
727302
304610
291155
435972
472979
560562
916023
578065
754160
902011
451403
970334
362856
92840
252409
692208
789121
751861
605703
280680
376617
789006
572308
595704
796671
563799
681265
409523
117818
743173
948057
196796
532538
272745
108814
46304
768297
699341
640530
781440
84622
168759
708416
542887
682478
972298
481285
512890
775263
843468
799229
327501
543786
703299
583790
38738
398620
477368
853019
960940
307946
258269
810950
627490
112830
523146
146438
455278
467042
52323
324800
599093
809608
485142
969989
614866
154227
794881
357384
215051
58438
174768
502458
681253
428391
970820
571908
440596
787408
687855
905824
986314
404018
624923
754837
185200
399749
119978
57229
129778
417457
591896
127252
543221
560786
501757
687023
954724
93548
969648
998231
654760
799595
361989
438993
696566
140564
125942
145067
246402
515022
366431
424404
786961
342343
78115
475417
855788
120196
332781
455224
426992
683913
824913
695395
557890
604001
143888
671570
152481
723979
496634
842629
486100
403201
802350
751893
458050
763238
208829
179510
715616
468171
403501
872460
519940
717854
464025
303206
788505
530735
419062
13979
217196
768480
630256
661439
364450
493545
177138
51010
711116
830918
270981
629350
352339
339709
777040
488476
187534
787919
483197
599929
776947
277627
286973
87002
324329
286313
449313
490449
854651
21818
450409
449354
641705
340073
357658
172607
97881
995614
219336
316307
996011
583887
502004
620495
574569
257875
821454
742008
657373
863557
704475
451209
136317
194705
519729
345234
758210
185822
134496
64557
803543
562648
695019
382936
166060
278425
184308
877812
132521
62387
195253
460889
78592
785500
989034
360404
79643
259575
620877
479550
900725
731131
196537
944634
772165
725762
292336
883530
353620
455920
296888
186127
528688
787006
11040
605915
735673
643874
798112
530804
388056
885981
335710
148200
601552
772576
381389
359112
825580
268252
206128
837378
797080
987685
315325
