31
1000
553054
506702
569909
174683
654137
15129
582038
425278
189604
888107
831079
616142
799143
347882
465305
343979
224395
926829
715781
251800
448725
787567
747322
65924
234656
411360
411557
549220
811542
654998
53212
173755
861514
391138
376455
502395
645877
758717
664299
31109
384140
328160
92436
411405
898234
598002
881311
229081
947007
194652
771553
932520
220068
202937
999800
172975
998170
932521
80684
908734
761327
27653
244608
111682
55468
647340
306651
411171
345869
937916
98766
161486
79453
99357
566146
609549
818286
253943
172607
945297
470706
392259
87195
140370
786938
848319
579837
971661
698056
69819
725901
10796
866130
83537
844474
350660
915030
484594
585895
86200
939284
688858
242931
430010
221357
601061
516899
21874
448022
685500
464366
817911
731193
496296
18085
116154
488232
224071
608382
132610
997886
369883
439612
752465
502996
810751
799420
708006
709661
997046
425309
674140
44639
247452
369293
303728
668750
841598
679149
583776
299527
663493
878944
789358
447398
65229
894261
800451
454724
631892
80110
649265
333648
104589
384877
118737
779273
51604
799162
897547
107221
692541
202227
717044
283329
571973
170321
744658
552406
172778
851282
830522
151636
594454
677641
660506
663630
706678
698238
978195
808673
68522
570115
491710
445202
612757
37524
779472
25539
873299
868714
644632
140946
784842
394396
763173
221199
172250
491314
23940
705431
157870
28360
181606
922513
142644
931548
612961
514885
211753
138548
921997
237204
909517
424942
918479
242776
777014
517606
914866
355929
680513
622205
632945
237800
605539
519180
674513
816412
436317
607846
770539
44966
994702
142274
128327
193107
686882
470221
81252
211871
98216
279051
250261
779376
863298
598054
763013
652214
763190
686613
880475
586716
33697
756650
188472
984619
746634
81208
758365
657596
229076
247454
29034
123672
653966
627893
328066
247214
1189
744978
585930
85679
271609
14904
251343
19722
617164
838813
698247
664447
443927
170519
486319
287714
594807
207331
180820
759407
192004
204882
948462
806404
439362
803089
166438
952575
925489
662035
52729
246068
319295
388253
720308
146507
160606
6189
357087
946421
269935
173064
221110
592649
52125
246687
730002
740991
295111
157597
661671
649479
826709
726288
744742
463047
348076
29169
820803
157232
212412
842898
609297
83067
688374
367459
745289
989446
904923
72672
115113
764997
5616
122779
484345
337382
584014
656609
627560
901573
212182
644876
753301
751113
837057
969957
915243
7321
428373
223731
149796
339839
782387
378788
532782
307607
608525
704087
854186
247027
566518
78916
761425
409359
520978
282697
880945
957547
333932
217106
916566
330891
603558
472035
692484
305095
553931
886917
760415
189647
901505
147915
539309
258303
315738
717311
234932
179995
26889
336366
365758
970599
876977
633357
487995
393894
145113
603335
410501
798381
760508
390052
471422
681250
67838
747671
738901
82966
186872
73828
721320
403261
339188
78700
259204
243974
230772
814678
588871
795483
133869
514460
299814
878583
40913
408559
565387
977374
811018
514632
928983
696318
935490
683277
460101
604000
58655
862555
657198
739979
936012
55286
164713
269941
21619
566283
997322
436327
953223
329117
740555
888428
899517
404628
717513
795189
977434
660959
742117
602508
202791
370433
565963
551603
356674
977279
376591
725081
329871
349733
96243
935096
511115
349104
184965
306894
662145
710235
889701
707253
479189
290889
536037
705569
542845
160523
25993
308854
683024
535311
80813
647300
140406
570086
541638
781536
859839
617712
716672
462496
897169
376998
58375
221490
610233
892868
426274
809049
18402
918289
298233
467717
267747
343564
110135
559439
675890
203445
596746
523022
97910
437813
489351
968408
270907
549931
700331
141465
280319
662611
398589
41993
800041
57621
716815
383949
772761
867944
339939
877932
922
340513
731689
614956
8820
978268
541862
352777
929759
35141
701169
673809
963025
128516
237848
305375
480824
66371
443807
8177
926148
84701
637736
838312
445595
328036
355758
546781
544944
139471
265707
698651
890222
531390
579610
394748
655310
241068
253015
913891
673672
194160
890658
356371
827621
627696
72514
444138
967859
250722
832006
514686
22867
808320
820967
783827
269100
323656
142281
146869
732354
740973
177120
930744
763937
721885
629807
953290
494003
433328
473516
303026
732337
777450
144832
36391
334902
645293
897130
594255
779055
857534
50883
82003
747887
283186
933020
200859
878239
60020
569987
160875
866707
7670
152805
765401
417975
221298
340237
91562
219112
932380
868171
282505
327135
589158
431599
621219
403592
307951
633140
303394
361073
513609
211195
351363
523934
114789
917164
734102
193977
390046
636353
812050
276006
623582
479070
227346
46773
625329
149208
487280
757169
874340
811926
888700
335765
854681
100757
479642
40350
56298
451141
389301
995196
29688
801809
546148
549218
9615
104316
190359
878908
70391
789926
465789
303616
931802
125615
110390
999326
474061
56306
988528
61841
408189
761138
167776
873815
561911
173075
906847
15421
741715
828159
892703
407956
131070
637481
685192
4928
195235
256238
831219
376686
169334
94871
455746
228773
609501
172667
59546
549046
781562
790722
760510
12942
459161
273348
431497
678442
400435
913871
554375
849001
860637
943624
243889
233789
963472
944808
225796
434043
508053
833832
318333
689875
616461
583608
680435
336025
155162
160296
933968
1025
48110
184874
281965
514282
547054
802926
742218
330321
844290
851117
788903
948262
602812
803010
737665
620603
305250
262770
525420
91801
668506
657484
431753
350637
479409
441260
97701
38944
609735
519961
218351
682308
111323
298958
933075
983146
401263
883606
917943
212304
669144
78032
81425
218615
938980
412754
803747
105619
685671
226730
863892
9628
609444
727104
957228
515394
62293
247383
440620
832637
737176
732018
231496
818626
930870
5523
47490
685777
441424
119583
701156
888107
325608
451165
259866
694818
71561
970269
101866
764936
660500
585269
153488
423177
991977
852455
993722
801365
567662
245726
478428
235125
922559
212631
899697
712383
310194
37533
588560
915429
374917
341484
513127
701351
616167
138359
308438
777129
859359
203333
412330
117023
542685
420598
791284
299364
323548
508580
200965
796138
645552
442341
335369
492108
431473
828524
327294
421568
584516
914703
675215
467368
594563
792931
921041
180167
809992
62211
95833
872848
252443
273648
351287
750874
708597
445202
68564
547633
198065
534237
179812
727366
87822
378895
870919
885062
936035
239253
899330
190856
500576
202509
862868
505503
405756
965607
10744
891087
479616
562597
519351
675613
21168
666241
299686
224447
875729
691373
369667
624563
752732
22709
629096
387244
213373
734337
797802
188262
918536
834614
763153
801883
291577
976509
175859
758670
373926
693851
635823
353220
324547
118207
643267
980882
560786
322907
771403
106002
603109
407786
476951
659183
83409
408463
249767
86304
13105
954590
116101
827250
374420
852404
743999
322877
976580
324992
