31
1000
768896
761041
686
935954
700426
5452
190661
35343
124762
634925
958603
691081
655988
300316
452489
518128
843346
473180
739966
461244
342673
681072
662175
714786
770812
301274
929262
169250
722740
604094
830965
841469
981113
715430
150047
888965
246807
505951
897844
225548
899247
313280
681583
466878
218529
759754
652670
911691
106003
632939
632854
560444
711841
967389
116720
700327
390625
23275
612643
819710
966481
741972
82207
470593
120031
111176
103363
338900
551253
398863
739420
74667
834784
823241
82875
73953
527035
902160
139634
29992
235389
998009
149034
801499
643323
702522
15524
914224
735451
745189
532554
138441
276982
768339
709105
525033
475369
354140
993582
885699
559161
33666
106834
122734
180832
484077
13123
251894
20280
857361
805368
121676
804931
123499
251152
376733
494165
190827
995536
618944
461534
153964
205496
822216
155032
391134
709824
29113
614921
231429
498292
304728
802677
384474
849641
817755
373604
286095
221211
112832
186891
698288
204068
228090
697050
825829
365787
249349
390818
542740
211271
712987
749984
925219
745663
732671
609834
640411
574559
511478
724532
985768
363625
976725
558143
732541
29173
524342
569184
623700
593814
234052
529769
593043
874507
751542
215414
328778
530143
697433
866709
276185
479326
578629
704275
709551
103348
935153
499423
317101
472931
950307
637214
805160
122080
14016
173770
105677
533067
547905
304711
232032
151690
725702
361668
280157
20673
729285
953482
917759
498543
654043
442853
774750
442088
70851
66859
938611
218411
550884
827885
479288
670559
975044
849210
142634
92015
249947
531402
92528
547198
105538
192974
519958
86665
237450
846738
706994
357912
718569
939147
524007
492065
617936
860611
279047
976121
101848
454558
218580
830647
484378
519176
217247
400295
255773
806973
967634
342120
473642
325684
28233
143203
861500
646953
623002
973608
423892
134853
540405
251943
969192
921197
300647
620551
778619
355620
702137
783270
850376
880350
412597
172526
964184
827618
851528
544400
959795
533914
749379
330016
913523
960954
940476
854221
409396
186827
336273
637563
930663
807315
840524
56063
658054
899171
710434
686134
679330
551165
592598
161026
83031
343007
859643
318819
507938
28784
968854
771374
715977
175238
371873
629740
547896
134738
834220
464337
737196
162473
734623
679510
773896
22895
672218
224886
960261
474914
89021
306307
257863
810944
856259
341154
198474
670422
798729
869545
569915
943271
462829
836563
646307
817141
428050
496862
180670
620719
769535
171778
769770
189238
189159
624589
240379
851342
199811
142623
116843
218590
138139
418496
745455
727651
494757
203801
220068
365367
962244
453334
711016
60986
863409
50005
552390
224090
347447
104267
311433
287365
441624
416756
861553
450152
103693
179892
246468
274530
333931
211535
404411
52618
508769
522434
976221
750809
880734
527164
60522
868470
374607
400572
301
47389
507654
293576
456565
883179
804918
452039
156189
283336
292315
181180
268614
129649
465783
794591
635942
113440
927030
138585
617786
584667
248819
369437
201815
721494
853651
900062
316702
692806
705615
720624
742734
13764
293584
172671
494196
384793
159091
497062
240445
876780
705516
436653
87212
909957
732166
617058
969318
368061
939272
514962
323754
811397
857140
905828
185823
95375
319529
948051
820102
8412
378152
412358
151055
907811
628147
782606
62471
692123
557393
571195
430382
43173
897647
547995
367975
370073
496096
852432
801160
417708
54981
626509
725905
483835
103944
48813
254330
236150
383874
607984
70309
549356
943165
464274
245747
831790
860179
125898
771315
263331
38133
921052
470964
223400
212168
825051
951291
610913
841897
582591
834384
568865
982033
491614
366003
843506
686484
880011
240684
168385
726916
101640
587648
101545
332914
187944
215487
964634
38292
595206
265275
448102
429954
889180
191059
797672
76379
513665
609133
750353
710340
339393
177026
626960
103696
580954
789266
307613
454908
89681
837369
531555
191889
670383
599770
214984
610412
724700
972983
895258
219162
590806
331171
384023
84829
60238
601038
213337
591244
967647
842688
546332
304086
754796
926945
70381
682599
928212
144308
139441
506083
256853
391140
542544
131983
845370
98359
980412
727951
532802
171295
43490
355466
752783
745903
520171
571945
819655
141035
795823
554559
227211
51832
20663
536643
447890
375346
961005
711480
308193
746972
747682
429357
27305
556210
995836
290464
576893
876955
612154
389374
851630
579067
459494
963142
778693
122596
738646
557963
295516
756268
860638
215256
876505
360409
694549
103149
890696
956473
907906
505384
289556
931663
643940
773119
545698
292583
370267
537578
866571
193611
546294
248478
695411
105550
841626
302899
986762
751621
103307
778983
458207
319254
894042
977403
595036
166184
661291
849403
674402
463290
636770
136859
453058
644559
225386
892221
334612
467719
38882
271439
160568
610890
246948
694802
471143
446173
801970
759285
235636
119830
690111
100767
988837
715564
453016
737228
184424
608232
532333
89743
623540
427576
808704
547189
353597
611746
764649
270922
296915
574422
421827
512181
474584
493404
756791
230270
962524
345196
383011
348465
302231
457372
462886
637978
207298
760116
813770
817007
805394
46429
507919
576013
859666
667896
281232
16987
294940
216524
544980
357515
393971
215575
405876
660095
534592
970117
341220
727560
454440
315390
854687
390857
1670
766490
845171
190586
932618
522288
306854
433864
461165
458380
902852
702810
229328
747262
298566
796463
201072
147855
333473
390819
218248
541583
92520
496081
263812
168650
196894
50385
805213
621977
762588
247074
281685
8724
821147
444963
788497
605477
237279
765436
952718
528312
313217
821658
616129
853390
895127
127767
914703
110833
515905
640247
856230
585474
845395
878798
416246
561518
64602
686336
110352
239935
191117
251425
124505
806799
150866
172026
473834
580759
138409
583149
916936
489893
205497
399024
715195
752172
391861
845237
592397
340981
406123
252202
194785
550708
248041
167772
713069
355445
775692
290679
281365
977461
343206
806824
808741
174093
761739
124643
543851
924041
676281
966016
402031
693719
663009
897728
109968
32923
589462
465838
330621
696928
896913
928289
837964
382184
197470
761438
452602
25316
55655
530138
314176
572799
335003
546460
593230
438676
58107
964801
541735
427457
691457
582042
976792
994131
38381
633008
327766
524960
439917
341159
699123
7860
801768
758912
212541
420771
38887
426552
525043
54718
6560
517518
374501
571680
758049
722274
179111
998696
537878
406393
738993
179649
956727
566493
991574
729884
279696
123041
714015
38655
160238
685122
825348
613815
792867
790569
538694
210217
803511
291598
769964
723015
232171
997238
572823
596382
521834
78428
626564
919499
359951
289646
128222
536654
203149
967790
725950
204022
162687
94009
834304
630652
13837
892197
320771
29932
258871
428419
636604
583806
938497
566148
967479
484547
576508
638071
687148
911739
365740
631472
49786
813059
120603
485637
155395
759787
763833
757554
269859
626790
