31
1000
927616
75832
599540
217893
55947
597929
749445
770808
867603
361205
637365
147044
929657
514645
985188
898029
370850
389865
974788
589585
909172
58214
116573
455882
899630
153516
360187
320241
639522
162995
109813
540604
841423
761891
531674
55656
353439
625282
265721
994034
894905
155655
431309
817919
608004
91214
346435
435355
463098
818149
654506
435358
938148
730371
289462
110827
529207
355224
258865
79634
144523
624128
16063
193685
893492
337809
258188
843208
337215
636819
425684
813969
792843
671887
202062
427279
897857
984704
449526
766551
161521
92391
182198
395034
819082
961850
785456
988002
500214
614972
504874
117755
827600
110248
861527
502126
423939
15943
367166
500137
224960
648737
834825
505082
985627
702352
315820
425402
207875
399855
286000
44871
867996
10226
542363
106217
39483
761616
908798
243478
873277
256410
993755
432400
450564
514095
596272
262828
68175
246856
768613
298159
165493
201519
762061
276305
628670
351245
698204
487587
86110
29472
380518
933836
373391
398027
274064
489967
656650
843271
816789
880296
750177
752376
951287
368182
372476
163290
961088
628723
439854
817818
505651
869117
735603
744321
409876
761401
108296
528459
264401
526574
317799
629654
612172
656460
71198
11062
255366
976336
609611
758181
951209
594495
425590
689176
938417
322383
747403
845676
751481
767525
85170
539135
558686
18105
760717
919580
749714
983127
212109
401422
290623
207166
818610
414357
582101
248043
280733
408759
253554
954992
389331
283373
807789
423677
14992
10622
930047
922048
610565
623018
629711
594985
156017
96636
318937
992326
364759
38722
886458
925454
686049
415833
181274
221241
385297
625570
47222
590860
643744
219857
819401
166963
776309
904164
367318
678342
176643
414448
882453
799662
568895
593110
128567
259041
936253
877525
276952
136840
154534
39866
151681
775810
265880
823346
275542
385090
209114
988224
416610
234196
761402
964425
627069
674301
420102
649676
766680
963199
87715
315888
439973
545723
281869
891190
432101
116721
635883
576846
994959
809827
469774
22149
693274
226329
62662
261787
17000
980797
213921
726259
117775
643430
937409
298467
707140
189106
649753
408619
696934
612044
736516
545411
744805
874381
866881
705165
635533
141822
325775
581098
359603
979068
284065
843817
212090
477812
200639
809625
580866
632526
124345
979775
287214
38247
481608
200931
510801
693046
478978
81605
557685
696272
985209
195373
189831
64070
356530
79200
782114
210860
369213
361390
118518
332661
687798
329640
325781
106490
449366
125680
929690
779673
456758
881449
134646
758010
414050
230477
867160
154605
424022
860892
691320
348847
661208
37298
856321
480396
851505
600306
91737
368862
412233
61982
566478
587315
538334
443977
916126
378764
853537
612131
424803
684930
240301
452275
762329
150852
467940
77476
288078
314811
516264
732214
151525
825422
771891
218901
476422
923073
954324
4103
704869
973432
772679
418494
548078
23450
659503
589517
234378
912401
807986
113720
186321
522861
529905
640228
625356
22632
42083
734829
813285
858116
513037
522262
257326
750097
715296
531739
949706
506059
735150
630883
298108
236895
518858
231249
257162
956238
691964
453434
506445
524075
515934
542129
74328
585150
747479
759997
799875
191371
615729
127532
974099
684460
499416
397185
844935
581979
163185
344136
449921
976204
913044
670027
116943
744823
430568
841245
254678
47923
591002
946515
99866
717694
572282
232787
364
533657
847794
10244
637553
921680
884003
583077
879178
730008
975645
292281
788773
462608
423739
202848
118496
16042
314585
450946
396501
856291
67956
292068
701510
170542
128028
591580
935910
810031
315672
96033
761986
188386
730774
875580
97162
693596
35597
858715
33344
627434
15409
145540
703932
571606
607442
100007
217433
854280
417106
940620
781248
47816
304513
559851
391503
880993
719383
168410
881701
468193
305613
566113
756685
526782
994840
187817
913348
622483
169283
689427
147624
660167
811623
807654
434176
379534
43658
376096
581538
540297
38482
705901
583621
655369
484260
338357
97571
577329
578974
160784
707594
629689
117421
213717
669824
570767
518411
522896
24273
827800
819992
180177
166007
425364
776724
141409
74212
56159
114871
771856
817454
493651
307757
213226
427159
527371
879537
957512
5432
816451
230917
492738
835274
834331
196811
836226
74641
517818
251652
191668
385510
34703
721826
751577
897887
274483
128587
732155
588189
710506
407021
599867
416497
103113
265976
560390
343019
141169
969213
889766
107585
149497
542241
230452
454873
258858
130429
146092
104371
341539
901782
213529
879286
895581
66164
511599
769110
528009
449185
951159
217182
139158
146687
228581
97951
215183
67974
480325
381813
630496
501146
808148
684914
798520
886661
828075
432810
228810
877910
806102
807515
21807
926741
818499
708086
806054
676577
115286
276814
435067
761576
982873
482908
151621
85187
973457
549805
155784
559660
776940
900841
145595
662493
264854
166784
344774
469994
137714
596641
485289
357126
255099
309824
709846
284983
432666
728333
933566
566867
948413
456235
514231
237798
594891
724059
571403
882308
949005
576026
776381
163774
948410
287847
779545
535983
627805
673378
682487
957046
89765
917200
210892
649342
331081
639099
206316
534904
429014
639863
263264
58922
520726
742207
181791
311009
421150
795517
71533
960450
748341
412904
333133
920255
68828
811656
60004
857893
212159
381589
267756
140113
913654
456765
648913
362179
143928
989573
254444
31818
440669
956615
925017
623135
786765
870233
256823
744526
829642
408846
459323
806415
922712
608662
350321
434419
877445
884481
250321
509562
63768
376992
765562
995777
729434
679308
363597
544088
252155
28480
744169
723826
197155
32609
232126
981622
401047
390879
792592
818994
76867
461427
687818
73007
351210
526856
722300
144991
638119
97782
982643
737523
314846
200937
803892
569481
879685
468192
808532
208323
994697
73554
130167
518387
996958
215851
685923
111730
65126
665267
885888
730960
148989
800592
198894
920677
723999
512610
307011
304518
323318
134220
455072
526803
514884
797651
868911
756974
898346
792414
403707
334086
53459
332957
671531
252881
872960
366023
379484
462360
89904
349115
678170
766764
535659
928840
361467
361654
519595
214984
72857
723628
898664
571303
317866
214432
118015
491201
171134
404210
913982
624617
930388
54502
604366
131079
499608
582608
271485
608473
543613
563628
338152
749018
845811
796618
87169
602815
325
400166
56003
118942
715730
205526
704559
373994
409318
367196
443521
254681
904309
565659
490932
369062
18355
348071
445871
763890
26899
495349
830155
870086
231642
124529
511105
923635
92318
830703
755253
460314
469984
292345
710361
643208
586115
59719
676735
72825
632169
665484
694720
915326
213673
375405
610562
508665
918254
557196
905256
856516
602351
710659
603932
684145
48390
40301
364338
493612
580592
928158
770041
155517
368224
471410
434467
225706
184448
822339
402254
81913
843205
469620
352878
168211
687725
847722
639449
147524
399000
