31
1000
319003
820527
866719
507712
189374
873636
424255
763223
469538
333100
778152
948924
619035
929602
326027
827353
76182
184084
262312
966555
473934
276046
284238
203535
359575
276673
173054
141142
355864
215664
968750
479364
61590
496311
90601
232987
462443
500761
643731
771039
788309
407076
156683
168918
162794
776579
297065
314334
726634
160480
486
168298
412909
813043
527899
25691
808123
627628
730658
306743
622074
245881
506009
735560
494338
891956
363269
576595
168077
799341
876754
953716
548618
578127
724472
601619
287056
240241
519354
172165
321007
253179
515145
940289
926435
675315
683973
859388
23586
370275
173283
785892
254996
16809
215913
959350
212707
45275
679958
57341
989992
470484
577696
36648
895620
472032
173333
313798
410064
714688
195107
539296
145388
458458
443187
567219
417012
822080
484527
230728
795217
343579
867365
522418
896427
999219
27651
843108
715324
244830
577538
52972
993280
21252
38560
182224
472841
487818
449925
592451
245294
831395
121351
526660
4835
982703
382025
513620
93796
727566
856830
299922
926412
678150
332043
534964
850050
988301
660747
48100
51922
627187
338348
348661
688410
795246
928246
594752
237083
317316
253612
752159
791663
373583
401227
903557
85210
256112
14063
874361
484984
565139
135829
721517
350422
948250
584507
492991
901277
263656
838308
397835
367209
882445
117944
444779
394745
454857
711815
493132
343102
743359
115694
624302
451158
433975
725458
877623
934674
213008
378826
815093
349555
615872
191065
226927
219444
538761
453976
296486
4609
340347
301107
291117
755461
253920
248010
562018
652321
591559
887799
996872
872568
949040
481711
920898
270439
426961
940033
449070
110482
933443
452796
482844
893722
774220
46318
89322
192554
296009
253318
819454
260209
321336
298907
789214
167658
515296
12229
700143
194774
304221
491049
314440
83724
621964
277011
600434
473382
82511
445692
309950
461789
35069
295146
677635
33903
794473
864631
278131
697020
524365
386601
755225
725297
422740
817216
20850
472731
954497
146383
230565
356061
323711
282818
524831
701565
922373
606206
722767
150296
458021
654694
997563
175862
458994
50233
641406
284536
667020
811608
430494
486574
521418
216165
560142
482053
969666
699528
646845
342429
236919
196939
960792
5625
236320
17061
465251
48848
475217
772372
855087
525504
382857
312099
396665
231394
554967
966923
91615
241464
669993
414902
995968
460483
655154
61854
48110
89394
146615
668500
191634
904756
209975
218333
379869
917358
155381
615991
375527
184905
513507
430137
385190
94178
371756
488792
979467
811429
397022
823750
437564
820980
34355
801972
878058
975808
881595
263545
567184
774907
87655
144523
918087
704676
685108
296041
408391
830529
458993
552667
66878
81515
627375
352849
385798
755779
585413
857257
590663
90691
78333
821836
594217
865519
349791
401336
536435
387753
320791
473944
310661
527012
15493
479566
569198
335281
644770
375635
682347
650165
139466
626486
298365
192124
278890
392128
418918
784038
645446
606393
323071
949823
687463
432707
11449
217581
551328
5731
167726
436034
855036
498336
210211
378225
425990
988420
685789
572446
910517
433983
825180
601038
88049
945707
324856
959998
177286
378539
891223
440719
561956
253548
454665
580382
682064
262925
980672
29490
97707
749723
346991
571919
138269
397301
28925
621351
837918
878863
758374
951024
236065
956433
515311
939345
925981
753823
38212
432310
99833
600180
833135
680642
515475
964775
959863
402276
9389
677392
895251
90435
377652
96388
813193
967763
242158
103675
938280
184073
366144
528275
922334
73451
796058
272494
247543
519872
967040
495670
279987
165991
540405
673344
261634
180356
686086
805006
663966
649941
107888
602991
951813
938403
177071
156673
617234
532627
680676
688023
360439
550940
49377
626485
101721
130963
263317
197496
988040
568033
111951
825491
747354
206807
836400
187315
835939
490776
2354
110916
971858
492980
753743
639949
805355
825878
857807
952439
897628
675795
38641
916331
810815
680226
615797
148696
81899
353451
183684
500052
654007
241976
841597
658522
201356
40072
508893
446898
809510
800898
970122
662894
76327
890951
592252
157328
567128
117600
211785
142985
698621
396503
44171
710940
842451
599009
585007
678305
579880
57464
324893
224550
741655
915911
723839
295344
104863
934719
662897
701663
209504
87111
773955
528751
387825
146128
161325
892443
854432
574790
928592
564444
154311
801442
212389
969103
768647
895004
128004
723316
694436
622846
519251
741330
975101
606356
921033
622457
628262
873472
117214
440223
83620
710058
171025
157484
476548
477844
50773
887249
150488
940619
254809
814419
395087
366713
383987
350182
291184
952024
8744
637364
902963
681985
963994
299069
70844
446626
341967
738456
568500
229198
45338
138519
785094
364399
494120
242888
621491
876566
586408
994072
118099
928499
364888
714899
336425
627552
416809
838726
423137
598551
22094
116102
568936
557829
819238
690377
974120
9910
729092
787249
119519
739951
894999
556777
259675
123290
865339
288168
871828
594012
584539
267347
935974
126083
309312
75135
542825
645211
706875
792532
349999
401824
644203
461709
152729
627085
943468
968667
661782
713299
808412
216873
686841
132069
753355
6843
658166
770352
878655
358640
846074
651368
729376
342950
458020
687614
125254
143484
588579
319853
444190
348338
101741
989492
277363
742893
194648
186910
926623
761880
31513
299325
472781
630884
873688
911157
539881
749935
728940
160948
133415
698946
978168
728831
955437
703541
297185
523752
237086
162989
10027
160476
632580
698054
163183
402328
478361
755723
583099
926652
162610
637474
390278
104120
609609
163461
93006
480995
612197
233963
856144
452714
334824
407557
370531
524197
354741
964196
928498
697989
823164
583223
656532
639210
746211
238962
346250
121681
428498
363595
300628
452139
284827
580638
800176
566600
700357
898033
867376
397618
814068
493969
877879
332695
859830
524827
290255
845598
350636
109463
134890
385946
21523
572094
665652
231580
444462
241628
633233
997154
936146
219792
585912
153390
124749
491057
252459
40626
809716
424075
689426
885927
256456
941191
229939
630077
275524
661992
690513
336813
167494
619890
406814
8554
199959
536741
902429
975733
629145
646503
281945
365392
1100
869183
286203
386506
517181
309245
666252
201017
281163
724856
668232
556870
573463
831600
706011
892834
355655
560081
826043
354967
116087
615385
299105
411769
901502
428048
22885
586811
141848
90806
385525
167198
107701
618043
265969
900867
177629
226856
551910
981474
240446
883227
187174
321747
623892
541295
994368
866314
984243
222458
541026
62560
240244
855344
643527
801932
952378
119652
838110
802864
934431
965999
243193
608592
432576
332073
202222
998749
877282
879380
211662
877423
419904
52953
282367
539794
406066
70442
478201
1143
237179
879174
938457
541068
230127
370075
267621
178598
827135
603269
498781
187801
199779
672821
152954
467370
813859
67949
501446
136476
173761
753639
957719
911590
659910
280789
647017
