31
1000
911942
483688
354052
328791
732271
671060
590362
369078
733342
729502
818174
634638
908555
463683
160406
882166
67770
106519
554091
466187
394544
249487
600362
406989
61763
537581
577668
416726
964491
861956
528692
807287
993397
304807
252256
633392
401782
339058
230489
801804
858523
811508
475197
826263
509887
982648
866748
315901
571735
395887
345207
645953
697767
993467
717188
907926
490711
452634
761870
917085
153184
618861
579482
858684
132257
221156
929188
77591
371086
563080
13544
481006
139399
979237
562748
60883
479111
856658
171034
536966
805491
98911
916860
38127
413970
279321
475552
740279
320988
396028
535147
348163
222123
649462
691690
504781
830734
662228
878643
47905
325949
400267
431786
932594
67686
334821
627103
5591
197542
918535
708501
922021
450003
762907
986398
646249
700470
92446
742369
673346
351958
308295
66878
618713
433199
492179
72456
9279
48770
460650
822001
739809
836294
316719
284484
773290
399996
593449
192843
270901
658720
884809
221520
534702
238459
118423
154113
200964
417173
86013
663084
986508
57352
557424
120362
652597
435184
584823
99609
613924
159167
685145
736578
816812
396269
653671
538457
999531
240780
913059
662242
470276
46137
718156
231152
313460
694127
739143
391816
69651
772533
643884
865829
165738
348536
197034
437397
532779
566963
21527
394497
288017
616202
271959
788938
878741
464375
235496
860366
785226
405019
150729
809801
11413
648374
890693
750488
723533
263282
822112
339993
107819
964378
374492
175535
241518
488424
849192
72546
986382
852731
695910
709411
296602
824807
614808
914988
226352
820327
286502
399046
569817
704365
254862
71588
197631
820762
100648
330669
549451
774345
862805
89943
834335
884486
915268
547119
509997
283421
397728
811381
632498
267468
88666
985891
910931
206874
985998
755982
304338
987393
5908
854054
8045
709254
600422
462424
733971
539178
889897
115986
439107
226681
868762
258150
417604
497919
200726
992264
182971
622234
659013
701938
701868
145323
539493
358439
675984
82598
850671
306707
793486
487817
837159
663441
660954
303658
623493
255175
674215
614824
165819
715308
849994
971011
598883
29290
665452
122568
328519
725279
68268
260005
543116
186493
257679
538139
581691
329104
918372
199888
77613
788767
224633
65604
140691
994092
712115
715804
268063
353303
903438
82906
689427
631647
132530
154094
308580
524167
244206
416165
634442
269847
662611
883904
94311
281145
568111
69728
826513
854788
393061
398940
494142
915927
980134
422261
332107
531163
745230
505057
183081
778346
832541
56067
304293
409934
466512
71356
906130
103585
803355
263515
718228
850260
693126
456752
21964
224908
980001
289342
812059
121767
974245
186510
337557
770077
817129
207328
456516
324801
128702
763133
895254
497829
242791
882536
327972
441053
516408
300147
843807
62557
525642
403885
227353
710844
202136
260345
627117
438233
780729
586298
983693
167516
615866
347242
181478
585622
425495
169034
908146
50434
526998
500403
84953
368109
891393
834444
684229
484081
423422
290005
191297
129629
451916
474975
75276
752561
433436
962078
735808
852932
790154
440279
704410
287880
388982
882931
980773
628134
958531
43382
324488
875395
404524
115721
968680
737764
201662
904627
452475
746670
967350
119078
25643
3718
231415
215286
934050
32407
392679
119652
511736
904370
809960
879961
135095
807887
207022
119662
369351
563185
532930
21608
305595
124648
205330
567681
137462
394864
648818
748065
903291
814455
646963
256620
650641
630652
228574
115764
95951
63635
78414
774479
759305
91269
221287
760964
955415
441684
144247
528415
11135
821339
152423
537828
307902
167316
41693
760224
534520
593012
910258
829915
918457
491441
348427
73385
322087
419107
440790
778912
772999
109576
67107
613987
622376
583330
668700
186717
791087
728699
474787
295306
491328
486025
862342
85999
683334
487852
542177
368042
85088
257747
547921
456548
798953
103871
481296
227298
64097
457888
936242
210811
85629
212891
605307
510052
322439
461869
212571
264999
481779
58921
755847
88946
104256
726621
517172
906124
187271
592467
692210
137954
720228
49715
487844
823872
490174
747782
735256
346075
442228
410965
873735
238858
38309
636655
539434
306197
194396
8266
116854
556454
88087
61825
664182
28381
403506
689020
458884
216127
337461
551150
317796
531982
85495
928311
678973
719731
227820
836521
624565
166872
813202
962919
755176
444178
282421
138985
948932
948220
794458
494621
72580
826079
255502
264296
942150
397197
779467
964106
840971
665805
921667
244128
725259
264624
290764
153858
738483
759938
150057
239116
947580
391132
178609
105659
161961
768791
735263
626797
453533
765467
854709
734794
122134
970325
317453
628546
933514
41862
282813
964652
117980
983608
807206
538254
206139
796301
730457
692154
619736
958256
199527
104149
288705
898348
417092
812019
207647
473947
568087
610398
740232
160950
309793
457782
535618
247180
108167
260914
326933
548942
959037
978244
958732
812807
350161
422555
894344
171944
461266
90242
103232
633793
57051
921638
17176
903948
604159
66996
605341
387684
501202
684385
764379
484819
104850
55939
773531
779976
808945
668
554621
73831
428928
63224
775982
256827
270009
139116
939397
815751
682985
434430
728447
266810
397880
721379
393685
345280
808599
351267
157048
568949
17156
64089
301289
767604
591933
57430
983286
200654
275327
277798
300564
399319
947385
620650
516246
548570
411346
305828
64648
703788
195092
485202
195818
561118
663283
796721
43020
146316
492862
482338
250179
64722
815585
344554
943045
669534
707668
587988
32998
664865
332260
269041
147568
711072
322652
260224
647832
945255
36432
969064
892515
976412
87237
574241
176917
651121
89280
375475
599953
873971
677482
293527
998034
247232
800604
766010
125700
740565
321165
458783
758976
6533
360853
355619
948323
635654
183069
989404
56202
779942
619302
746331
621995
314075
274674
194705
45715
417335
832466
234510
302904
142330
872973
801380
903802
211458
629994
120106
85307
961885
265051
759965
907095
747903
107846
330144
720834
446415
169649
82020
908605
803995
588936
800738
604021
530924
849358
739141
18040
332085
836638
548902
630036
924837
906589
210927
364750
687324
509503
326176
680828
16377
602162
178416
614912
281746
786666
486987
784225
15549
992522
270074
556871
522699
508588
519905
589203
604757
792333
479713
277529
609902
247448
946398
432187
712504
222221
762203
438307
593938
385422
484736
374812
938671
477254
657662
940493
810946
499318
912777
33364
868629
831454
615044
409467
919929
302276
379515
553306
153688
887332
761481
960713
789990
665972
247386
591871
481974
205970
61771
160908
526761
898636
182766
15535
461441
753420
912809
866581
74707
433502
143997
806703
730587
149279
316837
776302
725034
401093
60373
613342
283770
61061
405281
644956
557986
303141
730303
760885
509604
115678
190117
997917
17636
867757
276236
64329
643188
913398
254935
580393
734026
831509
90124
958341
428883
947523
522368
264563
388896
354914
397266
423283
