31
1000
817918
55526
741901
179175
163301
103903
795121
42225
511750
356262
875788
944427
80583
853860
375361
918718
806731
902202
205098
967135
190954
767056
709402
6956
869888
755070
202619
565535
380193
11088
868758
372972
26602
781753
372210
501053
10355
739544
570515
234248
729184
875359
281891
659017
46807
934182
872495
98977
275532
496267
999560
509963
870903
726595
597322
70711
372455
189826
29305
308805
896496
60419
533254
135839
92672
685428
238450
862451
198224
504321
853706
568204
690550
486524
22864
764748
365334
393894
156410
817928
322617
32157
433683
469056
585910
384097
229632
715513
74700
671684
672862
405561
91794
84718
989638
438046
692421
728522
225266
41308
430401
727441
641145
524369
436299
829105
728182
313927
947595
692249
336519
773893
950039
629092
851761
270930
295530
311135
85345
236423
279731
741177
263565
844816
686154
135174
751481
339967
761725
866480
588246
281868
323913
893114
344709
625197
36132
124850
770937
740238
608439
928563
153466
32558
979049
385492
769861
856726
948695
782321
71440
819702
678367
594836
790316
978717
993692
197823
711236
255444
378412
690456
493954
999384
55852
890417
180497
692595
501509
702003
190525
72758
567456
451752
916022
746453
258229
840418
30131
208031
854017
646858
180402
556248
190678
128136
466334
875252
947148
222540
952586
770803
378773
565112
871130
49620
376558
3946
759490
794807
958962
250729
133029
153682
497673
518763
173407
28751
927613
187008
457310
249921
353069
648287
482155
917442
651802
711499
712391
512874
991710
555490
234544
365166
959485
866050
340675
730130
476564
1560
752699
526604
185774
780615
132887
503479
118198
612913
348506
435760
637254
136356
791980
480593
767390
293988
963294
566024
18480
506577
557899
173331
491799
902389
660186
930522
660840
229164
940447
444456
383713
897520
372641
462728
86335
538432
265078
836920
916011
843821
73803
898060
887188
886209
962496
494562
583064
401804
988144
178430
517979
548300
626830
61954
458043
211576
697002
127691
335386
546793
477907
65386
468762
845414
863895
493693
850983
882698
171302
161130
797229
909140
619029
645879
256427
969035
84606
232457
876319
483852
803332
987704
317729
301810
123252
707915
885324
55200
865543
156501
785302
714157
161220
961131
579265
771885
293634
785792
604586
183896
571147
975456
965631
203290
407069
903237
367822
590454
512330
91673
493048
291095
598783
854217
39236
436085
721825
591938
280208
511968
67091
649291
679522
835181
374548
171519
831004
623802
449350
786981
737614
812319
549129
602414
247014
37042
621574
321610
160194
330679
936648
796327
952998
358627
95876
220487
923529
719627
719545
455868
381194
998958
390322
658499
976064
80475
182761
828859
962286
774464
422086
595328
792342
438993
294020
202217
477284
840593
968245
633306
830923
467136
51804
546310
173293
129954
110264
397572
291828
551079
379872
486861
682814
55932
844425
800272
591413
37421
980325
179762
443900
43253
296870
20517
482501
620452
228512
722148
16255
641003
44173
462600
798381
431175
367530
638218
302162
500232
838078
284630
75976
579197
603514
85320
341873
660478
636604
295941
640516
745110
935022
851641
472073
586890
692171
622376
653600
598474
976706
209395
743418
523124
730035
840234
105899
565823
974422
71048
502808
102026
502331
550863
225867
539521
373355
474753
632805
430249
310638
333048
956531
90570
608550
752866
880601
593462
210329
631773
89258
834617
238284
476971
728474
201375
804810
6482
9099
50332
553348
336339
233027
846492
624594
87108
252031
114984
362520
542540
850593
486833
593347
775163
632132
537021
175731
184900
903280
11563
835123
691928
676457
374180
664035
100383
769378
222176
99703
368533
873935
929554
788952
160384
540376
821554
885800
436169
481705
13221
414691
842750
435750
945098
454945
223971
356924
729763
951415
39025
757395
696670
723965
704108
802335
912255
892779
447268
252310
277229
776477
615624
839868
989974
994486
816417
402137
445503
448800
107251
31821
100523
252977
960683
906618
325799
844585
815684
678303
205168
163160
884925
724677
298306
430877
173615
724369
591103
204104
227085
297402
500280
661345
151997
310101
126106
722498
36045
884620
879480
353695
803731
77230
785200
962918
39462
268448
44605
868737
500531
254640
206233
737273
914940
955210
858765
40436
143795
688451
663126
914271
884463
710035
103669
834087
203977
657888
684372
972384
941590
92533
728080
956681
436928
188689
359463
671335
21187
844252
628159
350413
23873
901109
568529
977789
427331
317862
440048
281577
950477
20345
787066
740754
800029
283300
802138
658258
532288
243551
133815
547316
995920
806870
613308
990721
282125
64186
623429
613782
730007
582450
784547
60144
324997
595120
163660
873290
165222
391902
76834
937885
793362
350582
124382
942662
949355
356977
641817
452166
14709
745687
328759
877219
104015
847477
938544
506219
175310
297325
82108
783384
87989
204519
520922
713359
768338
921574
864062
551363
96439
570549
274005
303159
29716
845439
716022
593312
885742
727678
681894
411624
350334
188620
614664
958415
633896
803989
944095
564332
15702
539054
260993
615442
140209
927550
631899
90445
112508
797850
130715
40780
114445
371119
699390
998872
317736
734872
593974
399746
50297
815504
917943
428188
470638
284033
362398
922845
72943
360635
116286
195816
759931
147392
176393
122598
794400
445052
300504
152143
926230
736722
154903
599560
663801
758993
551888
189735
351394
232069
656850
687122
954913
763626
803198
191877
653912
632380
574637
142194
832503
22122
855425
792386
623887
877672
924359
549434
788053
580771
553542
532345
323830
487120
106535
448861
901201
645470
575744
259270
608470
586442
763903
675314
823353
696272
266223
738439
379218
74943
240810
830768
295444
433382
399196
632799
554215
962666
842607
575728
468197
37241
764120
91630
918702
500249
354749
458286
552105
981210
782914
916185
657367
855274
658479
626056
490773
360583
424639
797448
949102
872975
862280
895868
339034
100403
521282
743330
547736
135114
19957
555502
184163
562626
590339
429970
808916
871665
344143
204319
950099
56265
207113
179013
411707
63530
77208
347702
212298
123090
926050
552233
622913
266415
693371
705147
2654
188565
132583
187311
985780
687307
600782
206614
9380
950656
412091
362058
199034
174107
475984
725460
771878
781232
496778
758830
460053
631374
172269
766754
795435
186549
723404
167953
682399
598053
603575
3343
16372
271121
10497
394732
267408
473075
986028
270734
723323
622393
236723
966265
955957
700893
677748
872497
471283
756754
572409
516471
925176
837018
570338
595374
706957
645044
641072
280545
556957
915379
270064
425886
219631
638826
979842
84410
392128
881412
607237
918200
475324
492016
70113
981765
62617
51001
330480
453594
827216
775091
926601
88900
783993
736593
424491
196480
405507
922964
924419
770176
266701
817758
893274
514698
579171
977957
672798
226240
939608
268867
753739
345274
192188
414441
240246
746575
195002
255540
15286
523571
157905
175448
119279
139130
749741
