31
1000
511800
455612
577531
648673
888728
416569
913807
441539
937898
824554
396281
227877
740292
805899
916128
351723
814515
38260
632631
733070
498729
800681
196349
909612
664145
584956
435296
394313
82308
981023
487869
745638
463891
405002
483778
91196
966852
882181
404021
239829
897563
553363
445645
135560
267021
585083
585342
840527
415450
660980
508818
886278
774387
239340
691507
888834
274646
505653
67973
525580
464827
331724
58032
711865
17190
221768
685627
275879
793949
343964
230612
228566
864884
351816
128876
735264
702724
980642
893631
336918
70266
83069
178737
368057
985099
332595
454164
764050
51589
654549
170374
518063
177345
119915
897208
167546
499765
981545
365449
562807
520230
49841
363024
195865
102266
566207
282489
181506
597867
195638
505798
745110
74136
433284
540727
343163
153590
821044
964229
611119
524515
674960
77191
704517
722843
364848
496632
40637
253763
540003
182160
738687
556835
132729
942734
539444
534129
663980
185879
596737
785032
553257
617464
205089
381752
36606
632200
947422
110390
197857
736361
343724
924148
532698
958573
516066
579276
650062
540948
834582
588309
532138
853492
695315
1368
737448
47538
489273
370653
993089
423404
433394
9054
544943
815225
628173
749149
159582
914824
783032
571729
351534
252325
360862
16572
950055
377370
684315
667096
968762
216114
448408
643823
8240
128600
369928
25610
258482
162015
324478
718657
551539
88603
307816
314545
781118
685996
724204
43404
165143
592027
317725
985099
321233
208796
255706
671550
524652
510387
884355
445059
891752
686452
882649
789
448362
82146
525745
876028
822858
252601
555221
764834
763639
908872
498808
670982
586312
728053
301843
298506
47647
544036
1952
923942
357436
887859
484274
416255
922140
62876
782511
147218
348811
293374
598700
167242
380749
831413
990627
934578
687653
770853
98835
978821
619264
999702
369012
289760
562305
142073
740374
939096
926442
164425
577365
413544
95203
875661
808059
304899
139306
879738
8626
550088
601816
374197
829412
457876
927820
673013
670513
326897
333558
588359
355532
306859
303490
670187
967283
309635
762974
211292
891209
783101
756138
265133
136017
609812
98172
903759
147401
355534
226572
864431
598497
528170
831299
769916
412310
104693
505179
28166
955568
590779
185650
663618
762004
999771
221937
858090
586566
141428
739027
790593
928895
728571
126229
13812
534375
507375
547833
489564
110704
171939
211702
332961
811791
41530
947455
985784
639447
857394
768302
389324
580979
375703
833997
124219
342719
267991
65537
518071
404676
50294
939732
253901
599118
154008
244701
259778
296428
549627
140046
830297
581572
714440
548314
937202
871056
460798
465537
557196
727993
749902
359417
526315
135182
300742
946874
277205
190049
767141
140199
802998
695038
44429
755604
485091
801737
584662
461944
121211
551475
653630
224944
365226
916376
674047
569389
441543
690681
742457
220156
617437
111249
422031
385712
210183
218966
229070
265582
354869
327629
779847
899413
551243
87626
1341
885384
39784
603523
457850
495001
281092
493712
653308
735827
591410
232450
642701
629092
487109
10589
523312
464101
958159
964851
509175
214088
680196
735646
282610
611997
705086
731481
162689
643649
116122
883515
486091
154659
154431
134994
736007
290228
577087
712984
804663
681579
129493
626836
239669
733234
758350
905424
130662
485936
4293
586099
717963
382772
210311
152250
691510
624891
749781
54487
283737
389982
984967
354214
388858
364443
991693
982344
684162
488189
849233
629086
545781
591595
10296
296356
583101
694539
235336
312935
799071
514001
281700
459428
871823
894888
287986
87999
449182
541691
453341
574045
365457
490272
322102
192734
770830
624097
798517
267258
331632
10601
81566
378999
318841
458824
244159
875652
750439
521827
201237
839734
933663
622843
603023
142300
577094
792408
441514
357440
802159
29137
461051
843069
981742
903227
236043
531192
464011
328684
169692
319932
712594
282219
768842
160502
777736
86261
447565
643849
67640
654126
368219
749775
161771
991459
7914
386286
637045
268664
777811
177362
480108
706547
231122
498764
607476
215011
905194
783111
395702
137006
354918
687138
790895
123830
995449
643183
443236
996968
981447
145416
321844
945057
372989
550345
300294
163964
192538
562221
759392
388284
37905
24584
891481
652563
483911
454622
27879
215629
558583
961055
248658
397852
56885
988224
65610
731136
968336
770423
809171
231187
81360
516115
450014
139310
227230
342517
627764
563963
824259
869615
207947
149465
395593
108471
379451
186277
997566
504903
480266
871019
733334
557333
231459
740457
854640
720618
442598
775676
582257
145122
347097
223338
303117
255871
471163
968587
784868
285481
621177
109460
829256
235654
198714
735425
806493
814450
574293
533727
269914
959515
171938
301875
419884
383676
282670
662218
150649
429620
884936
689759
889985
839106
961976
82466
738273
772128
992656
157867
517042
792632
964826
81467
983566
129287
658352
108202
132978
23885
806059
252403
43135
756782
399667
609112
418523
686569
738038
51699
579636
794994
584052
557083
284709
237229
411766
789039
446961
722953
58206
280066
918380
874231
56602
511395
640568
934086
406963
209863
172333
757789
31938
221013
629266
377684
208833
222414
714504
508975
627711
454168
588295
179959
73261
605605
489279
854199
661654
56836
46112
326864
341036
324804
220981
597369
753597
952961
532971
366999
605125
636876
140656
729589
372956
674683
745655
499616
39696
128138
999063
491234
338381
174316
993107
351705
862009
371506
774005
87987
71388
431319
645843
890632
325885
730021
157939
921427
549768
60296
972875
906830
494442
791086
445537
254442
681727
903511
987729
771752
913315
136638
78189
238487
323685
990692
29182
925930
496154
465397
915881
625845
648077
53081
392173
140292
836180
644058
67273
389208
705470
812205
446458
654143
631272
634655
430818
387727
235887
29277
877125
813566
702719
996256
623532
258081
859402
968947
606124
917503
106261
976930
451777
590674
746540
821313
939667
64473
33718
905302
110811
906140
580131
379108
57695
397118
799489
307157
508249
779832
299054
314691
579830
596600
780200
964962
778362
496213
167040
755982
891392
851629
349230
579757
254815
438109
991741
993409
366889
397404
763495
612045
735373
760692
982203
119776
111964
527070
383738
895682
548648
916730
585474
263354
166984
689640
429730
875834
974841
830086
229388
325737
166111
210054
968744
78667
724841
175722
459461
348110
119890
516127
756586
246387
314307
732852
402123
351574
836117
578165
68887
67100
888885
142248
912302
539705
512993
599715
570096
660187
220814
675656
392689
951159
524716
790623
167304
820590
432897
71310
980935
235739
463922
722679
890757
257532
514977
992878
386454
119674
271151
682197
771036
369686
500258
811415
624759
745074
318050
525565
628695
135610
114270
132656
144435
562413
781644
499980
15314
580492
798029
493980
607623
159261
348718
260600
760058
395356
813899
22712
154784
288831
850382
229332
541900
298789
190933
931162
601375
660890
186226
977994
