31
1000
405916
545993
712843
728849
226838
684095
287266
445152
318922
147607
283504
597161
396169
824200
814698
200054
40526
437959
286885
491174
259694
634138
666581
829444
770157
744443
649649
997509
188716
602725
344307
525278
959360
235646
745467
87104
958623
954912
885459
974641
41268
484677
658061
552648
189970
137615
812745
737157
8260
636786
546835
406538
809603
319743
875561
963066
708993
6797
359961
450925
781602
404998
514313
889101
544074
977291
613649
322512
794385
95557
878530
214610
920851
587529
613066
241038
237285
192295
113967
714745
755490
104784
440185
353723
479971
278433
756013
547402
366028
644432
453875
262757
463619
483826
812313
452971
121660
630374
767600
845973
641328
491746
552020
325654
970348
401304
608202
42254
420422
232708
83970
40997
911850
889429
276539
590602
956562
430133
520261
642888
686740
184823
919650
9026
162325
497820
251846
415499
729179
806082
871998
283364
962625
807210
190509
738323
9027
986084
40368
918940
707001
606169
547107
845855
194465
956085
78589
549069
199765
30191
166807
493064
682011
373366
134538
820567
446491
668793
953525
192643
613163
928083
797534
964689
507335
48338
718704
821787
493852
641059
92066
214413
212291
179419
31608
698809
463243
470692
168995
842392
75567
111298
149188
835806
783782
415361
464271
591608
256282
53245
377482
399397
707056
299982
983859
397998
957766
305934
382593
916803
645819
310791
386627
259828
98087
158654
588325
368265
88619
378326
228498
128254
938404
702371
53939
449758
79417
305612
540308
162810
857236
604572
647528
793030
226606
535781
13859
895057
719746
399569
343301
736416
580643
48134
388343
81446
984553
603893
990349
158625
791815
797440
919916
412691
547960
75654
676613
521179
3096
922060
120191
344496
661775
153353
610739
566843
288552
448014
206481
149070
983168
682704
23584
196356
930905
628435
158498
531573
165902
536117
55317
403414
797537
291733
270806
307820
225264
254430
427041
278699
127943
501364
658355
234479
856270
694713
276176
801686
516451
11452
322785
415096
958147
234046
785269
645892
407137
769443
209128
970552
437145
484018
315873
438012
524606
892297
720116
181404
186127
679776
296169
801312
29641
780407
394644
23242
281174
495647
668899
620844
218851
555554
774198
773347
61327
726033
875688
946612
334015
51560
745389
339713
175630
590815
231060
244775
556322
481040
374443
325623
368602
974399
668481
257808
381603
807179
767750
544662
182122
640240
965007
51729
70955
548855
42102
348004
597928
810363
188703
533415
158198
378392
620117
399844
582705
997169
876690
159531
116048
408030
510045
854162
503187
930929
499790
286733
376345
744611
764589
281382
828558
813088
492921
139993
368641
291948
468804
223374
910291
402672
262011
807091
414923
621285
644292
746165
532999
980380
143936
152348
306190
117287
219056
814721
258816
597288
602227
258732
90990
663924
78253
148430
708998
520610
179204
737751
236903
522550
841604
733813
603923
229541
703522
894635
698946
902277
962526
988809
263699
722515
351489
136974
466846
326624
236038
899030
468068
651928
65685
130369
564520
814576
267306
280547
371799
648684
697109
446113
927010
59978
413658
46
109229
209230
690488
970082
996127
446571
915271
324276
638746
965643
431354
18068
167044
281339
137669
917352
558980
228982
884568
827488
302793
465485
207304
499640
744452
294639
190479
428042
133494
198171
587114
839245
516963
963935
61216
165102
633830
655179
482403
108873
540446
714231
979151
119940
930118
660078
912079
386824
549731
647734
302751
638301
142486
706493
478252
785953
32977
582754
85911
728357
334438
818012
516696
856100
69499
911051
897791
752673
42906
747097
664470
986652
163045
791949
427107
385776
977191
358316
646602
335244
184517
141068
683982
619660
313875
722998
109688
109235
296066
655991
29328
947719
635256
150083
55432
522122
23928
257031
603257
404176
138496
556234
928964
921218
786546
511039
48859
23789
770218
571177
3416
800455
697710
259307
780362
529408
575107
710699
745361
518337
788636
232994
910815
587269
701166
707652
490014
854160
589215
184710
698736
72399
61468
897872
659666
265678
288969
745153
152346
825744
122196
721177
297247
832590
686499
534664
362743
771919
447211
583632
714587
721632
758114
792281
562919
583729
644108
33617
585598
81164
784242
910525
500555
595122
891506
704353
572898
834580
916847
983944
973700
30507
910696
201649
844609
551668
160871
690262
896376
869708
971536
904090
908730
474915
944729
772622
514509
547872
514712
3232
1996
393809
500727
608
386476
826509
884357
632176
718617
915881
630631
791112
308287
245523
685612
899683
947812
930062
571262
593418
964018
497290
247795
703931
146131
263903
887363
531446
770933
742502
781397
908067
986605
780468
709042
975011
621815
587188
615323
921969
448411
350304
773749
956789
973548
527772
69538
51109
732267
81263
693420
818904
283336
975710
781979
266153
342152
55847
129638
188612
911362
763799
800070
128464
504131
429704
516069
621753
741969
76731
163254
311640
935629
452622
251166
857154
878193
6298
150479
5802
905977
116907
392822
891060
537183
780253
163914
608535
134974
149519
133445
809965
81624
929479
434480
718042
479539
990178
496790
762519
494814
588470
684442
620634
662417
680198
547941
442980
923186
500704
798007
128806
568564
117655
664543
266705
151002
672345
234566
665913
381914
643372
92709
959908
238812
304905
52695
347765
608609
756821
132616
179120
692353
203064
961613
969129
426189
979932
355406
180686
960019
975556
259166
193549
909759
417606
265259
800675
497566
713831
354065
305347
464318
34769
454601
44703
873138
599539
706942
809237
314418
485493
686976
344441
851166
366167
22673
53883
411107
398821
906525
975157
809718
696409
874055
492628
310270
453517
457183
50272
467086
938139
257583
621673
626512
437395
890037
639248
981565
603224
205930
910255
656968
101207
638593
928614
643995
314021
538347
222531
713592
471028
16983
496013
110210
901618
423992
309869
11989
313087
827774
611386
111823
903816
77350
353375
90610
413381
422573
924715
551394
427403
756064
766069
937800
231054
2959
724138
976601
481271
387679
441013
449201
803166
188287
67401
773465
175781
148403
175374
706920
44272
352204
777190
492549
904964
788984
676954
139978
325499
490229
273190
681156
449697
756769
613725
806807
983535
858670
117306
751870
691298
584177
641221
248113
403382
161881
961247
852767
208132
910652
514538
401114
16501
949837
646743
632211
613090
438442
219725
429498
49354
714770
459507
793223
416239
419444
54810
482263
552589
82082
625738
866734
328760
108197
994471
946459
757713
822698
803072
888953
899748
65305
14645
73425
42913
734406
588866
253213
245045
825984
353004
460712
976709
636615
274822
81
312775
24156
690464
989422
649788
417648
916813
641612
425486
361598
434384
600853
715650
553716
668707
346635
175833
408908
352739
929392
652617
372666
221339
72840
842259
356286
638315
185654
411521
26393
29012
980547
393534
261596
701155
61374
663121
625755
957624
384573
15992
