31
1000
495937
269107
698753
926749
652541
38842
365880
408439
315867
804584
351835
574912
104045
679957
849592
945230
960039
717502
95690
387921
260235
971153
107780
978856
500217
14936
574829
225696
678824
96767
388004
569865
166706
461187
692037
249975
970057
346361
636580
864402
539591
51385
191862
824474
287012
435621
504016
346620
599937
708697
282439
266441
271713
271793
21814
377881
105911
675185
550045
994683
322329
761301
674470
661079
873684
447734
746787
709210
316118
170036
181950
649687
867592
527653
547564
155490
368575
88564
886767
331790
177009
754768
784894
567519
799399
970237
129061
817689
378596
685684
291128
749492
667311
462503
132405
145581
242687
210337
967093
445878
544643
578764
617807
650766
235403
378125
18250
167403
423382
152074
295100
80851
480249
178827
371139
270729
262376
142462
816671
208613
761700
137684
15403
255357
31169
61450
78518
827135
981267
645314
949762
793505
708789
900687
643096
720943
980597
433424
748486
465155
488351
116787
943159
809747
238436
586715
943213
711460
177959
608604
754205
490141
341285
120483
841767
259254
359806
453555
873264
628751
262884
99338
548702
806173
177823
768034
309743
99263
96698
576787
395382
542703
372046
951893
676212
532435
309160
344676
938639
692275
206682
964540
694705
81606
719707
334020
852096
117349
307099
723335
335733
876705
517992
621597
826331
960048
574582
186024
96486
674562
623182
521338
782318
344690
69654
343252
752710
138008
108729
188041
831101
653819
830066
516162
473393
490403
313274
311194
670731
41933
978444
755945
587674
591288
107985
784095
936143
4061
387246
787078
427283
239611
917670
820009
521025
702992
995628
323155
666115
609572
700809
868528
425356
515198
393894
522641
579119
924602
476343
362187
816475
876211
334148
782846
598772
20250
899989
517235
458190
807208
46522
884127
152968
250480
743796
859589
492803
787085
604292
716407
590910
503931
132749
548156
90447
512706
461992
658765
239872
765325
664836
119098
973956
623001
622776
614698
194325
245449
123751
817663
707307
493334
373583
842840
221658
480099
785774
195184
832585
662894
911313
46435
260042
342691
473978
740113
771163
164235
84653
536283
437112
157089
930071
742859
318619
181765
847900
336016
979730
146698
801532
4774
206842
768746
140576
89428
861469
595289
266055
581391
674022
28982
468552
421244
950205
362270
200195
381779
3203
232027
828520
797151
852395
105082
452003
985186
506355
774138
297507
39893
661950
373408
780230
463948
808080
341096
1891
855608
984677
78934
538739
147655
77294
544874
239772
781286
447593
946417
730588
167270
59420
262072
270158
298492
357293
141340
435484
76322
69601
290365
8706
220700
706031
836945
950970
487509
236800
661908
472586
689960
875270
465958
786682
652534
304012
831619
996356
23395
711968
376249
299566
263289
187237
669331
549335
886546
916106
464183
984177
994424
677073
909548
526986
454008
530911
554573
504293
187423
760371
342985
706438
908628
360371
671892
268813
202449
898850
756270
102394
971520
531823
827150
632975
400750
56102
269483
591891
272750
939849
381030
401138
769485
762298
928855
270466
127917
2959
92722
956000
295232
204552
558678
82937
842019
93212
416242
85797
322196
630575
951252
674733
639698
760225
599375
784237
135760
112960
32649
69205
78741
283165
528223
200393
517875
187260
619637
778856
197089
638181
37597
562154
303351
513623
602082
649827
169926
801756
25203
922404
887634
310968
330919
890305
441070
624187
635377
437740
785842
297846
746849
351808
842458
329226
899284
70874
149886
644572
848634
923042
662250
979556
369218
715496
395225
337765
855780
473832
246419
698679
974602
341104
984480
790656
242268
791705
489959
424769
119207
266544
937832
385164
920745
367097
868563
516820
879611
556297
664067
354013
548507
684306
769306
507154
591125
265980
467129
736245
885646
852014
47196
540528
465133
258091
725841
948683
239847
593049
669075
198839
706405
14814
390919
542343
83475
905955
883474
234046
219207
469050
822037
328387
954380
666972
58182
905329
90123
467915
369964
903051
771157
399190
672887
442701
518927
468859
59705
892125
379451
383910
288197
674336
838047
261464
554339
723305
388116
148451
622700
22733
208364
479249
102408
844242
419393
781925
841346
206918
778134
250297
156485
598251
322797
963718
714038
621328
764453
579586
530221
878651
863628
260580
625232
973442
854985
214403
74254
736697
103967
732188
59574
64325
536479
660403
512113
571855
230957
359184
82786
523540
823404
232042
846873
837594
928393
702114
357358
411453
226401
373606
767296
122088
107856
339062
738634
354527
6935
185987
78814
312440
445161
490675
886402
492842
288402
373762
578724
720765
522373
464066
157626
201953
82048
27715
101626
738779
639390
465677
66227
826586
156729
649098
224327
968104
256633
679041
515013
571196
483774
360701
907111
744940
222694
636236
87973
374847
754747
814947
298291
615648
636092
511583
528542
370287
488134
716390
27263
560562
984159
829612
675417
427241
485151
40913
29781
501951
538492
253096
471767
270108
407088
367955
619836
149079
898185
358218
865587
98249
797965
128186
231477
705981
582343
215242
335522
557507
242226
797240
791225
833124
53953
983202
870772
665455
310793
248225
988798
911858
136332
147024
409362
620357
425699
859690
993841
711104
428359
153169
169791
428108
516028
84715
71547
816727
80218
317735
222553
251809
605625
562974
885950
361140
668728
615316
435928
87344
496938
697245
862167
415300
314910
805404
269579
752697
722378
925799
716635
970536
27604
570310
485535
938572
76348
845147
811611
120242
981544
590619
888345
368717
747789
607162
816610
736358
495480
373541
818584
397168
241527
224233
762611
810105
161766
220849
228950
691965
108185
416236
679245
809557
688547
401549
840486
628172
200129
318700
416425
734738
408038
164938
161397
756234
715812
814833
758136
624766
697396
220538
627338
124722
365218
160873
148583
653846
552600
906866
194375
484885
495301
133663
821852
826250
137065
57865
967655
427602
366016
24643
675191
854652
336648
614487
282752
126045
718705
323432
217684
243137
888353
782262
349952
859900
509792
374528
713350
551710
664679
945220
468530
690244
555584
900066
692251
898955
127065
939295
756600
341792
729579
648709
395420
311347
185602
435431
843919
989066
337512
516097
731787
413938
749042
207870
485840
770448
21414
259924
708068
621717
296455
784203
653931
809743
724928
75675
524382
716253
6185
56690
826219
517179
213048
875881
182075
44871
115037
768950
951637
403069
83426
503536
522197
13852
21494
481740
654194
358695
202056
62038
552063
218862
693161
472069
917691
327927
402796
546042
498051
719371
679783
837077
525031
310874
527893
204276
829273
841931
276637
664266
212289
93924
986734
525399
919918
21267
354881
499849
790824
538455
474176
747631
188641
267406
386181
690390
329481
597403
236539
741250
551489
148787
622561
572490
373735
483781
789613
383057
955408
119236
348301
49117
190228
636498
522504
707477
167042
569610
819075
989147
779060
688042
541600
