31
1000
680772
459966
80412
203905
964336
305408
330591
231274
456267
697819
244438
554949
661023
867968
464877
993022
665491
800740
746980
176910
437443
968848
61882
968214
73149
367124
467126
756961
703638
140699
733460
480460
349736
152410
479947
726146
819945
956771
891127
348575
296744
403286
589224
598966
485990
794934
507079
39150
334350
578649
862047
976647
947538
903673
630287
969594
763940
823209
838347
487679
843918
73569
965130
573352
692079
604602
15248
713707
35155
703669
913112
288189
515693
362741
689309
787673
932595
679501
26245
961183
141782
151988
95083
895834
632285
947221
992007
319962
242589
690307
641148
546368
358231
258762
353919
667096
52718
735777
763295
62752
645315
771579
801908
273191
208943
721852
313384
390353
642204
144393
832797
25591
126401
12408
56442
565355
886264
787093
415577
756285
464424
391038
432137
686981
13018
359270
191040
873784
960595
546603
121094
929165
854073
937025
290883
805185
301104
459134
616835
686004
192109
13762
299289
771424
435305
208384
847199
573430
749618
497902
455899
612567
115355
645189
736893
150380
880916
356789
388420
80098
954260
153449
467969
371845
781618
704434
171508
76088
425684
335890
606290
811214
575550
181288
300776
827465
3148
898035
819289
198957
37243
1988
967043
519167
376161
628293
978624
41183
23165
8863
273673
191
853161
909901
23028
739199
970988
714619
959198
342887
757164
39898
925987
910464
737536
240771
313546
123535
173604
260229
287486
416111
629189
18125
586487
900042
225469
748977
102968
549876
724569
836505
704689
244580
756757
156170
716932
129103
102761
784656
480484
203042
312828
343880
674650
292636
159159
394631
619938
526343
346869
379242
755890
897425
679382
448891
556506
177227
75507
643581
754630
42109
501867
348693
311841
439715
148636
172885
491156
3273
390126
753189
910700
486078
806921
982992
259290
529720
858790
960041
560787
273348
912387
738648
989720
639015
483696
198148
544272
94295
669319
561438
347921
201295
462073
627656
927485
886483
167874
913569
695881
326912
395902
444975
988889
147727
892118
55079
194887
621478
848979
160667
319299
584922
343827
962753
683668
727302
874904
107099
654333
5633
585598
506440
743610
392638
260677
602471
904938
754245
250508
899620
947910
139786
473567
435616
557647
556775
75751
728001
610246
285179
162240
346835
145173
101214
724392
395225
75659
826304
269138
659573
316805
1754
458479
241256
88542
663188
360357
36042
35920
203069
659856
968432
235129
821907
162094
973490
73052
568960
668817
776699
46795
383794
189700
401069
598116
804038
805781
182433
225449
523938
158724
269836
128832
613666
965638
308669
802883
419113
466422
194690
620357
515418
463385
684587
269987
483807
88204
391206
18114
876006
943565
244873
457258
204140
754786
271343
593342
585137
581225
980537
738775
833355
640253
999542
914045
231895
398018
496029
184769
59402
935566
611639
576698
203749
629748
441689
983386
736647
797550
16847
584236
218396
286054
684181
561132
27636
680353
103807
519042
792878
77257
307256
968413
49107
387861
306919
286441
599999
925143
119853
719276
104441
212834
38795
105090
958308
66965
930209
394995
197903
788617
587537
939886
731879
575635
715906
39397
633612
6198
217536
13444
553984
356520
608833
484878
555132
505343
168707
418071
791197
704056
164304
391448
195515
773220
864931
183026
592346
870512
739749
13506
904122
550223
467088
404317
596361
814790
416309
121000
213625
303507
860056
295383
829356
989307
859577
404352
921034
287151
405102
659355
539701
372762
403307
55384
538708
729930
702628
361693
475660
699256
176841
25499
588749
306357
419376
302284
742472
864756
395089
652171
206526
422446
212330
912591
505972
51189
942723
366405
337859
547481
543308
597898
888780
107185
289058
832002
919432
29383
861232
257944
851133
794082
62578
206610
449676
590448
932117
338831
687271
99216
576571
901792
444257
926330
510426
252737
922590
405324
751236
876019
152873
198769
36993
893815
904292
630640
28632
113768
963994
301839
356461
679926
357873
511841
473924
35195
664699
103475
251108
719611
848491
266959
360022
491837
350180
790699
149581
460928
472941
730737
521439
144156
670337
854124
616177
345975
737668
721420
492402
114464
873679
135254
355070
62795
633580
763627
817698
175465
265885
270706
30271
242212
922519
436133
227975
776436
291532
723573
486693
538209
28262
482459
50105
645461
182095
711868
58433
251101
688941
574776
630675
58620
569387
972048
959942
890924
123507
419313
495409
97714
859960
16865
143115
583964
937135
598405
570161
535322
337245
717900
657927
813815
117195
917756
242486
272626
231447
882263
90515
862973
135589
375593
951071
915985
694322
174385
659179
430188
419593
969258
737236
649768
773006
952501
109996
240633
171767
125796
20857
312131
71771
257893
414871
663830
826914
668681
249464
724231
557789
29040
96844
308012
494127
78291
406012
710259
92648
516142
501135
642975
806194
283080
608624
765537
263204
66208
621383
981711
850612
247158
11843
616131
10505
822963
655673
669011
945263
315317
164582
391144
241828
969467
187344
953789
982095
881066
726475
921910
662544
294330
351704
184346
852338
141952
767784
444911
550333
24280
291390
989297
219625
664750
773362
539886
940397
365673
425681
306433
889524
570742
310178
607209
596977
589228
326852
881093
929161
489121
911155
79726
521711
547081
622825
162673
177870
769861
715937
616039
102623
296336
507318
578995
781914
641409
165162
501976
378505
316221
96707
309237
843511
335869
985296
751325
843080
683128
921994
227159
535778
39533
932949
701167
776201
792975
821606
530487
782473
236492
412926
654493
354828
437436
894996
571690
596875
973091
341072
176725
472097
397411
15796
462082
713979
111297
835413
877338
330092
176017
600455
17991
919325
331457
698968
35916
470882
844224
185138
207104
130343
760969
450980
203045
749065
876048
429178
280041
541505
621319
374472
196152
16699
482509
299910
515644
197253
501044
134869
31794
125859
655085
153376
133482
254975
685266
809630
838107
143229
206608
201331
282400
183277
952623
430326
328211
10650
531456
225166
531397
766271
976290
4725
104343
432025
878064
198238
634936
246936
236811
854643
713979
317359
380479
480823
598099
785802
74324
375051
614703
591455
36916
568268
17772
705758
985332
442009
846587
524674
231360
942770
919889
629513
198120
573436
756996
372224
486081
985953
835849
651832
777785
512020
474759
898069
123643
536882
455319
796804
983803
761348
615131
729612
203486
203105
960952
67518
94409
850672
471601
169607
279045
289740
578593
179236
57932
16256
365845
130484
38323
523697
668100
47657
332851
223835
657707
499608
869525
696051
582089
909105
25786
910572
813428
689736
806148
9622
661783
285393
621541
119136
809929
931499
369794
751998
148170
793299
118723
913702
824732
455929
595514
766772
690172
391791
687277
737837
893499
807614
993665
348192
54334
534291
666949
557864
435406
10967
446425
342479
796189
79004
833210
932941
916694
909811
304043
325230
781919
203482
