10
100
923099
476181
266630
944458
175129
432570
26636
972549
432007
611126
672144
231433
821836
54046
225392
359653
929706
769221
316003
415117
337956
991130
432692
921237
309386
547439
981403
304699
627874
502484
42486
556126
798709
409634
972713
489613
355827
113684
516303
261051
97283
934159
219803
869262
774379
520770
98320
588310
827673
105512
342873
395547
731276
643178
15942
261647
572450
257698
934371
298466
844350
390843
484791
917620
184085
852212
320214
837030
170454
788227
716451
510601
333300
203734
502374
949496
111889
765172
10502
235970
898696
285058
268515
676095
601367
92770
908114
483844
543144
697910
270262
522161
691002
202498
43127
66087
689392
776176
701794
999319
