10
100
590179
771962
573188
9445
193121
973967
673683
865537
161472
249828
161768
187341
293999
835463
914628
462300
123869
358053
762942
608285
446853
868489
894043
194090
804315
816194
343494
629117
620113
434851
358892
877762
408966
132900
23670
342151
810444
178918
171172
137295
184532
80148
140611
924358
469304
194981
75018
915216
919141
883837
924375
21243
382691
164467
786817
467410
53635
115246
598425
715987
755236
881512
96322
458232
745377
912149
389226
416945
118939
741020
678052
166515
582238
233412
823204
610794
432498
7274
344534
381130
69313
310062
221851
697411
960031
737838
932641
986835
582523
144490
778525
914933
708577
107015
553448
954615
993322
426287
992755
13417
