10
100
380598
768557
853021
278838
771724
571952
271621
291084
788273
793178
804774
63148
690732
255736
242646
760318
699129
545382
693166
507576
383695
845775
432742
968235
847946
922383
928268
181690
845882
856633
722593
197413
22279
719028
40208
243139
48319
388992
339660
503502
419326
181527
560773
207448
65337
548718
544774
442588
185383
810010
70318
595183
560844
47056
347912
198166
407651
701637
277066
108977
298151
544948
267495
295572
598142
542334
818449
295222
742595
900779
40014
115394
312878
857102
216246
450507
165666
838343
303495
517213
979603
9762
844836
961710
130067
871837
495217
675508
892087
708167
896963
193552
692458
681348
984328
965351
760014
898861
487859
134930
