10
100
183882
182932
954849
325483
813748
35941
95693
157960
657116
820904
241004
479876
986291
280034
101543
173368
567831
45276
311667
559433
488316
302139
723342
858907
94136
911822
212247
614692
289067
871975
684618
810715
970696
438368
206168
143374
960069
972543
571807
830483
244059
343476
191563
87126
522554
836351
73928
978066
344653
580206
220259
824475
499045
147396
895036
116183
519300
29750
907818
176781
213513
102798
301867
308373
840179
531186
562246
472751
552531
483328
117888
40432
295698
622736
448951
810072
303196
513435
679645
891582
627944
82361
671573
160876
658790
98758
379171
715975
159172
540062
532627
82279
158492
521864
235306
86469
767165
367855
879104
682578
