10
100
698516
633227
329538
332388
748022
393695
436931
211531
914445
321115
686202
764866
143902
741089
195100
266561
50547
221477
730519
298480
489769
729901
356840
91318
349848
713784
342489
692718
962394
514683
618843
669755
605626
843590
500859
411186
827451
566662
855876
217398
910594
889699
673842
688738
169185
910921
431054
468766
920768
390340
47339
185684
721386
994501
789691
341565
399154
297026
808590
745301
904128
146233
23145
926125
333755
163220
718975
39135
821652
846824
825359
344155
530093
350423
46873
814304
263397
509462
819070
704583
192962
537289
447283
622841
715193
604171
511457
707009
95452
420361
725853
576892
563232
328142
429055
384365
378314
280857
316833
606253
