10
100
221110
894762
829942
238847
871044
236188
744068
929026
647712
908011
71167
798464
716075
125847
190724
694691
494347
661090
377646
438214
141772
339827
112217
243625
432753
983709
239921
13503
179292
380665
942453
762530
489621
384175
13774
207910
686138
817364
775494
13899
160771
122157
432423
647692
793265
594194
356849
690964
902099
758830
346679
596944
898357
465187
463766
65952
849061
743946
71315
95207
10531
255512
84560
984833
107428
116892
278379
58452
767811
228964
680435
170751
442501
625920
791304
155760
445447
123166
363406
146642
403462
988308
826957
157795
841739
199485
524329
730659
568433
128570
454009
733352
696724
67034
51141
525967
890456
35092
245601
961101
