10
100
436499
425329
909856
850787
826008
884103
832439
622768
20641
921951
744880
847840
804952
359032
80135
649474
324866
117285
876325
793976
184265
865169
810038
77063
808740
527011
953449
396494
869605
807164
474692
108948
390175
82781
228065
518650
777521
893734
267976
883727
407283
675193
356074
963394
281405
534077
396600
685106
922255
354239
265118
811234
316064
670130
436768
227976
72198
725527
241039
146948
93310
376184
191719
881710
467673
944270
875400
683144
109828
156290
78671
871187
109682
154960
30353
691133
418984
496712
523380
228407
945380
596975
940841
220453
475563
749506
764041
959087
868846
831386
627787
650101
22872
918507
625952
773279
126135
726438
815532
232658
