10
100
776452
593599
702752
860350
541904
510472
885304
480788
819981
498044
118990
683477
353783
22681
406682
114118
998941
565412
201095
536064
983888
373904
85298
461603
654823
863097
374913
922603
766827
723403
809182
784410
857574
698304
365327
302037
667459
526470
795636
320651
305570
805502
205980
655056
58427
904417
995331
85000
361836
969533
576684
801086
700832
76829
776343
271892
497694
902727
958176
309845
905899
783647
23412
756646
224797
471401
806512
272732
693886
239212
415384
633575
392921
543025
68656
695915
202532
362347
204731
378415
723977
118512
848845
489966
436627
593765
539343
198091
79602
836985
850767
72226
128107
172936
369217
872890
364958
299999
117399
414358
