10
100
694901
553823
785592
589546
75943
586810
501343
44843
900070
453659
829267
863807
856619
560226
826111
295444
109851
861133
796525
650829
826582
701490
639907
615958
401821
490216
54554
101720
301021
752966
556503
589256
483676
539395
203881
158426
429439
585469
698046
482580
369973
153685
432033
149245
168772
363575
674708
32948
918382
967095
980421
426588
635263
983639
275825
651637
627958
18597
767570
348742
802830
349505
441350
541238
152040
339900
32318
611963
778518
101149
943583
112938
109766
93949
612536
64300
796105
739282
920865
650641
562687
376392
933100
571198
103713
706315
445899
91138
131947
449442
42558
616775
629540
114805
955126
690084
377163
279215
283531
86095
