10
100
913440
358718
397079
229168
850444
707767
517357
704080
690541
736919
271801
858288
296834
449125
405494
174519
103792
179891
395718
966083
873263
623298
321521
532704
996500
788485
577533
997526
139451
32894
145125
756060
869712
566853
676922
236331
648890
583719
244371
456110
256165
47403
833714
84053
843371
668272
784181
681545
462623
975026
36981
593338
499893
709355
165759
179028
753681
623894
528813
450319
913579
994062
831392
555430
949851
396246
54427
528095
761542
743026
522623
522953
469477
201842
861023
984708
783087
95758
696255
618362
403811
178221
404206
311148
251188
401728
228477
324775
559632
938315
158107
582101
885199
287812
791566
409839
212277
62420
30736
968592
