70
5000
502207
561519
8677
570129
842785
230388
827531
144286
627848
478739
188554
494163
500509
91321
267959
136128
533535
317271
735374
672448
767175
427167
202464
7
681740
42139
849000
135630
370754
581738
15099
90584
781982
879255
960029
872351
2388
243927
90800
160736
236385
630751
109895
47296
188581
452832
52312
173530
156392
471072
381968
412518
817725
953206
712513
12743
851203
416034
347382
336368
32136
209798
791592
584116
15497
663941
102409
642218
436117
546871
648893
675065
226384
965382
1832
604614
378386
173416
493730
980151
253615
502777
605383
656418
193810
799732
532396
321367
741634
447182
288940
196678
860487
679151
940832
948495
453605
779853
315117
271269
628231
302247
214006
100381
464119
119771
212146
343001
429706
246117
420057
250635
808537
526453
681273
31592
893417
327020
701157
89835
148012
868338
936204
11715
632801
215734
969127
350555
475606
409091
908748
882307
420430
565948
560352
550016
619005
751732
786602
147949
514352
747180
111298
995403
870985
391594
476200
751917
127464
508082
852080
202745
291686
614116
454491
176859
564091
313201
262722
72140
441791
91451
203692
676538
93645
73353
386814
994709
693316
589156
21202
674294
607719
292496
62240
56235
969444
802730
147928
938083
586418
628507
340434
681907
229011
653238
999901
986755
123193
740276
816884
435672
813253
519305
885775
77438
836714
127778
563477
181265
869104
797246
5038
380968
368085
544230
80759
364383
857614
286986
369871
376704
709995
442682
44238
55437
539288
100734
87062
181165
443711
887442
753345
990321
895243
84033
306042
642113
121736
685404
503847
80295
766950
987159
182980
928760
776285
287425
529035
584922
722730
176543
880015
499575
956471
397411
808809
257661
106136
234894
847625
920974
562482
103583
171694
275467
815094
242870
524976
671288
531723
345802
84474
997324
538250
509764
458006
264664
565026
40438
514913
921873
852188
439035
168477
95996
656826
181099
727845
899765
374392
343227
830139
445595
671412
470064
468989
393819
90985
120958
751799
70424
298711
767873
173906
696628
336639
325399
862441
258558
88458
751704
62652
276856
958153
359347
489533
918211
286743
536550
839368
685737
85979
244249
76208
676871
294954
401240
26036
547349
886217
933803
208081
589332
490384
925972
127281
155731
41194
805925
670721
189981
948664
30331
266528
732034
25877
683803
914163
150720
807092
203111
887125
68239
942246
998012
607212
569798
480953
296875
100247
415597
534202
579539
543043
116704
325402
627928
439325
979804
71342
465602
113762
401705
898896
881268
521938
739428
623779
583046
903298
870824
36724
253250
816977
115161
843389
481784
416242
762572
786307
537342
412200
562198
36383
600648
32913
967600
71833
585824
879321
832260
773679
624257
632975
992726
216310
588758
157588
634514
900760
659082
627248
209518
995643
525771
920510
681531
988931
285281
739784
653326
955885
465317
226221
134725
961692
929951
168447
160440
688753
650560
751785
8894
867795
679160
56013
456025
220622
71669
112492
470655
979863
123834
551103
569029
247790
388055
262690
144938
137052
471050
350960
96318
265436
259314
157354
592750
835286
293484
928400
236012
469190
599181
122770
126335
660219
112954
959328
773988
294972
387110
144862
563360
522821
119977
766323
573411
345007
725754
593217
577114
143213
105353
132527
237394
139506
728315
505057
631108
765296
463043
702793
65985
40700
151386
302679
339579
702926
692058
403404
393197
85412
607805
954988
388072
207301
729645
392082
75772
172515
97991
189085
929983
108570
752305
187784
223613
851605
30932
346008
393020
755087
812792
156846
138026
203767
924347
582140
706533
121837
884782
822100
754983
620842
945868
389084
769548
440444
510936
369950
800450
395566
767186
697212
625164
520262
574997
198529
732018
81127
413776
637266
165833
639063
594719
293763
895835
709595
649413
355206
761522
586111
18952
899134
607238
742386
348457
622513
777600
854285
885823
811996
623594
389364
861679
293793
674294
288917
79754
869980
339880
970766
227203
915027
850272
285739
420043
138059
39432
908429
490635
561015
908758
816614
77502
402444
904702
806048
143592
711408
979832
651933
441398
774928
554089
655705
831219
843729
300913
327084
401957
655454
615952
138796
476610
298080
526773
293552
753810
421516
880357
820911
396258
832917
220996
251526
749922
169219
104963
309272
674204
450716
498855
186576
49809
973182
189362
304642
551602
573006
446000
573935
587832
371787
733087
642791
265568
890620
278972
84745
804743
373320
140774
530918
101085
580516
123569
832900
219785
532454
405770
209022
211289
339001
295682
391240
548708
950761
486009
473809
852991
963166
291432
626305
163096
323430
572938
832802
192754
424363
16168
942939
75453
160004
356544
1430
874385
295526
287377
303171
110023
832763
378054
712822
44596
366027
257596
925036
109571
388247
5298
394539
82926
838597
863308
103431
115801
251893
580932
770432
91659
78001
683757
899721
922377
880515
142437
826340
558929
757857
87127
753448
131568
404420
638378
794021
564992
103319
126666
719198
715586
541514
408081
813876
93012
159557
875217
232484
2511
179386
466177
439271
887615
307027
407233
630328
998079
178379
94027
274482
649905
400089
203128
649047
987864
130310
851692
565549
491666
388575
101920
272322
327413
560903
489994
547025
260292
458980
265835
331325
181261
724985
651637
102970
568675
269140
475094
780107
383156
376286
617125
851365
115910
153936
690216
41395
15442
20165
355264
476019
509245
476586
380273
149182
674863
360337
884306
451108
481362
17701
139981
250421
102441
765944
183700
938333
470026
619768
320737
38439
633210
293185
361191
538658
96291
36876
321050
388001
335092
324996
433048
847963
598805
202233
338419
457651
671046
850542
435868
13011
201171
683468
626029
777393
628342
55162
293906
750644
155913
59780
375957
388719
417318
67448
482181
231243
504093
475472
880195
878916
66129
609417
407465
722058
295151
544594
588055
463815
1484
271264
628251
391232
865498
846622
751228
647893
90503
151106
936420
996706
386163
867771
858023
73096
136971
178886
91124
237574
472647
565088
732567
534784
338684
490966
799848
43490
154334
948408
835604
87070
401110
789484
198341
457361
891772
190366
364209
839235
728562
852949
461308
471885
523612
249953
912011
537045
554751
927793
597542
879477
642357
582657
211849
778682
885450
788272
726536
154312
82039
268655
386332
82459
459064
360149
869518
389672
161676
81360
879166
601186
866889
497207
812624
174040
829913
576506
752116
866683
436181
629179
656849
449598
389244
755957
479502
165078
78608
238106
108925
627937
421261
54268
681891
750179
693127
205729
657832
749995
450335
87737
648984
187732
603553
177835
894995
896871
136829
533643
609175
526046
848480
845801
979880
6659
311919
998531
105626
713399
317280
268442
759419
442319
802740
618465
351455
619737
701013
107346
493000
112700
344584
784604
160050
809661
655310
278775
817849
32862
536733
514967
226216
652513
759926
656510
779103
12010
176675
221228
538656
849666
540047
242290
92022
397176
16321
252005
779906
243042
999542
314733
634403
693313
261339
686973
405057
935298
649508
609821
922615
556577
964940
608418
643867
103144
296105
126912
175082
549270
186411
191158
9493
952730
55281
306599
159778
33406
834375
739401
255041
511201
424320
333174
663532
398429
791533
404768
463033
615815
637431
691426
687551
701204
219486
658993
919331
575512
558414
848049
592446
705386
93211
581732
644588
508580
431130
195581
55220
665735
954267
632531
664527
982139
348102
133041
624279
104179
660497
859850
839117
256815
152667
642825
899207
364507
840040
574215
364148
28501
837818
415766
181517
502092
732872
792122
46170
901956
285085
90039
997406
917557
56400
761798
673761
346387
812508
530657
739672
676137
79323
921342
11570
996255
294692
448024
668801
208026
71421
607272
519300
693954
907199
788787
745805
635935
403077
670397
114131
717917
2384
78299
618454
434414
268731
471974
420779
321934
543829
730123
407267
766818
261728
488512
222172
816058
939237
465361
231587
420277
522738
333848
681796
224772
905202
391243
146097
121543
49063
587823
851403
778835
33862
993259
805839
99669
844974
161015
437344
687248
882183
650931
91117
420034
619316
410196
473854
972644
137396
576569
140193
271313
41946
802844
332139
597374
618791
192036
275821
808871
391041
57111
894645
724043
57234
916460
489469
330701
732928
994494
760053
808764
627460
449245
106856
322028
834921
531647
706317
63043
347171
63060
626477
716816
187914
733623
335275
150613
357297
463232
447605
385445
924519
545206
963014
677736
587018
640034
370069
8124
389186
923006
12893
724790
733217
661453
787018
924870
98005
414404
309693
893560
984584
958182
520892
891671
466965
305389
787705
731884
872358
515300
416509
605412
666158
313682
97649
8591
578688
730256
43273
936453
418571
940604
98062
756579
917362
868422
23110
347443
505548
830759
783489
16746
970741
806578
242243
653066
232335
189315
23625
626856
705817
242195
716346
36296
452393
126638
917355
890212
30537
483579
130447
323340
427244
580794
760122
773927
153484
73229
671568
919767
886625
284077
86414
554555
853183
317757
279540
914958
184589
656443
234510
112748
648925
898003
247134
647029
401837
862286
403368
109898
965305
66023
772506
535540
445819
620862
470997
759013
144385
828518
918236
603030
727080
885465
327704
755215
504954
361355
326021
97477
149410
150363
894909
82653
211272
945062
142943
299215
414093
377590
896540
841766
409508
610456
712222
128163
755467
154572
992084
220993
578149
208149
343198
634708
838006
772655
600274
705483
463354
20128
519721
884052
940002
844455
638154
5982
521132
970129
760048
563322
897758
596715
205370
831707
367006
301010
125071
765116
898481
742374
355307
941537
784654
168733
624011
885877
320542
852531
475505
423762
748307
402879
74580
577120
13218
885921
3688
509012
431774
672024
690757
85274
534835
114160
148471
186957
626747
29848
38561
929187
739008
962706
972238
309478
436239
533443
873878
639837
307189
602218
417833
461449
902169
867950
697979
277899
144885
624399
150668
448163
895666
531775
701330
114451
627168
374538
887750
388194
760975
204592
663624
974268
413901
622547
260272
280758
452604
849355
552818
886704
770510
128407
730157
532308
541856
784623
431504
566650
480624
723573
475881
995822
126397
488841
244620
98441
675514
817979
728732
324475
761390
284699
150969
548971
111723
754605
782406
247605
433512
703545
111893
686482
788221
899710
320946
551958
419835
57927
81929
654162
573158
544789
583477
22681
61201
201723
445861
119072
991572
831113
162541
903551
480235
664736
743143
715220
127406
822821
904068
114758
910184
76241
628659
433639
359319
122788
165675
189043
710016
125945
304345
484661
213356
93557
224417
976265
480386
510873
81427
682620
379138
918391
276908
881231
225692
901058
31430
19995
196011
296254
61661
284942
575441
570966
208382
804627
160239
922316
524558
957328
802497
302283
111988
211849
927637
590872
685860
186786
107238
806119
96137
416705
593497
260746
539662
717074
547731
507396
412234
843812
200245
202364
482758
204209
816181
681741
925547
541499
786650
1210
821901
139601
159700
623743
103630
724465
589237
91074
954032
989319
234000
727208
629883
670420
222764
43653
983943
518314
825445
806443
230055
87891
26272
310307
550706
78161
708265
486330
498415
853057
517035
751858
347164
448729
361227
526810
634011
94032
761249
953464
941498
404125
328339
703458
517405
504791
347472
623468
86026
173627
914022
833979
218065
687116
956801
162808
71830
951829
895489
892897
922109
364682
561910
782201
68592
291597
79291
931232
669136
908620
251628
647869
520629
633287
231301
793815
813732
553775
138456
528579
626636
26090
691307
619128
396349
912627
179756
221694
187046
509471
349201
632837
932873
424058
285776
860114
268541
450064
726520
217812
551903
659591
236459
413973
39703
82793
819384
13196
825474
759232
363801
135311
441089
670554
114950
229733
980317
49261
638003
443769
251477
721683
495661
35947
430855
86390
881997
338049
324087
913863
263254
195067
550718
563431
693297
869060
194257
619177
741762
181252
102381
558191
572454
891219
309532
421040
146443
128455
165031
862620
739949
872238
842137
310550
387561
486359
668651
37280
183935
446923
792977
352533
415593
861977
253024
691279
853714
404111
381082
998760
105269
133509
65560
845982
899475
82323
448594
222672
251152
261282
854286
957349
829419
756576
668195
414924
14360
79053
496489
64285
765500
168371
644864
484575
601989
159602
709113
278819
547683
561017
825700
466061
299942
644241
948791
6130
515253
147731
659479
880797
281576
456762
396422
859628
934659
589843
642026
139160
271248
957137
242358
433426
661592
296381
765175
569288
917757
551498
518973
794822
952695
100038
872356
524794
125161
777133
441918
134352
532831
119960
430302
734652
838503
8595
232196
507222
407433
256204
434592
883742
615971
13222
197829
977889
606886
208109
186027
665013
664615
76644
571296
575582
849187
695547
851277
812627
252562
627549
680033
231194
369894
514533
374748
517392
80800
281520
418554
529157
226767
63181
544442
428548
867943
108049
869641
960880
116538
856776
8016
108169
552597
231174
274583
348814
666234
740251
173844
763005
440501
230948
869332
883126
241821
894334
977797
791485
45801
271638
678942
867550
774572
884124
949163
863403
15342
685910
189816
716065
699689
859281
565401
791401
865245
904370
956757
258042
615312
745002
135853
370715
372710
59144
742412
166982
789272
915944
743180
537769
320212
706377
911266
221766
243185
669053
786792
722233
909773
456377
426118
29466
980294
871308
831228
499000
329873
979949
175117
260102
679738
428844
752459
64658
59192
68235
297404
461104
385900
501670
98854
254453
352438
295117
58876
318367
998452
614770
521573
578962
387160
440125
763621
782589
434405
24446
33130
204955
918406
573370
325621
604886
430539
371942
333923
913286
148737
916146
719384
388630
351660
493564
835015
307911
435555
806885
439199
487055
156489
637953
786837
748889
178083
564712
488522
402416
838555
199849
476378
944630
967760
516190
580737
73742
475992
293339
772905
355482
385427
215488
101972
242334
558829
949486
136610
728003
527919
847766
631616
578744
919747
572909
999661
451827
407874
173500
228586
474517
79867
880275
610302
452844
132675
378334
61219
914578
155828
22415
409040
616946
42180
825211
416612
156075
976322
888449
246508
287885
613614
112548
626769
771392
839350
123258
365217
564355
657225
535486
508408
810194
160922
675136
851018
88161
559987
737404
983632
470214
803699
480711
56013
913651
785702
406501
700284
470368
828735
808824
206808
962951
965940
107155
51463
38089
869430
538285
587492
481006
423244
751921
681448
480522
821067
652850
33076
876411
640628
18620
427325
987086
287018
906502
253076
660929
231054
853955
589009
582947
471673
943255
681756
772376
918037
541543
818519
150073
20696
108617
871595
884696
912095
311003
242286
984288
646819
215407
715502
422171
335898
549092
175261
182606
147756
573392
130008
502335
345872
23705
37077
91543
783683
933603
924201
999778
987493
546211
172340
342002
616688
288466
730538
658788
232085
294078
581054
317434
667893
231162
84077
4903
532408
764470
559844
927466
504270
784361
496526
376850
511488
369514
283966
421663
241778
242591
823670
149321
155255
108236
675794
864986
600209
218957
83604
355574
49156
458847
503629
561915
860565
357016
708004
281411
69412
531831
415302
752006
37731
843478
930666
856797
15474
810428
105087
262945
546265
403727
548917
411762
884065
494438
723621
881748
377039
845309
675550
610163
544702
843266
292109
154055
300184
37068
860104
950930
762096
657643
682231
853062
706879
721306
804191
138565
684730
88145
859276
523200
929164
589687
239387
382272
291189
50677
448098
184131
160767
886054
172924
241598
384856
279146
432948
861634
155601
690650
240461
477497
613618
61013
889771
604751
645495
377849
659810
75117
335532
839598
140250
960224
560992
437212
421979
673752
511625
315325
987707
154637
436660
43276
679329
750332
926694
426460
950773
603984
750997
27782
263590
611419
990396
550267
420759
922563
788191
615672
41767
155642
429531
126551
453723
880357
26664
804929
927659
912734
477231
828993
860646
746517
992066
417716
895106
986577
50364
233693
991620
13524
600439
652117
749064
98845
502499
813855
105454
647751
966345
139609
678241
330767
193885
131343
818629
194675
416121
140522
918908
49013
559292
291142
635925
995327
935038
132193
245011
247712
97326
435246
266581
225844
960779
274954
110247
706786
330939
498246
212708
334080
477643
179362
215237
752209
267460
407771
910347
313006
680294
911644
31493
15170
757828
478352
192958
679854
312188
872471
133959
546574
499920
860438
490140
992979
259174
634985
946486
370831
325464
16500
89837
54864
576697
835031
171463
37859
811173
814463
291553
428282
340164
613465
627064
863336
852443
927714
180628
96264
231118
472923
556307
308798
66102
943064
580814
992533
718811
127222
813290
723720
418446
476524
814397
96028
373862
822011
444698
320490
726165
872575
439803
736827
75622
225512
643722
990220
420053
381890
293772
719984
647498
935983
480362
208341
824692
460791
823774
9054
761150
588598
199734
164848
489137
241907
43720
604041
106086
684113
202675
338250
336102
936799
575309
532629
216480
957706
524718
68305
944966
97394
101976
144330
493188
463705
70082
464758
689309
893368
410239
696786
24612
210988
716560
826987
864149
161486
131075
767033
463118
758880
645573
308774
628269
176226
220043
655788
15175
765829
228761
581659
763137
849143
564974
488634
148879
537565
551180
762310
35655
206879
742631
312790
323297
356188
556906
665694
882765
947838
282976
787282
253041
578409
734789
426850
958782
466637
426218
364004
403374
705243
932927
773584
615132
216469
427392
468644
192383
977661
594303
630824
130180
93295
829066
547788
673096
720331
651384
929581
98479
289930
270549
517686
476004
153202
244263
531235
865645
608996
415965
623649
981225
86739
202707
525906
418793
696207
587524
420076
876969
919359
695437
997441
86570
152430
345498
778329
643373
14716
514031
622459
414541
983860
182037
791499
933498
593406
392543
911373
345934
812203
341336
660359
6861
470638
920074
35653
781438
31850
280045
984438
81568
965542
687851
585652
59147
659998
238156
867617
906853
643251
880707
928108
568317
248706
762068
514163
631367
96721
633888
381379
110004
600166
939151
576378
585837
946674
580568
808910
731757
984235
912624
846118
311161
92791
636812
616038
447740
81860
575381
2120
115075
52916
71080
241382
869777
354806
824774
382996
685664
855472
677279
846761
463349
564888
757110
678367
926238
703074
511920
164624
158539
56659
618367
582688
848903
282229
963942
805242
404881
821539
423400
11442
841243
407876
463185
998410
870558
659156
319072
819920
702104
846686
82703
301925
681827
896710
307457
421016
244659
430466
847239
826672
854636
406825
494863
533769
827614
35108
437994
52181
870814
197569
487865
174916
495810
805798
371443
178558
254456
535010
206164
695565
945795
861471
568997
222296
785620
276916
857317
413962
319617
80407
387025
771154
947620
164144
493653
783107
387603
416840
297167
167771
329079
556000
681212
642272
244043
301470
971841
56422
174835
708578
250840
70190
82678
129975
997077
838185
551834
711014
597524
691674
983259
327908
313857
933017
902983
319403
94404
675571
15481
18470
368647
579311
155312
259909
37541
791979
379979
988977
81520
240037
362531
6297
108639
856791
743941
87531
450259
934073
344074
979103
899076
530282
489429
970349
279564
298729
299561
666975
596816
480061
191332
610112
770631
111093
686620
166900
69672
556490
767765
374817
567284
861024
66204
25547
130589
501035
564035
187326
571730
398831
598904
739492
529832
429279
303684
997686
763302
858279
791966
253967
99117
554629
380393
31965
611586
354130
786065
565360
506426
881375
608573
874997
608513
50938
344945
699580
110982
485264
205188
17780
450055
915820
711032
634937
377076
254622
89787
115396
416578
361463
714425
300161
257807
173872
816732
359038
206573
497642
291233
147775
275854
151376
954776
570350
490890
151320
742392
204143
301775
431081
142940
237522
278181
887575
124446
568482
744796
964937
248975
487770
64725
31612
133264
304759
603179
825824
984272
270761
421628
331424
343458
311971
581271
37759
451577
53138
836292
79134
149571
372778
206506
58714
568992
527643
593185
369554
240510
14626
58709
80902
688403
803133
244371
469146
730101
460407
734195
654778
635097
243361
888034
579161
601126
81185
157835
508818
244149
950116
363490
73071
663720
970159
804365
581447
571428
263443
256815
885633
15660
918335
113297
639607
76955
206575
528175
708791
297214
352130
3741
471715
308876
914410
24532
49784
915394
319357
589214
228971
308447
347560
568665
497135
701241
310594
972011
185748
366843
170750
467714
187273
892412
309243
373766
957506
297532
391094
574878
172276
579965
447199
501468
845245
971324
721097
249542
87073
759178
147002
321154
88304
751308
49378
453085
25091
459467
414441
753784
750244
875257
799841
612559
959821
518081
274779
721895
361993
968457
752469
777300
552696
149639
222737
304996
760174
153789
325120
66732
255546
765714
586909
218796
120707
181391
835287
39777
947598
148914
927910
542248
748509
216114
336767
116170
374386
182353
295650
224104
215218
645015
604433
21188
979876
688752
443995
734377
807512
630116
180502
438713
422692
954990
828650
435345
68810
951292
264650
199002
827510
737859
515390
910895
390690
710587
428508
32422
586844
558910
907542
408829
488288
24697
843116
460259
568351
757708
138882
973024
523873
274500
535180
805153
495750
4338
370085
595556
272104
535912
604288
582844
728796
787535
695029
488002
399896
255912
214717
830360
245934
714973
208825
115163
464182
447043
384364
467492
311754
522991
533834
306363
811371
776754
444712
683354
103874
305010
712274
519513
849024
265638
112635
286842
342694
381421
499663
351827
576481
107916
824229
757588
752269
843138
243536
170932
154586
233674
403157
700733
843468
417645
620534
530736
827036
54913
252461
684310
451196
513858
447732
679460
71416
581322
866113
366026
752888
79728
31952
565080
448034
166395
725336
431565
108188
424642
615903
772862
296367
2785
927657
697376
609095
345049
4108
659890
83542
688773
663647
143945
566233
440053
836689
615161
549299
938409
778325
881757
418037
582444
106491
779780
772671
570570
991770
40888
67584
885999
143658
245228
480216
209373
169966
132417
774367
135113
192846
121845
986751
887251
638722
849705
754876
328801
391147
180429
189780
389463
4860
868394
956866
835828
491797
301515
95324
895500
807984
774473
262108
366941
612084
435186
989755
143569
760551
121941
93945
805392
940481
449581
649978
960318
527771
604328
933386
578200
848838
715474
351809
463014
632120
863459
666946
814750
337378
387617
608285
560469
53661
377075
209108
399970
50498
355780
609275
318225
686680
189968
581049
878401
62696
847630
497899
4635
442477
532154
164967
853103
671336
115838
356829
367981
529744
808572
100762
879292
331493
972027
97446
871034
29413
285547
295950
701201
822040
727254
887228
85682
101830
248038
105282
20209
371593
703437
278005
930237
385469
386132
592694
984954
30163
179972
162572
683709
3397
997547
218861
160035
847780
42315
839964
854798
294413
636709
162411
3646
974266
86173
106722
290952
2612
754506
242232
316981
51686
105436
828990
733625
100877
237610
59675
464845
637196
984216
941810
153580
349532
944289
371360
615719
986081
25159
776929
50982
612503
176084
928658
223804
984811
309195
842577
637733
580454
468336
567616
807391
670212
207793
674921
660962
714979
912112
125563
140796
742935
503726
242483
866125
988506
297877
823830
54173
987681
823970
899098
289941
592010
70957
984805
932321
382320
286422
290797
574495
989857
251790
268606
783812
563559
150911
572570
35916
614403
840601
319354
991899
848248
679034
569139
408885
368835
161081
373172
891031
995688
283216
358572
328368
852263
206051
77000
92543
631630
878577
955674
344330
889512
467606
166997
571384
890707
344954
106549
624780
16303
944154
723131
557630
198450
924785
160214
671415
482521
939714
213533
839017
935097
919365
179065
892682
334772
736364
856992
5035
959622
736336
887292
620281
818239
72253
928746
821134
677259
727382
982877
470005
906925
130343
726691
574841
343690
306118
474048
875752
118818
79076
572086
785961
541785
45813
790246
807031
337331
286138
375376
101753
379935
625511
145847
369856
311082
689206
463328
797340
879316
899848
304952
908187
57664
241267
342037
204511
128836
935212
99669
935899
212705
429330
13091
217834
962124
517269
677016
816908
496555
241473
972925
495229
756443
810603
169199
592436
948334
378294
247836
433653
437938
369922
417129
23763
958572
613299
492534
884422
716964
355609
245497
913956
62618
399873
544519
732416
697750
97047
787441
46428
624157
852598
566539
730251
192
460558
177928
449384
46606
934129
906305
128748
418857
508666
894228
221744
894774
88474
345577
451456
878830
663040
620112
387032
28434
742629
909318
130686
441083
862065
121047
249339
877199
364365
882333
421367
723343
949382
771046
816112
897294
815194
910004
245335
208189
194787
582301
334279
358561
735709
816147
242659
93925
777558
21758
878090
587
706097
613829
115194
837758
99926
977644
46526
298436
792890
181464
576533
288207
277062
526509
30625
516274
183783
689560
217864
113521
690993
621800
748139
22641
794736
401303
433217
204942
674189
705447
197583
127436
236570
238952
984390
688869
890874
935574
604409
403200
57456
220511
675769
535299
934402
21313
227535
490047
27529
129682
559829
151818
108824
718233
713201
245290
558791
832730
549423
981933
961115
491504
365370
117526
615507
357650
64759
465650
247250
104952
718078
293000
529636
286358
664886
4590
855470
111111
868556
947576
875447
926661
414352
209996
203789
878869
959276
71249
898261
445760
87745
207174
481779
717115
927072
218351
45969
898728
622561
813033
159824
463157
720868
560927
904969
661858
24354
901205
199487
211169
694958
399650
111907
746710
873550
875962
726274
684350
657456
117353
657679
399147
210763
571612
519241
798509
850707
64346
806024
986125
349848
398352
979626
465331
92988
174729
688084
871655
720527
972540
867495
418612
556361
900159
983233
828841
488355
740442
168173
255289
206162
633782
373544
258498
294497
870005
671633
250602
301418
907035
253100
740838
944560
781609
92178
286165
700380
569930
320505
973256
977298
678887
364828
21541
112432
558549
489671
839521
63459
173038
869057
237418
198181
450045
571157
685159
323671
746003
460671
317271
643638
877942
428016
140118
395709
434681
410878
402110
150872
335079
503659
242730
152128
693721
169425
463894
312823
177959
100775
171874
511906
183547
746994
867253
826878
900353
676618
652286
752832
735930
767879
862870
994317
600944
509961
741186
133715
43716
711841
190420
427714
492579
680928
742128
563307
377367
256633
50028
946227
506170
937941
562065
641971
371973
258100
507263
22448
829958
926075
733676
764466
607792
298206
750477
330627
771980
871146
527629
951238
280590
722479
901306
189489
469762
165833
346943
519720
835045
900939
719500
255095
481424
682247
117522
840172
283919
529787
39530
412879
64529
693915
403413
796735
704631
387702
121630
50603
219023
498760
587612
403625
890266
149661
679636
183862
116489
429277
138939
7499
111815
732280
561560
201240
574704
851310
47880
301024
338335
206395
499995
596720
829668
628894
408284
697149
812053
511557
260911
990169
765883
951191
914770
881746
861677
363485
927045
393127
962043
516558
291718
906216
971905
69301
301750
411561
159579
448641
487639
218338
905911
919465
505783
691494
247941
980282
634662
531390
382924
495934
558242
474850
739798
263307
589972
615379
201932
118757
229939
326296
871388
303313
870727
149394
233174
925431
659016
611134
978518
982002
472485
327047
149148
601208
701088
677574
786040
797345
629910
436311
835296
782998
278045
311513
217444
353303
20358
963457
55672
252200
660609
42971
686000
619609
446112
29023
816779
422705
93172
285484
636774
337910
392851
53732
242001
291804
767227
599459
230399
933320
487441
840668
756567
850687
556930
912914
783911
894959
559243
151217
166136
162650
62483
258375
2428
278363
750837
411682
639396
296663
422876
862918
192718
410689
699272
435915
736732
855305
301
13457
547552
177442
517114
115553
50035
267438
273655
649698
775397
142409
797767
97973
812174
136175
224845
729197
131651
684491
217067
935150
351461
292637
801254
642401
292115
685766
634021
780881
826687
640307
34776
292773
18206
904036
213878
429050
700281
868952
500446
949660
354977
736663
524831
371682
217791
388763
656147
269667
130761
86748
910630
476376
81489
169463
209205
627024
333432
126586
116433
929738
854399
114638
487522
662642
961726
784258
979048
841275
219309
602608
957405
787989
621151
981006
554999
234124
110607
568403
599625
401277
433683
475715
892809
789237
215725
692697
691884
750183
758849
917649
138157
810058
519392
444815
911277
125581
897858
531247
688885
956472
424083
428522
433815
114080
98532
196257
224690
231110
14466
458377
712915
796238
234084
738932
12921
511767
765629
39032
563825
909243
310898
92926
475616
724580
11174
467753
54111
51273
815216
609824
48512
201028
313070
920954
794287
832850
646835
799621
527412
873318
207323
107251
22677
772842
754752
880418
160921
859539
999621
902790
971687
457311
996559
438646
683468
215918
260180
607247
493723
303738
262539
594057
211374
822069
757827
959060
435467
820734
915536
692334
662563
411199
184352
611012
961460
35494
465387
464642
336333
623101
917385
817401
876593
404392
918877
797804
568789
347195
146607
378935
512324
869621
161176
5725
216739
511965
809942
601645
327566
750904
504255
305487
641504
249572
498899
420016
261330
113813
539690
157576
242619
47785
21132
342468
328693
691113
848735
681749
462624
427870
278139
94741
379072
605518
342234
669841
241794
138962
306667
985847
506460
182101
897733
372893
339921
292779
494201
814443
380692
915595
875328
459495
697860
755947
543891
916763
357526
622774
729562
865253
259665
220909
790972
221211
422130
970071
452117
132824
573679
652774
706373
991592
85209
358568
975717
427532
443930
576678
511061
290090
787870
462493
222385
698388
119951
133334
876642
929651
925688
794212
856784
125136
582347
144186
654325
35454
959229
875110
353805
146792
10575
161710
26474
929971
297896
240902
232036
606799
38686
249450
855469
112671
261524
419422
489154
986179
762685
921408
452477
236414
596415
887559
990215
962377
418738
306074
30956
385907
985159
521551
609095
634739
851910
119358
625628
964684
579247
764354
281156
50523
90754
453708
856643
462336
662299
126819
672757
17319
928245
77564
862311
146738
297167
215537
108483
664005
982955
731489
722915
685293
234099
387045
423878
689133
932087
133738
604768
492007
127505
458864
361355
91428
860394
393886
717724
66816
623189
426623
770897
928309
708568
390365
9382
987906
764428
301176
227206
668599
180186
225891
960734
41120
96997
649340
478158
247628
759686
984134
536057
900984
954034
583973
256188
685533
469241
370357
678907
424787
580327
638279
96407
352416
474189
428088
299068
108450
568154
137648
761110
336980
98018
495156
957731
749184
299329
179625
513444
507841
20313
325798
261613
677684
514294
239924
630812
53243
685331
645989
365670
681389
49526
230349
409421
149790
859254
660514
31021
940166
817437
876
884470
542864
684136
99624
807732
146625
982955
782271
92298
797251
381137
824350
52862
922382
276481
59058
852013
527666
27037
468737
736863
446786
981604
60392
870581
751008
239287
979437
277567
533282
60281
942272
115370
21534
966671
787923
49815
605976
450247
644818
147974
534980
560980
723329
421425
308921
453303
677170
706741
97269
986234
221023
603435
783239
912535
23017
557142
274141
25269
843374
898996
51882
602962
834241
218423
832819
526332
442953
641870
790647
508537
132471
837020
99641
734790
357797
578058
195371
442492
46792
571640
802937
570383
110674
41358
167919
774129
102695
120241
91719
868692
370041
175954
455059
317836
63106
945760
320451
798610
440349
535773
404244
895077
21762
985742
952598
203658
355804
255692
471191
175733
785161
997432
182193
545600
923245
695308
140589
401432
834739
972364
851091
879159
954914
996955
876688
223563
840215
96489
251138
791286
841125
824906
979298
106095
268037
519522
569166
333829
80252
664189
908530
659972
462216
744315
600530
384176
479430
394792
894327
315118
269155
263146
330228
752962
484732
630291
903508
972019
160469
316311
31779
697419
225715
231639
447253
600699
342935
871515
625238
924763
595095
129311
700974
714574
505050
297604
662608
43908
957615
857255
518401
4377
211850
352655
779616
168922
495325
149184
937366
336552
731856
281004
491930
760118
394908
912457
329633
794413
236489
341502
475489
649966
290178
510583
735361
613431
944274
187224
994207
771999
503293
605517
315005
746427
648573
425856
197704
807779
342616
375908
972103
927055
781338
652783
842525
549146
548660
504932
645050
845801
734897
630350
919716
959589
324753
336072
691294
857507
744132
918265
587698
486053
834436
455838
120992
279354
799055
251712
314467
671552
997824
930116
487324
906378
119177
871457
650782
620124
331792
394220
51861
814483
75491
612047
293459
252002
886232
585240
684409
786935
72645
705389
67326
434363
2904
769374
703455
880761
837525
632531
351907
379286
725035
926948
691402
548030
759473
751175
475025
3808
553794
450340
608549
161295
426417
346757
814050
343625
496555
286825
188294
970709
90088
203832
968950
47749
53709
241552
872877
77723
406946
769021
747389
762760
932011
197576
528515
697103
701029
362918
548396
528905
128350
272401
835165
5377
547313
462261
669188
142335
101086
281152
303929
756066
259266
593308
874192
168806
3831
389433
859453
664454
570698
544515
752036
602107
321621
159539
355069
621538
649977
722562
155169
524027
654266
518071
810739
239758
889143
998433
8109
717224
557956
601249
987654
242627
559654
789343
787965
760131
267946
289565
635909
155037
786914
143144
57357
595986
896381
176810
412843
217561
746114
862813
441508
451291
830569
158234
637146
567384
907734
398096
577171
120999
622515
861776
143010
350810
739688
811268
141492
153472
658426
784896
954425
805507
222141
972720
68012
275442
583735
216817
135041
703578
871251
128957
16939
239181
414911
882302
488007
650372
202018
862787
290728
92384
685053
456080
89343
765964
603741
892111
71399
647039
544826
974885
231947
521950
473200
150496
948085
413950
296215
833676
52851
537415
608449
342117
539304
96116
532495
494118
344172
826870
964080
756800
446433
831289
552696
859174
828883
140286
722777
712453
455115
323623
620352
919953
796785
141713
791886
646459
248091
832091
645041
932031
633014
887430
332319
702681
377871
154101
691823
262295
26815
908435
770259
990602
359473
850195
500918
386006
886801
457874
630638
892521
607891
569690
49822
720328
852765
345920
750571
505861
723730
18541
408729
602381
232252
908729
368449
659358
972501
