70
5000
679165
912972
510176
217159
568566
527124
826813
102209
669680
69707
199609
981342
932619
937226
691152
958273
113373
381859
11053
525260
210375
107450
19920
386244
783602
892461
73114
861776
906795
486831
521080
468128
23065
949042
976234
141483
280919
902210
961583
733200
885938
31023
492431
260126
280320
583843
789124
491439
879259
517714
378886
284527
783865
282254
963954
510970
25769
651770
864086
419619
733932
307031
754907
951762
59822
361978
871312
647877
814240
899486
392591
122871
655987
18646
206
29021
588914
506139
921604
833293
317052
370691
973045
219258
378269
547859
203164
146202
822921
63915
714805
676648
200564
194399
847972
901125
702865
944807
595845
844474
727908
226732
626129
583000
935686
467650
18729
111617
176501
332981
781890
318143
353301
28924
419630
558929
406087
32715
114947
656775
890469
547652
22826
254723
218263
232461
637190
478751
855957
490940
209982
868461
560185
514735
511657
845465
614143
1593
137365
641451
320989
445303
863092
446761
23737
301248
398500
97433
337676
991098
581530
809892
184529
348682
811562
464983
158889
632611
437173
183362
638478
336384
45871
570947
728690
427116
932555
133405
660531
919870
12230
545409
584061
119075
403789
439599
696957
33108
734412
680246
535166
440934
827796
920983
652129
18432
649256
200264
651581
844838
930725
790164
464657
204916
193291
405407
769378
65383
615468
170056
432950
907158
510127
666151
611307
653694
15105
614069
480820
47290
872666
347851
164977
287889
993895
62851
955883
887722
129753
206651
373993
368154
971402
116920
790897
777950
855175
196134
969054
476452
643454
605438
152794
870276
481413
781760
575481
299916
254276
778656
775411
98488
160961
746429
152763
651777
119047
923340
940736
87820
500273
737619
644991
551619
909144
579666
880579
18305
216727
77564
369083
4455
22327
642338
835510
997132
223740
166321
775805
304017
945035
65554
74124
648913
195638
96687
118831
228279
663910
308054
591542
246251
916388
521909
207829
931557
729860
57861
589786
669602
929710
960772
744395
810419
401738
14746
256027
41202
254599
15005
167817
71632
830024
714736
427670
977866
490477
913606
806945
238522
960505
291589
216352
82826
680485
81285
782077
43011
332544
745399
850378
640387
77633
7330
339235
523661
12971
34761
756127
664571
258395
57257
81970
480526
617201
812894
959970
759526
111769
284325
140772
512077
847861
981116
120531
196781
754601
976486
642508
381858
38594
82123
912360
498474
272451
81276
192663
806329
532558
253587
766358
137321
276908
420024
36300
378447
645689
532865
792263
974697
119599
27761
191950
608755
71693
444833
604706
852248
707683
854013
195670
677638
689597
703909
512520
817306
134058
502771
671739
402491
809767
896668
71762
62787
656045
162735
57963
295319
658196
164411
920982
94551
589858
248846
710385
73841
902517
285463
224609
307664
871816
355693
485295
513266
108133
120425
253308
730648
933991
485549
45411
100374
585323
109128
308521
426442
588819
644082
131555
660649
611126
809009
405733
376309
344360
774495
696994
248459
132257
796866
185445
274328
514636
378139
564587
641004
630702
796986
293530
724839
752753
941454
298786
760911
361421
426299
720751
187012
578130
44196
770760
817035
976788
382344
674567
718342
843442
180424
440565
762436
158469
347462
220162
402549
188002
260394
542621
96246
807437
931390
929142
639371
605114
583225
86222
677674
426496
538201
631863
707572
946717
136873
585966
571583
312224
84578
622993
659918
172215
19822
211518
418786
963413
797704
216714
282473
641919
190654
817755
654741
919220
249304
773283
552200
209847
296275
244921
133931
514938
762758
208789
728862
685161
798950
524264
27081
189328
374565
634070
587537
803753
610165
256273
440551
246150
660714
394643
86970
332951
606589
50552
924109
628889
912876
538997
775267
662044
841407
610873
513110
556143
394726
359006
666247
445161
318783
621772
918383
809814
895475
72107
955092
939581
669056
30274
560216
416779
846033
99825
147436
46942
396489
872775
909601
220911
964254
839425
152991
847964
761122
264480
449774
640273
148894
502182
932529
387219
729303
395628
293940
595944
708146
795555
194266
979943
508211
797029
889721
227352
499361
246647
818817
83527
446854
139678
697815
236778
398674
459866
85440
631660
747679
176643
370488
942549
28048
507327
617123
10072
201810
231966
120795
15162
737476
332818
155112
800282
880243
851342
247501
781281
105278
796601
114047
587654
56217
179983
177
149822
707052
359893
854474
300479
600283
284534
460728
27760
899681
308351
191070
547119
300821
28020
783785
798718
395727
306189
367680
59403
63460
690320
200729
663066
136908
531468
176745
475601
728101
458351
428852
788575
695313
16517
158210
913162
193082
353357
217906
47893
752181
914042
52072
213770
332356
732099
991841
296105
902518
518695
637608
699373
566761
808577
499170
479223
255984
666691
556035
958938
797519
170130
116067
930370
609699
530110
883051
325057
483231
849564
848681
221880
372336
580098
128068
505438
69634
39583
611209
903344
814428
190965
593571
607925
39847
343091
904105
970477
935948
824755
286930
113941
920250
895756
516804
610778
604231
620437
600393
534168
627886
149111
285091
888333
636919
630318
673654
477279
88564
248412
356707
627078
185895
861002
19638
538007
352577
440379
278069
633262
890181
12271
838233
565304
395659
56625
653017
152346
579553
287325
431713
802434
75852
208114
430498
709576
192876
185103
935746
427392
931581
590734
442612
493598
652282
532090
139491
444550
781532
473326
585993
781680
890560
760843
735196
960565
450406
12373
894055
294712
233109
877803
991158
614196
219101
19489
187882
965021
267956
506427
201389
176245
913986
625929
91584
355311
398968
967258
234608
340024
431131
365854
640808
635110
587359
755292
696863
133696
675822
959628
793074
142120
611528
948690
245580
860833
633412
564695
103489
512193
386292
635654
780218
651444
274982
920480
970507
960362
601671
584701
83489
469086
343715
996192
825879
526148
6919
821877
833703
870095
589704
406761
910589
179612
259868
404838
484775
862590
264421
616874
309161
386151
279822
294979
565294
134127
389454
11241
549784
772548
367242
630583
963768
838511
197015
446344
529177
905278
665117
240362
392631
811668
319063
548226
275789
590281
454838
883772
111052
67519
333605
457324
178152
66562
992104
950918
332363
810715
455262
753654
775085
766962
80293
50909
697403
876893
206940
944618
521588
47625
424003
416080
176787
283459
727423
535017
671463
157540
2171
95847
153470
267479
575208
443378
599743
670600
374180
657764
584791
920875
659513
18781
793356
910502
217596
895491
487661
253404
813974
268825
79658
138199
833439
39355
800128
71058
506470
906356
687501
17504
634317
829052
52353
327739
160401
104081
647221
624173
321896
193904
365846
341652
787651
611760
958585
69078
601011
551804
217427
760930
764199
97259
568832
961118
699539
343294
747585
825202
417901
237621
663427
898289
423249
811214
684826
400927
148613
923739
733837
95459
627286
847294
387722
120650
827873
702596
793722
534261
601838
59996
924847
103521
686518
81971
254778
450961
785285
110573
302746
580698
532346
400449
621519
242123
858988
851313
78860
818102
946215
235045
260234
874079
349396
526499
709689
445377
665526
412973
330449
172855
332753
676024
485575
519310
97189
608196
993436
462564
156184
647772
699343
837116
847409
268012
899635
912482
426880
354554
15515
849717
325084
316419
684465
143382
184709
520883
765670
823276
60263
849983
405124
130513
242112
32291
243423
373148
737048
505011
829033
788491
625391
894240
656613
302861
641142
803530
94772
620522
334259
985724
705227
660048
997575
82569
50758
567547
324300
102720
424597
821823
327640
975758
299860
478389
179487
579121
978425
682816
885109
376725
307303
460347
360240
309197
171167
201025
786411
175727
771734
551000
186791
869836
835937
164218
718669
979274
71693
304514
892367
745760
367499
215536
270764
211438
339784
610073
896274
74679
274267
484142
102941
721980
794776
297766
137278
599030
176385
140491
382455
355631
449820
674782
395970
842941
375136
45992
944529
922332
603721
399135
773361
734759
46411
791153
300040
7859
286371
97903
566589
904776
706760
162393
406390
935229
415169
675842
758716
869999
425616
163296
249212
544093
903692
777202
118055
658467
965772
194510
534584
538833
545279
102150
184021
907816
378265
847158
450127
117873
850472
652397
645124
418425
13445
687990
737252
416044
122661
89282
502928
104781
275599
324531
771550
244175
160488
623943
113465
505363
788650
269087
10022
903551
873523
405868
921441
626167
602362
933237
839718
319035
354268
573766
777995
93277
986132
269433
574858
626205
294154
967706
383517
933603
759106
899449
122626
98839
327477
424529
464670
736480
502333
232016
823102
479544
907433
701891
486840
589353
389168
865824
642992
386983
480195
502767
632310
233160
860923
361493
749517
221924
909362
254974
344327
23557
943341
704870
320779
340811
828534
335237
600057
941471
35081
9429
731940
266450
742244
590145
434430
296081
498241
885483
118354
453767
332320
336602
582506
495503
12925
705087
330448
650196
995170
690594
295730
435464
28501
15086
149215
171261
562353
292309
78189
393443
36050
538401
120701
989471
106474
228185
916119
252356
334641
90380
501679
198640
486585
705789
577033
983558
632095
624298
330040
402051
363485
953275
635906
795135
993725
10308
458271
972674
796520
982711
874272
643905
694877
556585
457965
496052
30525
478975
614823
505173
858242
142389
956844
776630
320784
550666
698296
521343
23908
871436
384488
50052
227817
859387
998938
399487
754281
466781
781425
163119
466976
530718
198069
622284
122413
261729
765911
291365
748578
500839
324562
759960
136826
536730
972524
292141
366122
128055
804827
689616
603728
310999
348869
73514
211464
136152
553312
71643
349790
332268
850233
368342
468061
805694
10256
269272
714310
33852
194975
216070
797596
652229
886459
438050
88540
275057
783572
330473
487563
346487
677399
462797
516007
569919
319538
500682
554559
86213
108983
48999
839903
706726
939354
686220
642275
60171
4821
805562
75756
772591
445803
811946
833265
773262
804232
801542
351789
651116
205959
583422
20342
851710
469390
541513
783662
944953
505556
691449
908946
859638
94979
522168
551152
577535
45113
203620
48053
574649
191784
18053
249188
231789
492892
149927
643043
461941
699229
436441
508016
858111
45354
114560
767984
506177
726502
351512
696744
54329
625551
551497
168389
133663
509096
272290
580309
443563
574009
736436
58072
698108
625837
468877
764785
322092
220953
673040
425207
112685
994012
319534
170281
643231
886561
587779
440126
69746
808833
319951
665881
935859
637254
370639
402971
883509
156362
442871
681619
824605
54079
789327
670160
960649
571784
16231
314072
574301
552259
240120
265009
818732
337386
374361
202716
463744
940239
233626
984545
856135
267845
621825
445829
536474
508829
608927
926937
593642
859598
926349
443245
528841
683246
156872
648737
836563
463069
643559
729947
538039
748353
700789
746004
331174
323371
545519
674957
526742
401304
262555
293600
623283
207444
850947
725681
229987
192057
241549
470723
560116
507798
336120
749479
936485
737003
358901
911567
873870
617232
18783
302400
275756
719092
834713
438374
652941
500675
165827
849345
395860
635681
950552
837565
726890
501844
644711
507424
980993
251774
18796
839261
84294
462151
625995
983109
877923
714969
70056
714333
310766
940677
427301
655370
890161
728067
625913
457001
271190
61654
168874
132027
547055
493198
753447
737790
187744
612007
684356
498327
831338
762575
997394
256234
790356
996101
295130
775180
175223
92061
547062
629584
574887
259552
984077
508350
16186
432400
97577
380194
475574
887176
914551
344256
844187
645058
60890
152293
603977
226163
681708
258968
803791
214609
757970
809072
317842
445876
273082
782335
229079
677722
17524
741740
302189
607237
121386
195358
477178
671743
285693
656404
896672
787326
278206
55698
578123
171362
946310
231990
650074
400794
225075
299689
710055
752039
959295
932721
170677
846009
292222
495202
138293
481653
386548
734581
173237
366872
970128
323377
872933
526261
904009
18757
97608
548954
581716
303351
425652
402129
654655
709495
780549
656514
127981
514445
925028
420598
676783
477810
457583
955190
554747
139770
191750
867474
682891
96686
465329
108861
435028
286264
717489
221909
664161
354871
320418
728129
591948
725299
841097
524724
438937
222058
356864
509006
669743
14025
516347
780513
946932
399350
658166
119952
337988
158858
533181
631124
77645
284764
578647
316120
97993
983544
188624
821060
90905
519087
867362
216728
459259
596424
563967
863022
298088
234388
397246
503905
240781
714911
791135
914061
128739
611587
443901
594092
828909
270230
845583
301791
805966
37635
605274
526
495236
231158
329015
178662
803205
116337
636988
4865
723380
442492
944842
922980
900096
113849
396915
588641
461529
589141
263429
478365
20112
267163
459384
179564
27723
973987
855599
531096
628641
517287
225070
76289
608088
56949
826393
200094
512440
810177
746085
364641
128523
974418
838238
208057
537268
419997
222163
53617
189738
891823
104225
989302
307599
751491
125787
323125
266225
734707
563219
573987
98588
731404
579016
42774
727577
106362
794411
979025
100936
988002
273679
131613
702101
888335
411822
670226
234074
215683
558482
875765
452305
598703
848679
699707
640308
232255
437274
18092
893363
194636
520365
341539
498001
201205
214682
555057
532700
416520
714273
40738
999367
983129
221744
858519
93606
345589
6254
414482
305349
239665
948901
467921
396324
50331
134986
806801
167955
342354
328681
678195
993766
930802
253041
610876
482326
976167
165786
754871
124212
784163
180847
79925
964618
235818
499835
99445
980880
89610
944084
816926
714248
2665
320959
26793
517495
511926
347582
57691
154048
352577
872637
365616
757150
243175
216021
905108
976637
861350
365498
521994
624950
51023
940360
385711
803686
913049
642789
697049
481833
759057
709394
536602
717048
712239
751059
90528
456797
521605
161209
913022
569550
575825
244169
892997
44206
650289
956491
268748
197083
442550
193840
904272
899189
15760
248928
113972
883565
16297
36000
553065
117189
452303
756381
137128
438505
735561
619351
858396
590890
866890
923885
396126
696275
195651
449345
345048
890794
154259
744839
942091
990149
422170
129903
566187
191365
165227
973613
246887
718004
948064
422817
918215
66103
324679
688680
569391
668656
374649
871167
589248
707122
22539
555214
631134
357921
391774
239641
925068
757670
442194
930750
316594
780621
687511
250732
350657
498299
130403
530657
530605
274831
500992
886813
165401
136339
116925
518568
231313
139231
48708
512381
343856
955914
929228
832658
582946
964622
340837
855749
802820
431095
824304
250084
854632
804680
722481
285977
859380
795370
347197
17200
518378
778385
371150
599815
180418
60014
3829
715153
503155
923402
403374
400646
387792
338694
200847
29611
806287
315948
965083
473465
738278
407345
428531
438829
773902
468042
653612
2859
760874
479847
23676
761936
559104
846992
675661
593875
137829
438491
635700
463254
147320
929607
827067
303247
643844
54969
607258
39566
658249
282832
236165
511722
674005
960807
328095
216076
598091
538278
835724
663255
888133
798981
377571
520179
440406
158239
249219
749941
312616
947438
271101
162220
896260
453289
828847
512459
648369
803191
51056
852078
356403
502670
514279
995530
652468
859501
827446
541366
668417
913138
908372
680272
260203
782681
983993
636941
9806
253073
722930
359521
604014
805500
651476
619079
806780
855428
921485
400494
844601
38869
787094
514816
984050
698618
24196
911887
152937
633368
811966
888222
841556
673985
359241
608586
377023
389878
589631
239956
352332
580284
669471
870348
702683
535833
614205
547034
769732
749931
784282
662764
961665
88358
652366
931063
890089
913960
464738
620588
367767
39035
59834
661242
697513
813350
819951
138041
856420
930544
422715
498810
44341
581682
145037
623272
617234
762328
767677
627482
367871
383220
414746
115193
214189
285310
22302
77897
101437
821612
591619
643541
734754
462890
133999
178427
482916
763959
25418
421009
828032
864923
34864
495795
381997
501320
813954
485739
40313
527629
486551
459131
340050
489969
141776
499977
522209
930098
326473
256040
999249
563162
580908
672511
506990
749562
14303
698968
80616
921990
701853
533831
800182
427469
540579
933941
235031
300819
822912
312968
746995
162188
452687
201456
909920
759287
562306
394449
231554
755541
676244
498760
73098
81285
685984
857244
127838
256126
499024
245187
100249
684392
667374
108494
218281
850007
35798
554865
424215
749669
970444
305715
512612
380778
65322
327278
171918
489627
404850
742852
592882
313724
666306
208671
520715
465347
387685
762978
963544
913483
928325
273713
60508
382321
181375
261913
849023
736655
283279
557342
76946
105299
429802
228448
644656
322491
298795
233193
472576
141551
734757
327701
35542
221946
771799
469918
696761
372134
707133
190084
586239
62516
775235
140821
725077
179573
637333
531934
666779
874440
126097
562158
121004
817
897886
589507
321531
523857
462230
540884
685592
177352
602719
962170
422098
460580
402967
843004
668791
394372
979053
212150
669303
166605
427725
547812
13927
481608
988019
758096
820513
581207
200673
479574
272776
471570
748523
99921
127145
449923
21232
543716
63997
282169
649443
105703
777547
399245
973639
96619
7786
53423
983993
912684
112996
462443
969127
682450
519223
244158
997791
903716
70197
783567
796162
668362
581899
91276
546391
545149
39518
507490
158011
24077
51473
871960
990070
651598
966499
554761
725354
840352
587766
158012
279397
503770
684330
323682
51541
340435
145640
792427
194587
757324
565371
952261
660536
350269
986712
796018
245156
99002
386302
452804
7997
634242
507256
950264
603804
268644
779648
397549
114372
61711
267134
368895
504052
77940
436269
210052
251228
259290
355295
23522
714412
738942
380631
669452
240455
799716
524244
785111
615446
919678
417837
510333
20410
131640
988311
833581
101401
234846
66308
471564
339865
47659
95462
96844
495851
127535
673874
714855
647807
563099
955327
668537
263765
873132
876909
766008
31348
919730
420194
240657
775283
737020
781711
624351
642484
759395
543186
709194
416113
956015
145429
111738
434990
308585
754835
639287
284814
958910
19899
779679
721922
608972
169965
388802
72668
63116
983201
476254
844930
913245
866151
895026
113853
172841
549448
683265
513201
415862
850572
930789
774375
427403
426197
311436
80902
272316
592041
68500
735905
128852
805325
425727
607530
205983
575372
29907
416579
982609
173271
679057
121525
504150
291270
580559
317753
117879
857277
713204
13364
936742
361
277328
851585
896550
143594
416342
467302
45977
950731
456566
845095
906664
330412
750491
597241
752201
351681
579070
96207
621552
362803
640037
676177
155604
124964
692604
143403
841820
353744
978958
390594
264294
652111
917024
462336
469172
983414
288490
261456
496948
545374
270131
136166
725739
999740
375624
485941
998909
12271
247576
35268
645787
83289
872815
38619
289033
701220
856781
906391
578187
875878
832163
560797
696427
221535
432681
952107
883562
593311
845791
336330
172737
102469
167326
481824
111762
491298
127449
781922
510896
835771
550901
803430
345223
60013
17731
194326
212970
653931
803926
200641
907704
481251
688838
229835
473833
509823
290495
901381
260730
695880
588038
927319
416051
76260
931786
254490
214866
21568
783139
560066
557718
258953
154153
773560
297833
485011
708787
435782
889066
806685
351147
752748
649239
94124
819595
979087
414292
877331
115510
622417
539418
506004
14773
64444
475391
664417
776140
352343
654877
873595
951417
346075
282786
135868
878728
753216
269300
694128
686998
33072
342526
298845
459744
186013
967452
605603
465414
318382
81247
343742
377826
779156
337789
168489
513279
531259
941656
316445
364344
489629
199465
471992
51631
126384
368841
278008
56038
668672
763100
251622
222077
145495
40538
428111
595465
239768
988027
522477
922701
604715
319679
683557
721943
185298
532695
179818
40313
33818
794739
607487
654435
493038
10089
557401
878298
807366
785023
893410
362583
174140
806229
177242
747838
454399
464178
474648
551161
480160
760425
70063
248241
477386
260839
546156
419433
176463
232924
150331
986550
929053
514500
637544
943775
633423
335313
653187
911181
316576
193847
372190
132911
509754
836307
613552
518509
618796
419385
45468
604486
433531
597400
458187
835336
642575
472268
956725
301227
291342
568129
164991
187595
65094
547006
632575
734721
225220
870037
17115
47324
284098
988838
487375
604865
153916
406091
381005
282524
354083
803043
531198
137986
243947
729342
404967
995365
690687
347746
488935
911347
363412
224568
419164
568651
795483
253398
783590
900892
130384
816810
336195
111324
202416
795839
876762
159075
208071
505711
162579
559010
849895
460966
599459
561538
786037
982542
470885
123101
746781
158877
622244
623891
634213
378295
34741
582922
621663
115904
156801
510342
431929
391042
455585
885665
650030
703096
874658
974375
92191
55157
223335
899024
974588
435572
88046
278939
171164
706877
683371
736643
637421
961072
934480
948768
564613
440561
536814
185565
878551
590000
874485
563794
789953
799379
366999
821182
771585
53123
337227
644770
972680
694352
824942
298556
73575
50754
745412
375071
872422
145661
775451
584747
472372
30351
446352
735279
733048
520794
608811
634072
630149
115609
850534
873427
156589
276432
231179
267591
429293
283476
556091
343144
631813
645364
44298
530874
685099
575747
625672
314531
79445
185731
394779
694186
128244
318064
768520
793362
529857
348966
991824
307853
640943
225391
796727
340383
886016
660077
627168
482256
872500
976480
910803
782989
324316
872213
287137
179677
882572
20524
912671
40699
351918
451588
377677
419092
696052
756549
367899
183774
324133
464585
47937
903314
975577
491944
365452
405512
137984
279838
351993
544558
78556
343387
478778
824997
755343
312808
369237
624313
436238
313969
13036
890042
888437
845171
477207
561147
863413
648131
669229
474983
975720
152504
180322
33659
288773
892214
915978
800739
610991
194520
447164
81205
931944
564665
318674
881668
561954
990239
645452
562274
699510
646277
816660
972278
512302
913348
188956
295542
260668
454109
923043
283456
819726
292517
753815
851355
547321
592589
64341
55429
183442
30349
775564
446200
754588
852141
391103
835966
687067
549040
673640
712685
249223
259549
971450
463874
985244
562923
932736
814934
610830
183432
614561
649855
479834
472134
839556
977222
671224
118499
725968
368768
819053
168371
825164
162699
59964
563500
505638
19623
551228
317966
57231
442606
701509
853549
260099
687537
423620
283228
979174
262833
588719
50552
835210
731319
605074
980430
172685
452176
476103
493738
72736
557289
929283
244925
63138
335875
272845
5930
454186
476562
18763
215981
273636
959864
477813
472360
860306
719513
460778
618124
666804
803226
738657
831072
744131
878715
115256
32369
254231
577359
18408
764310
368296
564628
352858
190687
516785
360371
574738
612250
752432
285973
965514
152065
164938
624927
1242
457155
386892
782860
675410
596525
265933
594086
715818
486581
279727
997281
657297
325155
600644
678804
889057
844829
234189
882900
988532
328077
937565
467951
682256
67825
855068
366722
935293
431742
381735
829304
490232
396210
719253
684895
184320
510453
296533
282664
102477
970923
157427
775867
635616
570329
399161
793205
648245
494705
441394
118079
495894
974523
93834
216908
398346
162786
208017
661551
267114
912153
38302
764054
247955
657384
708816
426151
952119
553495
911152
986421
31566
822005
568434
232287
67883
30853
114586
827269
470313
420678
903740
983336
485892
424222
744795
370717
481987
78690
676339
835310
696659
360068
804563
467405
771056
499610
959265
951606
330748
421255
764545
763040
868786
320584
66577
61855
367668
262877
985548
121817
380736
90897
327566
854626
8321
599272
743158
940471
290754
949541
227367
451092
657469
558453
274793
213426
164818
21563
682990
589793
348627
223161
333870
82429
120252
663512
286963
916496
985152
797076
602993
842308
990590
675334
95949
401411
881874
112015
237246
394541
323592
373598
185745
980533
441900
387039
642310
147097
246845
434625
630296
52411
196928
741793
889114
271457
111280
507736
270973
421638
556498
959262
280046
519386
568423
148697
260124
67037
870203
931334
550871
450259
471067
166851
63828
4581
447332
462134
716301
293140
891765
656670
964037
703578
301958
716148
365033
444319
727186
77821
172114
25557
845872
761391
53160
285040
27840
134141
151008
820485
765952
812993
228069
418366
133118
550917
545749
568568
994728
586926
310050
778553
678911
33926
305113
873233
921706
825253
785215
471052
441575
160570
535511
299088
130716
768315
925569
226074
736140
713255
843197
176016
91877
111924
108428
358402
142389
615323
46839
825857
650685
146556
356841
461596
231966
547182
657975
309364
99568
695719
169408
366267
890290
728581
507312
420621
59547
747511
258398
498602
722319
656715
559189
935120
4269
227732
181744
525233
973317
246903
877663
352150
507367
608018
979014
741776
312535
146058
121476
354262
142236
224112
542033
683328
830967
803728
454208
78751
240433
65621
502180
461751
287885
621212
442447
810842
166301
334035
989621
822753
338545
719118
16112
101194
613098
768614
219293
809001
703788
953166
897955
292300
552882
243379
874900
8624
99195
531343
774507
207385
498210
998795
912501
284946
918923
570831
852429
676289
241913
420903
159232
516006
940285
362963
582223
260080
360841
43819
823378
557372
848035
308909
473209
643755
939445
216677
516654
748702
917569
76087
472150
524049
247921
338892
638775
378193
568268
393623
414004
244571
588549
490307
131187
303315
223470
865083
724831
549726
896522
183573
70345
970844
143551
424540
839977
859077
861866
111736
236291
566559
201357
564988
307813
449689
471587
717260
960653
779591
500565
644521
236007
372923
308805
613723
535923
359420
800199
98426
276357
490342
616047
446232
719718
42718
28037
490318
245144
475567
687125
302626
204343
274310
733411
466642
458235
282630
40124
969664
766746
562057
664040
450745
720650
765556
664444
659107
84324
91446
196108
161859
982948
144797
133117
200937
39053
363221
433911
6392
980458
60029
899578
848278
522734
629735
884744
468524
621821
786732
409664
989850
566532
517418
821387
576251
189251
817052
914735
396368
270379
931284
529665
886923
822881
826967
270327
954938
301026
659157
284956
437966
213314
130179
320988
987720
241357
752727
622591
306815
599758
582752
761139
304144
973485
859711
723713
165026
967987
338117
739170
141396
104426
324459
349867
69894
383968
771624
651875
358401
557258
870835
881141
27780
893764
927445
400320
306412
406966
478313
645900
127038
872467
372147
63320
69268
655995
369371
880079
643427
904448
3653
862488
909413
462214
722702
857804
203687
492740
605796
286851
634161
783527
409986
4679
612749
152533
103111
864170
955766
631502
133362
226548
182750
651567
931388
415604
176732
112337
942162
82679
785009
246094
134126
198679
623221
660771
805713
933803
902371
222769
174111
106972
435902
752670
307798
718039
532510
807961
321260
469662
543770
176378
380677
210682
228563
443527
167630
543179
558427
593299
997241
396799
418049
47616
552085
33761
216314
166438
288393
999369
792814
318284
773165
174770
745756
376979
60292
13992
411306
363955
709658
503520
693261
941724
552183
274850
669457
56126
617853
826657
755397
783460
453475
841003
811911
874811
549966
472827
405352
817137
761033
70252
164347
349753
870689
329864
487743
163819
363808
608575
744358
84167
260132
547123
591425
749594
500442
727792
822667
600249
721948
196665
982159
597418
983141
244669
738806
4643
736813
245993
226673
823978
245798
840535
634623
899227
429969
342180
925915
336968
645949
69727
743110
106234
593245
889628
886828
754134
775749
214185
66678
516251
571969
464792
290667
251016
382930
664955
148995
52635
512646
844014
405706
417907
367922
343374
860910
444951
392015
215816
614821
325903
839471
88844
403197
50480
574362
174367
995905
727478
1417
316880
553733
464841
755454
421378
197135
512930
575166
366632
619490
416583
36205
45520
392296
915954
14276
577366
980155
628560
410161
836345
683728
567973
500683
120714
27520
832204
522927
856832
240628
603420
123708
708265
842157
340647
256681
114939
186478
165852
889854
622985
252678
343820
656821
675793
130814
275913
319214
356722
61787
64938
356873
350522
222224
743916
785252
199069
357571
255859
462449
667011
428346
184238
729138
102008
994082
215704
550100
734919
738108
98970
9637
367008
511972
134925
486836
855286
274176
456158
490628
61670
125761
658571
435820
922129
319705
548298
55950
506058
61753
427272
192626
79531
713733
268814
171006
172162
625687
725760
169940
94313
72749
740864
966664
794483
474672
69103
372732
930626
871010
133075
577754
579958
918627
175124
517102
89408
16927
253025
27678
182740
126295
496816
369478
657341
1035
878498
959540
534282
586369
451908
890237
395494
387893
509234
514938
202886
440094
498710
490467
928059
594840
968910
530118
697639
58610
352236
823011
145804
649814
544151
511719
475264
276113
122510
276803
984957
530303
871565
444905
915925
394196
359496
995491
79554
101705
699156
972815
814875
503969
18277
823163
656675
446422
8306
165529
648252
553189
552949
91679
507833
621683
766222
82814
925841
912730
845831
801852
475246
552981
302578
502192
101733
783940
134255
678106
278977
847195
773706
957340
517496
4461
31617
393817
301375
998097
788770
945577
111289
587566
121875
640310
655306
698537
374508
476278
611979
245671
23934
938821
667670
191489
457783
803614
388032
691268
510301
428341
33702
245921
707576
72373
258912
450808
131789
216849
796435
660347
965380
692873
918115
783746
865771
520763
156805
216427
343827
875235
816050
228332
452568
12913
530871
290039
733503
510918
942825
735048
626168
583754
594167
595470
634946
488556
622488
774516
42669
553719
525283
843210
231163
664846
174461
697813
40608
509316
522220
197423
334313
895194
677706
269084
800121
112086
609558
194731
837741
489596
675301
619462
340001
969260
873270
336470
615756
542487
927586
546837
406087
985503
898994
303409
235371
405771
24971
755098
979415
607011
820420
410345
682961
942382
505560
230508
797764
10438
371959
746898
507751
459669
847223
99632
991039
16814
116135
237165
222586
64202
56772
67856
516092
658717
777349
288228
666616
537108
481489
456262
906484
988654
222097
987275
733870
367540
777375
720208
371549
848342
754397
820191
877840
184612
422755
285306
734707
590181
104336
102792
115121
403736
907841
487257
898803
413509
186848
381464
144581
456894
762580
955852
261530
462391
13398
755914
961574
895359
28452
669755
268969
467738
841038
169030
715980
694973
29357
89818
193188
871078
159667
620761
631443
702357
310622
84132
937485
568746
430343
211519
916856
264860
696791
75297
693869
247123
763672
774875
563868
365732
363113
205218
438156
307943
969676
657275
212543
837557
140762
17090
359475
237827
715094
567126
687045
568534
248478
807396
859569
73122
9981
279823
76916
178371
767966
41209
82898
907671
447643
166577
586100
332406
272628
322169
639913
54734
358236
347314
350413
571872
420076
995814
169735
852561
521723
926834
821484
325614
126341
877134
23617
862207
392711
651387
587229
304902
158893
625416
810349
575061
525475
342400
260241
326281
690696
237811
910500
817254
993793
551135
663706
461328
801322
100731
812802
240932
102822
695393
3690
115185
179927
97494
411617
65175
138153
314743
659991
160058
273481
141121
960737
226466
787956
819772
260953
590578
806314
292869
871715
58178
336641
160055
675978
395356
214741
935541
806088
482256
713053
110679
35876
343220
447833
812271
192310
384764
869031
436727
204614
222001
35253
324440
289939
864721
930641
947865
176431
546052
630557
719906
179143
633462
90654
936428
177985
702485
468787
223048
841342
72041
708258
115208
265151
210826
15630
539342
38883
843267
22213
155823
887566
198722
500854
941251
187366
757496
925824
381836
478007
466451
222629
190336
399478
454549
305053
116724
152227
200017
390343
638695
233287
649666
675194
666793
410077
71432
626618
764134
583117
185408
540422
884819
357075
782654
217166
410228
824511
928874
672514
825415
57365
596596
833350
227857
189524
809205
156930
976578
635156
379940
121621
400391
236232
45617
651689
992237
211300
741761
728097
379245
493080
196295
795504
86616
112889
183548
56963
667552
846145
906810
960606
456640
876973
578810
609797
688009
675333
821160
418000
707210
128056
949664
28130
36316
545317
808328
204851
846023
66294
704650
400648
799444
334439
159916
1412
657457
508197
534221
634649
884282
215185
108542
647639
942058
737187
994938
250085
849437
133035
633796
732941
704769
978291
894556
959536
843609
953153
788957
723611
6381
684409
847414
10354
239186
989918
716355
277001
168849
396601
270791
749586
39863
149266
481864
666096
232185
960347
929287
670250
924097
131437
601819
934779
720089
374633
124201
507142
688563
903681
852930
445414
678226
78863
444889
456612
181849
280611
310495
747586
716910
911258
189565
958580
930059
145577
882477
308718
592609
387769
228918
653976
211881
198317
239682
335391
421384
698495
411549
614245
948637
70600
165772
115480
35371
546334
841544
110176
364318
341655
621206
779954
277564
823660
27460
143234
416553
646457
27330
278933
671062
711969
555930
514420
739592
562959
792461
438588
817345
587351
112012
183123
665165
414778
573008
667637
382186
728776
214742
215980
731284
3552
131066
321566
989293
198099
366255
173760
12870
309607
314841
502953
447309
540024
300615
287937
478931
455096
399952
693720
27767
288662
528265
100307
485044
233533
37984
283009
741957
884851
586136
149707
126897
993250
480353
791434
556214
11316
864147
116723
973590
370007
802887
706989
768056
537440
221202
874499
467069
349259
497695
90101
45409
209633
87720
742121
747721
74418
173777
855807
228207
825346
45025
557378
119654
755328
608733
558842
513292
2417
360195
506526
40012
573740
308384
952358
503053
976126
493518
677311
218811
445421
745806
857368
714544
437338
263806
800410
393854
869824
931126
869684
162843
156313
539973
283283
531946
380383
230275
71857
160930
167855
887827
709893
689117
301642
893560
92312
129599
140854
421840
287224
394177
964226
292848
72069
766169
676710
662750
686632
502920
837960
151525
746596
657151
637147
980505
344452
4719
833378
416295
508276
845356
839507
44888
255980
653437
781206
343010
382983
742018
9004
108715
117298
175810
743917
920347
690304
37201
806058
435932
223449
619802
924785
54321
860947
423247
715566
390704
628057
495722
674734
158685
592711
908382
473215
141925
873944
264351
775732
27444
663223
456843
756101
785971
49457
163443
70098
587745
101068
811722
432200
406797
431025
775721
790301
909102
287876
368509
890101
340191
504532
551246
179494
41081
387054
950252
955033
386895
430732
746168
107015
438080
845163
373772
665443
522941
96698
781960
872599
988824
171054
313530
415974
