70
5000
945907
856625
424661
269939
126781
36896
419813
673933
931028
303820
794020
818926
853806
91186
575551
285172
331644
453545
168974
935493
846991
181724
180226
735376
923671
433122
926331
851899
409734
382012
354871
238254
261394
388138
614436
639547
481178
13354
321686
511337
896608
599438
504531
710684
465525
269305
785740
797538
138482
821750
615399
439004
625698
754548
35703
35527
791485
606562
49549
689254
938319
122915
586344
567950
386424
690734
375111
41294
366028
792518
109151
427128
781914
750160
733801
56272
705546
390998
942867
430993
796192
617751
887190
183574
90397
858248
518951
842668
294980
782827
224647
358321
676538
178123
989493
945576
590086
884497
695172
460317
115449
891270
416711
622575
721831
972774
13992
563647
762707
536285
537048
110644
913961
811681
520544
217448
704036
344427
271446
48370
389712
295571
925548
38096
885737
433351
24931
108593
608995
959143
49757
904029
213571
913857
325775
931906
558826
930916
336405
659868
910258
175907
541919
722559
971313
652008
885001
430788
49691
903154
613897
96334
529284
420524
709761
94008
62146
927467
286389
435549
928945
373124
494870
995331
585360
236168
863741
130276
428744
760670
102835
569435
878989
938939
857133
162664
929629
433024
362453
436256
331174
200047
397315
445620
540548
945547
472266
725019
61096
743308
709167
784479
900116
101372
268533
834177
840578
740209
806036
533322
517477
911399
666504
707440
847879
255033
783621
723681
188369
418364
224135
908974
828521
967161
740552
902039
631797
204804
447307
763759
676991
931453
355222
56620
231409
644579
993532
960525
278143
85840
653784
303080
83171
968789
779222
933135
754500
933234
201131
496542
183792
244146
529189
611364
853960
83809
585436
304812
60667
639019
216264
658919
479338
699347
843756
227255
834667
36172
256305
69274
359978
647160
398093
692657
878249
260410
948258
183724
870119
360698
425699
273365
332383
510837
950129
811957
113703
29437
752836
695847
582201
368916
848964
355959
555471
567969
711288
134581
80743
229069
434581
473756
716326
306301
976312
415514
320601
476204
477424
550332
629142
154339
318450
334072
2305
371096
940015
454486
504811
261025
201859
360635
811348
392851
116484
843731
352721
277499
482619
219354
790985
512824
770351
59592
333145
977268
129372
888087
933783
169597
639875
603378
625140
654404
427163
832699
542139
306352
761125
270009
415990
576992
273629
835421
659951
601404
804684
403183
34836
660534
671291
22554
222324
826915
306050
183312
787302
568944
754878
276891
118152
979202
665952
840002
188261
681646
59042
100052
141424
866642
84245
24852
430765
340238
850775
687872
459247
30626
582880
332672
617724
813350
876475
19368
853196
169824
549713
610410
500336
129093
792096
255451
641936
607247
928139
635616
187725
38327
222732
349813
362949
82832
318661
744281
501876
687680
723507
427546
254967
964955
555011
113720
684845
202013
554623
440121
483190
224388
356193
685577
138141
813064
151752
147467
594066
740600
261192
513728
226384
109299
632348
980882
957789
907519
963703
719166
626160
566217
453176
124445
238892
697017
816891
635149
202059
452081
625931
780352
715286
726115
217206
673185
512848
713356
432442
779806
409779
310289
610203
952598
27666
468532
933590
799521
319389
328307
240047
226742
827139
402365
122279
575613
418418
235218
630538
923058
559290
883830
886372
748786
398991
15057
767443
362662
146989
932134
976184
107273
939734
275374
846535
248535
83767
905872
155390
706900
834856
895296
324339
263285
801618
402097
902086
761583
422572
988344
153653
347419
646238
371327
287245
67971
227142
814306
19646
778700
856216
998249
63432
227071
526496
98147
780882
661301
45283
40987
801881
339167
228131
51770
216389
376432
259522
66105
474007
883559
447934
77824
400639
916284
736667
659616
889483
32934
391710
741098
979257
123655
928885
10858
381805
583286
640884
907203
925950
583462
437498
324840
169898
787383
963890
362740
307818
509401
25845
949735
915745
625049
373709
692414
595246
366730
759573
489390
299936
118737
975036
364668
955337
922892
873256
709308
346859
528351
172854
155620
972623
410077
667168
46603
241397
106448
996152
964932
615974
10278
221393
474833
343077
477880
663869
194438
787460
605047
960688
48956
782418
149813
752899
840110
185650
402318
245205
753267
500359
558193
536972
163224
433995
432334
94329
989721
964927
67422
610329
947324
39421
587786
820088
469899
49129
358073
758577
177260
894726
263801
983568
429918
785316
99977
282072
729234
256119
421696
527200
765604
244228
2462
79576
572212
100980
496942
139881
799078
497547
51668
257146
469490
991282
981177
219664
442024
882928
769743
252685
627140
105527
91779
824665
312041
143963
35967
981470
77310
252702
254617
636845
396194
397286
355739
300542
588749
116752
205807
974548
579076
319453
253799
702015
908600
439690
478503
123515
446332
158142
742512
759734
454561
445661
173385
175279
37361
764986
77195
883322
742212
256681
473290
486688
337793
826033
449371
827683
334133
862752
299719
498335
366345
374457
91851
395211
64355
875145
345224
664863
203548
252056
735181
334096
744409
452154
137535
637495
626056
952709
531747
992399
750521
539677
581896
108189
42710
963626
493204
271146
367489
398123
582313
162988
637129
566820
246387
673859
908936
586867
421328
64095
815067
251073
25501
193086
244799
977171
523034
876051
567108
701184
48569
700802
167665
651133
722056
310600
326133
82772
663607
732344
736261
906932
609800
954144
271062
767585
103060
955786
107449
513228
112436
208286
726158
351869
902674
480869
287334
419692
486284
29736
1657
144624
945921
810807
315136
623759
839420
551173
702961
162484
855739
225585
910805
986238
888283
183775
516935
595508
275041
928709
854475
819415
712935
698498
868424
178256
280545
848680
266147
283401
632779
254938
361018
973464
137777
293137
534458
620501
144410
725817
643998
704972
269522
368696
50564
7374
804115
638542
447533
1826
881743
313047
513809
467417
574045
335598
403229
984511
342461
560492
548363
580589
256329
881550
652123
976124
589307
457076
363635
764884
681237
622022
402128
113698
741617
371889
736104
416168
545509
276815
932830
204462
103634
940197
737825
225814
956746
557509
193442
709005
926939
382292
590512
627678
669372
151974
910193
644512
403027
888709
227647
314768
289185
455761
986780
21561
943819
746561
614484
491919
404358
863367
102254
720412
878877
469842
226510
24722
827746
347693
39658
397950
10415
545861
806503
523230
6424
736008
200719
774409
81199
866408
25073
470412
410546
456190
512150
598486
745685
926796
797915
528969
840360
865307
678128
263920
908774
906371
449771
168784
987481
578697
866762
512151
865388
979810
256004
213809
20495
279766
755978
195002
288065
577152
679711
205838
3389
952562
857233
939963
25347
94453
371987
124184
56193
24045
994424
997551
837726
401499
140238
607893
879524
794237
838485
603867
930120
98768
84378
144221
385366
566966
275317
558711
722941
130226
686427
636376
268277
254223
52449
402286
95496
884256
108110
723521
465796
672163
403035
394332
676604
143423
716617
451493
895541
975405
520415
942094
771956
892531
717631
946532
507170
943178
745508
580293
140313
535265
138363
376815
865357
320250
43482
338867
544858
743411
703777
307208
346661
536991
587372
354683
400626
81235
863090
958852
845314
712701
193021
279028
278567
573357
874310
844299
423590
319736
490284
48807
964422
26737
133905
919382
625275
287576
763473
77580
792938
269327
325152
562928
646873
445703
557823
901713
888757
932090
686427
485494
824190
878545
925698
310226
910099
425125
299714
997462
983446
662626
707232
641697
469115
607496
148658
100435
135986
337803
451610
619327
511215
685531
612063
256126
943442
647934
972777
680352
939512
696600
414681
193022
409117
221965
800835
243243
793708
374141
768009
595145
375526
453486
266581
544439
552170
618632
499762
619688
692582
775353
763720
61263
692187
713912
83442
448054
940934
654375
10686
583918
628272
718610
222656
362273
604948
947413
800787
412803
748200
180057
421101
889127
290634
955710
480990
937710
656648
110165
62629
386522
482764
156868
809135
839361
682978
166925
390701
361884
219496
13032
796624
537343
839121
220492
664356
339043
184725
117645
812166
618911
667385
766687
826372
426166
400182
321848
104527
192009
286729
9108
661791
729517
840982
501138
299684
630231
350458
936124
422500
416692
490476
699556
150965
538645
523726
735657
101401
730312
812950
269657
5617
511490
480723
303728
273056
319096
631519
767743
335357
478860
507040
251880
230516
302244
705530
517573
723066
588631
178197
86185
519082
138433
650502
830782
507009
791670
200156
81997
320178
618579
981066
142109
653031
148912
211052
912050
434646
167729
596279
875383
113019
605820
814466
648694
546423
721477
471339
46019
595653
276932
429543
57849
309077
526216
212330
221276
765191
678822
146031
363358
628613
59401
242277
713917
254845
152109
903926
538121
720890
985831
331828
93315
255902
235356
699106
744993
350334
195986
169629
318895
674266
348515
438758
263759
139511
942733
181324
583201
21915
694247
831610
897469
141669
662447
873051
837981
850054
999870
941477
968344
995808
261532
842889
300361
24121
843888
257590
898510
590172
175184
755844
663596
927244
472183
772036
891344
775462
943636
243297
536497
947538
766079
628978
73809
579173
808582
154080
153377
989143
403366
227887
627012
854492
670997
825450
566892
555296
581052
44591
353377
335524
439299
240788
412768
300976
75908
582005
98592
143860
49313
881628
942255
104383
702641
146699
334139
637915
114005
725096
141741
791619
887273
988294
383344
494849
245654
158156
12112
45864
836421
231428
46205
431723
889262
733826
189422
245721
233486
446574
416866
797878
37367
871153
850177
717687
733377
873272
501218
523225
948638
493736
945766
346334
384716
144990
174849
566373
290787
739489
342553
968805
673742
264487
343814
922694
745430
74561
530746
135003
886874
172323
95674
392768
144795
54164
383690
419277
369972
478766
197479
22132
652519
69203
364590
131005
587857
470572
672474
966682
241344
379871
2923
520553
587099
667213
127393
598855
315199
696708
272295
960651
178731
762120
392845
562150
790865
205753
755502
91349
362189
908897
128241
88832
871857
397148
480490
290867
763263
867428
245728
811318
236400
719417
426410
6218
542833
923689
710194
797443
718509
211265
368987
208829
316869
281872
264511
609532
693341
83156
155409
584868
424848
686340
3938
684305
691203
304889
109631
322068
355607
227962
518647
802251
245304
618851
93561
68444
343378
54832
683420
360590
829412
607403
411065
756995
803629
440560
91699
182038
54466
433626
768535
538061
994113
840972
712414
997435
656352
698782
400463
294069
572511
68321
578561
122478
199900
576081
396287
789170
760517
14550
464836
460283
462951
172663
609573
402804
262565
3996
937550
792071
623941
382525
731236
487781
885733
727213
293770
952978
240523
319101
59967
378665
692313
775566
873829
925556
391007
714039
55709
602336
572299
621903
906381
352160
941627
710743
993155
250401
277235
889159
521011
223077
766250
230899
668380
793535
884479
953946
67145
68329
717641
114379
891060
852613
418380
530229
346117
867567
740167
532553
345144
177595
303978
633358
571804
643344
292708
766017
427191
892192
598363
288486
394119
397699
503093
18799
102883
658159
850003
38024
978304
695254
897118
9725
506896
537692
956345
875017
153541
939700
950102
42172
121652
565910
356260
801991
524244
489118
857830
211047
105893
964356
559327
696748
97389
580980
978410
145253
126493
542922
106726
882922
811731
512300
331150
523526
192825
198019
588838
442559
112010
637590
850577
531203
924341
799813
419328
756656
398298
820000
147909
422591
186865
817954
212869
680462
387978
496909
963916
237642
844719
195619
899195
333814
427301
402174
867164
647322
494289
825741
940438
329290
694712
947627
819196
132945
783135
722845
143359
122811
785809
399528
397764
689788
316863
760013
323280
832
27713
329059
754528
914192
919483
491343
262294
557790
443227
677921
91021
508653
534142
236814
936333
726495
913330
859334
299482
189660
94294
437170
774695
724957
69662
428812
45928
341650
110707
828442
465349
930166
578487
183624
71594
992109
696614
500705
211643
696726
976280
46890
762533
42355
55907
947611
705936
615730
175645
505402
844848
769560
140990
267798
368635
899913
87652
628958
816053
459574
710705
587868
429735
921827
241167
338449
970478
39764
267540
272621
577775
534611
762880
603371
76328
699553
32931
1863
794658
106935
410396
729693
423363
529591
811452
894048
582335
277236
80840
706739
788911
956314
913693
557415
964026
506364
283630
503506
76079
727352
501354
909960
62389
699145
853817
395513
333273
263209
617956
660199
869703
553505
299348
217473
535828
313006
413106
710177
462584
415762
119150
330847
977881
207284
411291
110352
558594
573876
479608
351007
986226
783248
240010
327045
905681
746988
238884
569960
600766
185025
756681
203534
635907
244645
260264
184444
758186
510962
102533
58927
944489
743766
811449
524086
542200
401143
81424
489322
248004
366208
136656
606027
970300
552589
849433
234617
808456
266927
947048
123468
103705
545244
494581
853776
278299
227510
20733
915424
580871
577142
993178
341405
730582
387957
878413
147916
405584
155287
393054
260746
875458
240916
36826
857708
221262
645220
933756
2871
14365
513863
174630
781304
702447
599214
947726
70018
147410
935561
942902
607106
541681
535342
911571
483520
299076
338787
75279
574004
930853
719816
764074
564675
340099
275876
646331
414613
533743
833034
372757
72083
97876
413543
889029
351810
715907
234283
515895
184055
487660
266834
390008
962358
335466
927502
282262
827819
586869
890131
493731
677060
712507
479102
228633
91241
470856
194723
139799
429721
502817
454897
104201
208610
363313
614468
329639
240445
53659
242376
825108
123971
761326
82884
458278
990480
119222
820106
46789
800115
991023
644218
762732
400207
294485
558190
410445
401617
686935
904005
595409
553229
116137
103695
163965
570104
80441
975954
631472
54460
405753
921143
814345
927996
695451
608596
652517
689828
179547
316439
456645
936107
208502
529291
464975
157992
973176
177738
740139
590030
833907
63744
266254
854982
415819
690135
536467
805415
683951
70660
313285
719893
708834
458094
518969
248307
858935
670902
410712
936390
638875
578151
736763
944423
394380
62396
615791
360996
558312
179208
756568
643125
937248
236998
277297
242006
939211
435837
230193
127237
907607
90576
822985
303642
120922
159648
129162
808638
962566
518238
219492
91209
647995
770928
590282
384380
543863
108543
292273
647256
317225
233179
357814
754841
967971
458380
463967
694738
425645
308598
516345
903078
398645
832871
980257
282464
305189
463169
679647
688304
107469
897151
898733
526339
297215
166629
221013
412861
356282
688776
743096
431510
229822
799671
299691
789582
107454
512389
701755
481998
138548
608948
203281
768029
685070
572864
541873
699
673350
375685
465372
174494
887311
95181
58774
804230
46507
104122
582722
244031
675738
95308
910185
448691
8684
706192
94873
184553
24376
48934
344746
194654
969893
744173
877852
608702
590501
951437
566108
123967
552514
532064
121189
408283
438928
920766
824899
612136
776194
524835
695155
678165
995481
375679
554983
327811
946231
445083
94118
484029
650834
925027
122447
208982
774468
120916
600765
650718
198143
782274
965254
797952
664477
810694
525598
566203
150485
67652
989145
127931
389322
79573
637838
696147
571645
58581
607255
996570
945251
219402
680692
410911
388818
932719
629199
66826
355668
127133
732378
515472
98782
971669
308180
737746
142939
19564
204971
351891
63329
350931
658300
428372
616325
32066
126966
221198
920842
412225
504028
665419
409204
577299
868905
504802
913979
687807
886349
220045
713819
748988
212502
216936
638856
710968
876394
54985
830463
688901
143600
572342
833272
974753
747471
361479
724216
479072
384526
528025
188738
846264
718363
158700
381293
794921
212071
715610
409745
970183
915246
175413
11419
891557
356180
709499
681472
814304
904747
48248
47950
319749
159634
991545
803806
573536
904439
592168
526182
720034
394300
688393
738987
395309
343671
792528
510611
527680
565524
759900
849688
126842
317590
69204
768217
752716
619834
375837
589515
492480
75644
116789
258316
353568
556019
203311
253208
284868
959447
432139
328404
8700
64547
696817
547720
764246
769749
246922
168938
13836
610003
236540
742933
991949
481064
60480
224153
319078
14187
549473
466988
494157
296000
317394
137277
114122
370040
395948
753577
112259
609556
6532
13767
421602
842983
149030
47326
36900
577881
174000
41782
546433
295495
603212
797003
902260
275976
252171
932126
111334
873099
493723
458919
879419
113244
430117
989285
306872
995973
38021
122005
835918
661137
41319
291713
592136
42220
633274
63215
979214
913190
611092
771962
144724
496406
977634
370751
713250
795419
332746
133102
404480
720126
866271
825856
676989
930419
85376
217735
137820
308222
521358
450977
180700
121395
118279
372422
659619
264662
92612
265281
874950
10656
515467
142844
912183
103523
87058
968627
845196
200901
843793
262923
148392
687208
738242
724091
977608
925738
596152
976808
989868
190280
241497
959823
113823
848029
34362
937948
985829
86921
965461
777751
537665
329196
973161
248702
77664
876370
755055
172205
329957
29737
37364
176058
75858
318509
517144
47901
656336
254884
753441
459340
653211
80517
504572
696486
752588
818996
46866
537669
86532
163816
297155
238326
338866
872110
823746
721093
723138
634246
954829
841969
502179
607915
973703
729982
863794
991793
391603
657386
883848
892358
777743
399031
596893
825690
35147
609383
16343
254747
804773
698950
879539
206361
597026
532065
477838
952073
664874
7764
194577
789413
883457
782145
625783
924720
208734
341213
900157
855768
810794
21156
750309
271924
266518
143277
892518
198444
728729
18648
921139
164343
100485
462115
147750
928383
182853
425500
653193
175202
403573
642161
297537
669906
668062
551907
648536
743644
656524
516441
332965
737798
903886
342737
259994
180561
428490
940337
630058
173469
456186
941115
422421
293100
405831
761439
769681
703614
754496
457259
41495
33180
220023
532766
528711
217201
929400
223258
826488
462482
41511
388023
528800
567583
385141
585460
438493
804353
568639
313480
404062
802259
792707
814679
162032
592221
614015
616000
197673
387643
938536
212563
161259
99996
561732
373856
641237
506214
206308
23658
640012
307831
558402
93755
878817
287559
980787
13777
196192
60585
507208
263926
939124
879216
86087
527341
83386
926446
180289
682888
736288
686808
192912
337879
109433
705925
935727
428923
860449
25685
106742
670616
997960
442286
187248
840872
79644
926434
308826
985901
984215
179885
863867
848190
687650
722714
482267
427395
983653
401796
821409
103932
486636
273722
35404
357691
36087
510460
378318
984562
204446
846306
770624
9255
151647
13596
569030
683524
630982
963220
346049
942730
526775
476464
465194
133286
50523
296563
519121
605596
999525
931331
228275
780192
639936
449733
566705
878595
606039
290852
173811
307850
200384
98289
222808
309147
27782
25317
118168
951761
422545
370753
217145
549999
927732
368406
911659
271600
733587
897377
866816
125756
931887
388302
853706
456311
986064
4957
128019
46452
764110
244066
701747
528903
542075
336678
874322
478584
722160
436843
760955
590228
472307
113229
636440
520349
918978
135108
620752
110241
949054
51526
832634
43688
118519
513674
647996
552775
640528
690662
926212
325457
258383
537049
147554
190445
626948
536229
495489
290947
412306
19541
263745
952144
786783
159709
220786
752154
384916
892062
62318
632637
498001
723272
496019
923619
14897
927386
353243
4242
633588
856517
407963
79327
179663
239598
145493
755264
263245
202963
304633
44863
365472
769285
285183
535691
372616
17043
873306
853929
512415
335495
502745
352839
632382
118026
928223
77553
904784
312226
294525
264029
619697
151132
699561
990752
193538
701765
513950
617155
962252
533522
594063
399985
463694
649951
50888
241095
304805
778772
169124
279822
798614
671652
294181
574789
667323
247727
336499
302102
384328
381320
762548
896427
449082
1936
181252
250266
239579
117633
792209
749628
531572
109447
406230
483035
791503
605896
105010
119177
44327
660741
99364
138125
684206
799576
417894
153337
634555
124061
96675
436375
296079
789293
827733
622594
925058
576582
94527
583376
955855
631750
385924
243629
835192
770070
230819
718531
257047
552548
847760
444373
296067
601736
980656
258027
495515
227592
925488
924008
875442
230135
193921
286519
50967
957880
713076
183204
423487
490976
931119
628871
152338
599225
481354
966682
240143
954915
333769
413420
726812
825302
51701
410031
50734
318146
173849
413035
462993
726935
568854
928853
420436
718113
166372
404026
981973
910602
180197
138326
83493
613315
756839
24578
362455
486590
182775
725513
229930
192019
41820
99099
677392
835458
196727
762650
167066
489048
33653
606418
179331
719082
942446
565766
210006
107326
391517
845157
373180
858378
506876
738780
474790
276
768060
876997
508947
795512
804190
1020
253630
572104
658993
143698
975336
602701
816488
280411
236157
199084
53015
774946
101286
367524
363338
599293
552938
519028
875458
653307
684033
892314
346957
512697
319927
543669
397505
520148
745978
110924
416917
88632
741760
499495
338587
507287
592279
912859
565406
870518
404298
773412
238420
489249
294893
468650
551040
709375
138694
248102
901287
838848
416280
878366
763500
374514
627725
585740
103626
658291
702975
368221
551470
941825
325091
232661
717935
479918
931794
97487
846187
576239
510645
223266
876159
425299
584141
432608
241314
221712
411037
871416
180319
598264
659764
73659
627949
318348
463387
892091
741996
117991
584599
15952
737086
871963
285659
734196
247040
300953
91533
177102
288740
6537
667059
567244
300588
446970
648698
226793
83397
539571
855459
242190
346110
612520
280906
813845
708899
666504
580756
109608
940410
180275
188789
77448
32025
918601
79900
23018
25250
924766
384251
724347
527965
773514
120054
377668
569712
8796
623207
794857
340413
142766
33420
471948
434968
453907
724622
889423
643236
33197
240303
418486
383049
5788
552015
977130
489619
690577
224794
574361
233706
765824
48849
639867
545514
999604
136692
6448
371679
104380
129289
921989
938590
288067
432268
896598
323714
137533
655155
738381
498754
294334
758429
316424
320364
992869
741526
265753
713216
648629
223433
254695
494059
263108
351107
582705
794079
989195
623520
297651
609675
953246
358164
673825
450492
407607
643736
866576
957712
297643
497774
66164
317266
76286
922387
15172
537079
875794
274817
790202
568884
669498
304542
533366
502842
718252
456196
346114
173071
780693
253102
266992
701386
945927
69627
699872
714475
561550
874466
717342
183317
959520
401139
314664
765545
545074
554758
34637
225791
174183
489858
533296
314051
273571
750476
483884
944938
887614
560073
404242
113872
764885
872658
333453
302128
614906
543540
143271
486271
654155
268768
851364
886949
485280
165941
238412
701337
551006
878120
892998
89751
447976
706062
61664
138625
264822
6470
127339
748112
749949
825350
789763
254837
85646
387584
99565
997264
961915
643888
898713
308555
187763
47045
713030
91413
533487
430697
682629
265463
524677
160111
896277
933012
870874
819673
545517
736513
99701
894722
147225
616639
675182
543342
822268
840337
303173
894380
487604
483710
811087
90086
993050
216421
296522
423749
711528
555064
356178
503683
984822
634263
957357
511502
736477
61513
543936
657174
353788
289625
955749
675124
331929
324235
572564
747766
553119
709561
159677
837515
137029
786127
518456
553416
346768
406111
834388
955476
102063
99298
397132
902966
61892
134604
822040
95481
411202
589771
258463
730426
450097
867803
758089
80014
454030
933256
636147
891090
544720
460290
156668
964752
576070
413142
223676
895306
560028
961679
644757
570471
847741
635112
423777
411767
702546
888428
324171
457253
180776
9452
417273
815224
586095
953821
258471
744645
393630
707788
36943
521589
464372
718782
300100
175599
105498
64616
327263
648994
628645
290183
47888
479216
858039
368925
313174
489082
963461
179594
978569
199428
814131
310723
888916
964293
393754
737137
653953
677070
633068
822184
16173
572116
398063
650050
108058
749980
972901
729880
189923
741122
782733
549404
830090
962661
822401
158422
887981
646578
319808
539577
48728
843148
708678
201953
569332
663829
922200
918252
709084
58332
577436
476082
670480
67811
44260
992482
753602
19083
873611
402426
24718
874974
91768
620578
614215
361657
224192
47654
635437
729812
886824
588175
377722
518640
978823
529372
327387
137051
295498
576162
385020
114787
664722
674045
589180
510933
660344
300146
568256
252912
94960
152867
396835
317163
774091
786221
150155
460384
695062
501218
51159
67604
944800
789278
868916
292451
836697
729672
272335
660493
43926
899239
102949
288023
301746
477086
52662
651935
339982
905670
549847
186240
503544
851046
916199
633373
821865
887569
921241
169102
902504
301341
742065
558437
437005
314491
70858
454940
6944
868088
757971
609052
974432
332047
932698
476908
753247
853416
631872
519412
945034
345521
812749
114093
790279
664664
315676
376616
716023
154402
317815
51831
810523
627691
23293
206780
352787
240058
411968
797260
302912
938368
225067
932031
198219
298158
801184
93590
595135
33776
996128
640074
113682
636681
107876
174701
976705
788812
846024
437119
522073
998132
512231
604304
408081
800097
692482
981964
181716
564207
859545
430376
335006
650101
394972
357928
762940
822551
822267
289738
800757
15049
958490
230162
759559
499360
605216
267379
146378
952022
252655
50391
592242
542682
482798
409548
425136
269394
428865
225099
409527
910638
359386
560869
962204
863466
752425
677388
278486
599200
130095
767803
391333
953991
729456
995139
32656
463820
844231
59763
502918
571467
69139
597732
132134
85930
673743
141854
483738
140370
787968
764074
510238
536075
281479
325110
163167
609459
314134
591390
859966
539995
121279
926045
621299
323711
539048
802703
581903
341471
77595
113634
620441
815486
492538
646681
341018
749878
804112
252156
687669
524598
886530
223776
751150
154778
384676
129294
781323
855653
719272
153939
515223
801566
945841
104932
342275
411204
336389
193003
534248
129134
553889
714546
20648
635396
510055
104043
965682
675860
345395
116249
679843
490770
68555
913567
363210
485359
49076
367971
205892
661204
671137
361759
202374
678971
792519
618244
222073
28586
923084
16907
808128
310286
742685
820057
7701
900848
574815
805069
878865
826710
180797
995242
589194
197752
908768
459036
916694
65501
445629
426409
926894
208210
569928
338485
913647
624455
873798
336497
854906
212550
131392
42274
725178
7697
178451
999177
215301
890006
278244
535349
620316
301265
351474
164513
576141
755967
615428
76426
702520
338042
326273
316178
444334
222326
692894
502346
560052
34966
401521
87776
177576
424940
501605
237348
439995
82124
83335
752056
476956
366923
760892
70612
962422
903001
533461
534772
136719
689720
737851
427807
900625
70360
496581
692691
51366
171601
336680
557266
202492
164732
33294
225347
129704
421422
906111
342279
86375
115090
59708
206425
859391
595490
767019
714657
340355
508418
568876
474325
38006
611513
305993
798796
982919
463373
778124
55009
618811
919993
186923
369344
632745
839309
858527
849168
718046
621283
738067
313981
807009
755961
725111
128865
182672
842480
953971
240718
986665
853088
825913
58042
44901
595413
340147
275272
510846
110187
587932
229487
122834
224513
551915
52297
882655
327389
535145
775930
422958
949084
530404
928315
48717
502164
867900
960002
474548
464328
845338
847312
734154
117447
482305
484822
245503
729697
792700
177221
494553
578951
654839
101105
690317
556222
339882
618145
952387
432320
253360
97589
878141
373679
655798
288308
610320
941814
414478
582770
525968
319487
6179
131994
137674
799434
153927
503518
200554
270448
114728
655096
564925
492533
771170
79579
903761
346627
482094
771451
597689
774089
464567
586550
376173
853680
940621
71453
21454
135157
597107
532835
929862
829927
247571
948769
780558
484991
61329
458308
658761
137943
581692
379796
543694
199689
681313
427617
656579
41573
419706
203404
205412
840078
371908
689327
745443
496625
810798
519530
739434
301795
867885
105611
123004
400919
831212
799769
834553
454456
926945
826173
96192
817769
113147
944206
88047
779543
489271
127736
169797
96887
749010
643912
342505
611809
702297
236054
20164
124617
998812
331023
128008
966870
882497
356381
943828
489952
507124
208694
837104
572363
508348
406526
337907
800955
786153
972826
988036
801074
752170
225682
173629
199757
283259
348130
360555
123992
821883
836573
965426
988233
102747
648895
156046
380320
975410
866189
226036
452184
2350
530411
205782
13130
731366
35642
36358
298015
424458
263083
734706
932272
158140
359589
766797
562684
338296
759247
575695
501445
34861
992378
329938
403271
771888
630830
41629
525910
57670
113424
391806
100435
538975
742317
486416
400970
491938
855141
133917
41068
365027
765558
159260
173476
144882
955044
211803
894103
402061
318274
732984
830205
258421
378784
150025
215639
875166
951314
1628
788876
940735
931288
499032
558052
123274
737263
822018
203935
770422
719731
796636
425267
783991
14127
244839
456737
880591
318467
669578
278067
995198
770225
235467
219092
331989
359300
36025
927436
583593
402525
495724
311446
279138
636379
484389
277279
962291
81894
671759
444061
87588
60888
266727
25738
683594
911369
721911
581948
505689
847350
353725
57635
79056
649998
919339
531934
800722
121176
673480
232954
50005
74243
608628
876168
259315
275852
147848
415897
135198
243846
783451
857880
469297
922505
153570
166405
569377
578361
156399
257354
802322
138802
362522
849339
458566
813709
528381
924719
816944
592210
823064
412085
35495
436346
312278
91573
456310
545695
914791
764901
810320
251650
834316
758564
236512
34233
741553
347959
10367
396211
854132
542237
673727
731305
708484
626768
765220
149731
87332
471643
934067
946020
855439
806610
518690
163828
964342
138355
51118
278536
921317
132568
913164
954319
325251
799381
238583
376923
596916
700200
661034
388841
8458
953252
163025
476638
582389
598447
269764
719813
530677
534814
470340
13776
866469
349834
217253
170361
105301
503328
53499
779045
279556
627542
550113
823270
118655
493624
981989
217883
255568
270432
979731
782962
206053
55940
794141
49550
829567
18154
412324
652612
943315
250038
376613
498622
311617
404067
312899
914882
631022
296976
22764
114061
761344
896754
845803
163097
640757
690408
608394
651838
242081
473964
762850
828341
880386
959781
814913
42807
13633
391897
875318
246275
712200
946431
554363
443967
216698
165042
66560
925430
37331
494530
278416
916160
354398
921381
268770
742207
471181
195467
620863
134917
620664
349583
425546
706899
878901
643977
148593
339965
795856
978752
562927
793833
127399
606717
881339
715638
211301
324090
461648
403577
670297
945850
468698
178594
389682
428210
446074
225981
382233
758181
425590
502421
740011
625805
685632
620403
38353
144309
892897
354308
664702
351460
192386
182296
919621
491315
249495
921030
799253
38656
670825
570606
445522
272571
307390
635543
88144
582941
314342
699126
294702
950009
361893
355088
230861
589483
118776
203830
114476
163629
819846
742895
136354
202440
451556
420405
763959
545318
761221
888341
113630
362886
554748
933113
921235
925706
45168
502659
967053
575915
535003
874383
497312
621836
798526
942619
891955
840875
294437
496899
143065
397556
250642
445540
798861
759152
12617
61859
326927
54235
739512
357126
307157
566418
63424
363199
124656
763947
285028
282633
117501
15135
603853
263851
764036
611810
784055
580378
114992
317268
136252
764604
490667
284495
87035
306886
810965
812256
267621
429382
213090
192211
712163
138365
443726
43560
765607
513060
422525
927202
112526
410319
69106
279741
782319
825839
274604
85759
607555
373810
583512
268455
830449
294149
173175
52610
283124
761785
564686
255005
600043
701571
454980
237269
373437
420446
508955
627018
862566
527819
177614
394354
184547
708152
107651
295241
526838
57983
367468
480934
174998
639557
576192
115242
89527
8195
543890
576657
728369
267297
482443
137322
378191
898686
353544
580899
905271
28301
856466
73790
846257
929241
383990
221792
714645
1256
532737
850952
903446
147646
645018
245853
197861
503481
544060
128991
865859
87193
602318
629888
381734
797986
396192
910988
804743
214874
894596
84547
341382
475630
387655
210311
478331
542961
604619
146032
737050
608260
48258
110269
49538
986832
878537
19942
230114
711728
226718
543245
904200
506156
188800
978514
104456
22432
577442
58693
233413
634876
483083
648695
323615
355812
69069
576809
577081
884024
436767
703590
332645
475438
445722
441133
424623
891546
781773
674694
968387
135055
107901
486389
325883
449696
963388
773132
743945
92096
865636
528667
596478
60679
253360
96131
254005
493205
699640
985641
92510
233105
214344
682246
297130
219275
969435
177690
337168
989440
649657
827328
851451
453499
860970
280989
953808
157848
976214
397170
112543
78692
382011
906001
495653
75488
344457
816877
551675
531237
80925
644234
956640
556577
754392
867539
444126
263295
7260
316618
547867
377317
185762
732314
635454
83351
199163
694984
283579
748280
800097
383368
472125
89329
956281
487660
854767
864810
6056
694583
109223
731830
822735
773776
705584
215371
405924
728210
161139
916014
946862
824512
247105
77741
391133
63638
39552
800838
134019
494138
580975
854822
156531
81618
560727
382987
458933
94191
137680
127690
832995
827302
468397
178925
231651
210751
360517
484980
12096
691207
436959
59516
324839
487488
239673
85629
543740
558585
14453
542702
220311
848248
690977
791427
522143
264019
641377
360982
591616
268766
709755
694116
281420
497022
646207
807790
89644
471516
760273
282495
338241
322934
658260
681038
624987
215247
176629
828409
722964
232135
983249
419825
692810
718469
973124
48821
810296
383184
413071
460663
386929
212925
313637
747035
829816
482627
713042
707613
195454
381482
923913
351953
766072
387490
943048
695046
500253
756528
321450
134404
490105
707587
188809
940469
975089
483941
432077
800224
549524
447629
205590
308624
166297
44241
590466
103379
454395
39864
504859
766238
828782
200046
446688
558606
486460
72784
145198
412105
963969
287271
716171
196547
81215
314034
726032
864797
727327
549532
458160
190695
137093
386893
840233
489734
403470
470557
748101
616049
585833
806498
87373
202645
264655
630250
507723
641497
605536
962820
526651
945404
651932
122745
332750
495257
272314
751001
419034
948876
717096
258287
763105
250031
942240
197270
807099
510270
849891
40869
274787
700313
642006
825413
354332
343463
955893
520420
714878
624022
520440
145154
937185
682305
955649
73449
787940
716651
175166
840057
964955
123752
712801
235937
56595
523867
746169
413738
722754
246042
49325
492653
865232
464814
813141
9253
861436
254518
85877
319711
339309
682794
