70
5000
855575
195342
792662
660861
775492
88507
847172
662620
319903
203353
20807
113044
749149
7414
172730
713872
802788
976974
424561
231807
310591
224890
261311
934292
553788
239366
827041
230887
854819
323744
158283
27321
119443
682091
495436
723925
177722
961075
622752
574481
119152
218428
975186
583732
768113
627187
617164
781425
301621
910214
992573
886610
938734
56847
370597
393264
810846
357227
368512
560222
201746
125097
204044
532326
987390
33054
235001
800235
24246
804886
77421
612014
586311
965349
630321
121004
344496
548891
47803
380515
582272
293077
859032
64053
342541
505008
430326
337766
827598
855577
872651
660928
129174
272128
317158
570198
174125
84843
616336
544869
218829
207271
575070
582550
500726
64601
150742
318047
656174
992434
110780
270474
522137
725121
845432
603918
113072
600482
703909
548057
363681
912980
85432
526319
561604
328873
344267
759596
513909
797462
184837
786533
278866
87914
933032
792749
310674
925532
340535
624499
55296
550396
759042
639689
839187
890124
254480
110591
298668
224552
320999
703982
491052
644448
950266
445521
257647
496102
369264
495949
728616
718371
393421
105297
556313
70564
358015
444760
934192
852849
736263
342539
367801
291902
926210
794692
51652
740923
889619
765550
200020
664582
780911
186696
93313
179136
2053
644808
805035
568061
909000
136476
174555
258133
368090
831627
235127
854807
432663
795322
264994
629086
610234
381643
859310
105787
650352
891040
287359
268625
260279
432062
943485
8192
985139
972108
104565
503161
607885
205690
603853
195633
691464
196030
473378
454065
632034
626809
657728
453641
600227
539128
288829
922405
560517
644631
896626
122999
36671
931457
266327
859668
551152
244882
927290
790491
286053
579869
33372
64080
828935
288969
998056
772615
562020
132054
572689
708987
79128
66430
199046
398398
470935
536886
159637
686731
723866
721427
242905
763831
284580
322122
682081
237254
293552
943120
693151
544986
908089
663136
30026
205894
965477
700955
813457
661121
226831
591305
559931
17974
69488
674429
600416
325816
855401
473303
984253
387219
26351
632355
564792
348030
455571
761631
305265
441580
447981
269851
56321
607553
639844
268344
820690
300322
272157
863762
174811
170917
738814
311098
134902
686568
578206
58332
883743
81533
972555
252224
632331
152643
475127
944556
89571
460560
240063
73638
257051
107018
25241
598550
693748
209621
316890
572234
733898
741286
3554
415188
82202
648950
820773
965966
188372
889811
47894
44094
12953
173009
417329
510996
58578
400285
586021
937936
23340
782129
144925
953920
717427
516451
667818
109927
88778
471577
935247
837946
44869
152023
433768
376195
815587
551737
480119
152489
490283
337212
392524
232263
495457
771574
884625
937400
944549
224230
270512
595188
504745
224422
581857
177491
803277
17981
318867
130161
286809
554577
712182
397419
379478
422713
820771
464325
745801
529841
362665
770477
163917
843943
992501
200922
371148
31218
38557
385679
591130
354274
989321
157692
352430
497394
311038
622019
750525
415002
269704
634008
556533
843393
843076
852865
50515
509776
312071
843901
712097
462498
397999
156801
138832
909847
37252
580893
788589
374728
170697
49854
712323
845524
169189
570892
446158
915865
916457
914803
331479
424319
942078
392960
894833
189550
401836
206433
322766
483936
213385
54863
936958
537040
831100
99207
873414
139282
277293
875827
132249
809148
36299
566952
577845
338626
533433
397449
836253
318048
22038
216200
125294
336560
336359
190156
437281
185499
708451
339759
159452
954412
943899
25566
89205
278464
865669
955620
637956
799578
607460
409280
926243
45075
512213
693874
409861
599726
695671
652565
872240
125257
121208
659302
958232
97456
861689
327522
679577
564492
905501
839950
479249
62009
92915
100688
786265
623797
759101
267899
518302
285748
543261
245608
936287
579856
269275
299711
161221
82013
569237
688853
739674
866395
179972
638639
197031
689540
799334
3429
604591
566086
99918
110050
214785
77259
195780
669448
244734
528371
110938
95536
12712
913123
626508
754191
695330
329911
462611
95220
195018
185235
137862
356205
16175
654295
657197
428106
277489
902000
148004
662457
653044
525451
131945
54864
561600
920293
323778
907050
853753
420671
988494
98536
800245
459629
207718
885849
933055
579788
887343
546932
665768
733011
943935
342018
923076
348867
494633
360473
955336
851896
135079
732034
599806
297506
327587
822332
479522
253069
680738
501978
994781
319899
245965
954695
135067
839764
994269
870570
657995
316820
537763
528420
285554
500963
68850
204662
308845
770209
524138
885184
472193
24352
495329
69540
208416
937548
74479
218377
737339
656837
13590
594620
202430
900237
811532
624176
444973
77277
138855
529318
594457
725906
213668
803368
569790
995333
765524
136367
295420
729336
164772
377060
862064
867883
30023
606979
340271
831183
185026
660956
471519
734802
193172
152692
22641
472537
37119
784968
974078
991308
577335
941745
173949
357322
562854
82275
75487
315133
484890
902991
525511
847241
766028
732073
42089
555870
900814
91652
391102
949934
246480
291224
575649
332728
478158
8934
375433
76225
81562
730098
146084
952292
874177
342447
495884
971009
170781
394617
897128
166673
169015
931452
719970
387802
77398
936050
207360
335869
753064
893577
84002
105197
660172
172962
669335
684730
981946
433718
539
5003
258320
337619
618865
96619
800954
275012
744665
53882
471932
747215
122351
157828
487263
253912
287072
846318
847734
453155
559049
397900
443147
588791
655149
295184
634987
100061
446867
775134
789963
369928
374906
893690
580118
84110
347066
545635
487828
7317
255929
46329
355512
418185
381702
15769
240966
985161
692821
2825
263519
783521
140376
428687
144234
60338
363382
181020
801
557678
507242
494694
861685
39232
778491
657107
686367
163656
885075
18001
660933
270020
293887
758082
462021
20746
587138
247957
678432
624049
497622
247408
255302
480912
136704
652169
186874
891486
425167
426900
845345
676985
211120
12886
550381
406850
864625
669977
869408
3173
861520
446392
648959
158198
608639
976922
304982
300727
52023
112123
76578
437174
23158
919334
322910
215635
767127
72319
179949
113120
273420
365628
585504
441697
855610
75380
809445
501362
764208
118992
163405
14024
530629
536606
893880
388879
253646
717700
18144
187571
479737
643985
200190
666619
718346
336431
647068
617615
574767
234933
735608
472282
627265
11865
280274
822794
941402
386755
663635
396788
825293
275772
884890
674581
11462
880069
165475
238068
85055
147844
313366
62691
719324
412185
995114
368995
769957
387343
203444
550247
439389
609967
703504
22193
630915
171822
861802
263129
306788
467462
268778
729580
788379
262114
366778
398129
604007
394290
861749
350023
586599
382111
292909
699562
873396
847320
708121
947732
732443
330379
777561
426048
406966
41904
910888
488138
509158
776767
673501
541170
804974
628738
334494
394239
113455
285189
13218
699008
923964
349417
398688
676973
310937
110424
374297
68333
787541
330898
240703
447473
82305
573478
302273
338621
627084
820669
830260
732807
488188
534993
409887
853816
848267
839995
4579
159375
291804
593961
129669
144101
950872
304493
431194
323787
195626
291187
455118
230415
826579
792971
315088
959966
144490
824292
292317
72899
368948
336922
949096
997517
782107
840294
363491
990927
495567
779572
133101
44161
276854
480402
557464
635268
927633
15364
901717
523075
495532
259444
321215
64885
999617
135110
37696
341118
8747
57866
986980
676981
948994
776139
321848
464897
583127
613380
557150
630812
439437
810674
665329
33466
416146
328965
534543
862658
238777
317680
534535
482555
622582
671584
778464
699330
371957
129353
242116
523191
334359
854427
524424
330488
253450
560596
52953
342725
346371
268975
150660
662019
987419
526202
218145
167836
404227
161797
458781
768835
140133
497910
190435
879189
438425
28410
511591
158043
472961
691542
65999
589100
79426
169243
503998
676400
754271
633912
314941
818303
562035
263017
314568
273255
942923
284173
863411
390412
932894
68694
328439
602026
336426
57690
503517
807351
199724
2054
182918
231012
761850
16177
987348
23617
183937
956238
449401
129280
538263
591612
781210
723281
691324
118392
345631
487853
578482
344754
627162
735983
198838
878077
19793
914780
57434
31583
123690
726595
276480
792200
160050
625664
736629
700128
127433
177626
210087
674617
208878
450764
444036
236004
855523
912417
687857
63455
183997
368248
410468
481516
93642
440487
624991
32829
823646
151740
982090
247242
626812
445215
39339
867909
647006
823059
100932
146085
300514
7387
321929
518431
739921
948601
15932
297204
374668
156561
715559
763555
270165
344877
757
128894
339639
680090
21038
641754
884435
895407
464910
524512
899721
652461
683456
706048
346175
635074
508604
85702
493713
281576
222266
856196
249237
393899
794705
192943
983945
782279
353905
50886
803676
182383
272441
520237
908245
910570
924918
546584
185636
955736
904697
333282
389124
839379
959700
849918
7369
564145
398897
218948
61003
808613
625102
131821
978863
529221
228953
954522
854991
891110
516003
230990
694405
906723
172612
9213
178329
221821
318092
786620
568580
150428
186657
972055
727265
931828
5946
997185
56751
314947
409399
38566
314629
550006
940058
491933
536851
393003
54118
675193
494672
678290
468498
485695
79109
82156
398250
701937
158966
743605
554499
595273
912040
576223
332185
172545
770516
214003
634759
538831
563814
108636
428641
803439
961458
270335
139505
70744
4916
554946
775885
575632
92546
76398
433490
270939
497872
885615
18239
788815
744992
811704
310448
925059
632644
440067
803828
224998
465681
480502
106702
480235
419042
698082
579269
697058
675142
7844
837672
706978
656071
880302
973986
722659
214104
753184
292277
360104
54042
145424
544022
317913
462923
989097
453861
955438
927819
446703
338056
431432
645580
511584
843683
231514
169750
571190
553462
69508
709429
630730
421650
547264
351104
74322
488377
168821
228806
499723
34641
365865
848534
111986
543557
537236
547179
782123
196089
129103
404978
164357
145767
210411
685050
711573
758747
557983
582967
51454
649991
864537
745395
246739
557892
81589
610450
755603
647846
392395
51200
103571
564666
874851
266809
225529
89438
227587
121140
891556
97661
40297
387821
561321
509798
13397
988110
652217
878729
203646
546361
324958
843405
293668
969140
600356
685200
868997
783154
924052
60860
223657
969658
448731
448323
126232
671030
66762
848439
669740
126747
93239
193095
80513
576175
422528
750170
892616
982716
230128
230529
642107
114447
593529
522141
982827
612333
970465
785101
858869
989331
761530
834385
777235
500777
715081
984896
721358
395842
337289
358050
405969
391634
71880
231275
805401
932013
486062
135381
233353
848568
696477
438488
598619
696622
88948
127945
431408
723217
375726
818572
402439
94315
990632
453047
714124
716927
673792
605701
8136
567569
153753
526196
897527
477519
531578
322300
26359
500763
459670
128748
301276
268854
882534
487266
215904
619402
82483
144102
558328
236948
443952
891108
794498
456300
566147
537220
829914
17714
245732
727464
332939
874199
44702
481473
263906
117061
194099
896142
754143
778924
240861
129843
986885
398698
813806
424754
474769
379542
468056
854152
880647
505322
523785
887910
538023
771082
793839
228746
939967
603509
574105
351226
516314
511623
71870
352221
532502
915624
943062
806134
703635
115093
49702
452861
201479
406601
323801
34268
611311
526087
693578
547523
426336
896903
362271
131752
589948
141242
396367
553694
188927
196668
261955
664977
359737
727830
523354
10588
421014
739628
568455
940487
232409
206345
150741
898208
601063
199877
252619
28532
985152
847761
847659
397547
214216
536415
220948
863805
911619
177008
490183
249237
657184
464827
320134
359104
630892
961591
763928
908946
146599
788038
558954
76757
454900
529918
651152
44655
863657
690388
710568
729295
362503
771047
480031
851795
435331
500071
459725
132666
484035
419680
476860
312833
777188
855399
182022
978268
694456
513695
657244
619666
316813
768680
494563
368245
594152
902950
887992
585661
909009
375081
599573
236033
133896
547262
675467
178449
783253
215569
944815
284338
562365
345789
329041
753911
693905
517682
879655
986104
686816
427138
563401
114418
683788
502984
454358
916731
509178
75637
113716
869920
57251
260600
526644
47581
44872
970441
926803
557687
936770
285331
637020
664186
427959
530300
823532
198667
853353
87122
835662
800937
238184
899859
490180
295876
209128
439321
89959
944441
205165
739872
130533
133226
711714
717174
360682
721911
181449
564094
65242
747355
191501
481696
389626
403493
961396
972304
750766
762768
437168
655290
365661
577026
222292
291975
885041
105438
312164
78415
714106
790726
290373
767515
26802
771056
464339
291029
115931
537891
115730
782415
120581
326351
211196
812524
410283
483399
33144
612463
907901
613660
319596
52958
182009
22231
118889
280018
449970
465106
527045
954526
956851
351347
964934
831450
378621
302470
143482
151755
576875
580726
757220
647664
304119
94056
575121
46187
448853
981557
878792
980234
650045
964290
576159
867954
255174
444861
469226
56615
113454
377141
794127
397882
567670
113558
956341
576400
618858
603648
964187
727114
151678
378436
880645
852950
208916
982075
732560
954130
681947
883586
808231
549208
774161
76565
96526
194346
512936
157063
748124
677179
90695
792475
160198
434648
687079
150147
19541
499570
256926
22066
424633
456456
630585
478368
843128
333877
812609
23898
400575
496467
872480
691714
703193
673163
830302
376106
363517
698171
28036
885385
976193
484738
100961
538776
662061
435435
845930
872780
965483
86707
462204
407472
370458
182520
492990
574750
10561
436417
181218
33114
819808
659748
513354
179978
12258
779288
412679
511318
172784
381784
494588
407064
748639
100015
607777
148096
553545
384998
819748
64455
992633
239752
203881
88910
419712
80079
635826
92627
307940
808365
844698
725070
486264
786808
475068
750382
534215
658482
329009
909291
133098
566644
160245
579016
422457
587767
216235
711463
748574
384127
825207
220296
324933
58021
81481
154080
875824
386495
330490
257426
962534
83246
69710
514380
675723
624195
604762
99137
117131
914702
651583
537662
107312
320005
628884
305131
785620
155662
223970
149409
156720
387178
571656
200162
505554
812861
966527
256505
132013
120062
953912
104559
50890
189687
640610
337639
993181
665465
149319
451159
211186
674912
744726
352611
819462
871102
504571
732760
368307
996711
649386
927681
653059
40985
7611
255017
513445
308549
916656
659631
531004
953086
366418
138175
75157
2301
570360
635634
263985
408271
809769
6532
820865
778204
239385
149038
500656
987604
520528
1952
236122
180599
544360
287005
907802
308481
569461
168882
117440
436657
998975
325076
134434
785333
292650
315477
277833
650740
934135
328067
286477
325559
136099
602397
245499
807285
820589
129587
217458
537785
993013
674841
941709
721266
718784
885319
13754
710039
641496
905360
373289
567605
673296
721469
45665
406806
185766
65734
731116
6735
985665
947756
606195
750567
422553
5046
349988
697247
511093
195974
689999
300387
113040
168726
827536
144331
233237
372309
359079
800462
354634
467864
587172
750148
764489
808255
158653
246421
611048
380133
452098
25540
396282
316419
86183
57682
459695
352034
9408
23184
415062
89978
243532
992900
759235
418348
748712
779831
401612
56281
748837
361818
243629
2781
291315
617234
478347
609260
878460
308135
661846
256455
357965
167236
489287
765466
949807
11820
885065
904373
181908
930490
245364
224037
380525
194706
632180
58222
467096
973034
496456
790760
869943
217455
242982
345268
137052
681557
908477
863129
300512
774718
862226
730942
279763
156102
851724
127302
136013
740713
874251
785220
508323
711314
441714
943257
420790
841472
197317
866865
367333
635031
382510
149654
521250
761857
443226
775279
898082
821119
103040
41498
394222
602768
618306
461217
718039
885244
941484
493659
741574
712189
332441
126754
154545
154507
39732
313516
180394
130755
661916
600264
622162
678707
532833
207671
88938
307908
251307
52709
391178
638148
753339
731458
30890
399824
639945
536642
885981
142939
882507
424301
128606
236253
8151
589091
246019
378202
98143
890032
914830
613325
727900
669000
483427
663665
358662
60255
787027
888365
245951
826279
474390
557082
795087
451175
179480
809074
427466
134069
683754
418838
379214
373712
119065
684731
591081
381468
50355
942295
142842
39334
499476
829672
270019
22364
6407
889152
628642
790369
456494
600633
321547
897292
181427
213283
313436
397627
208874
728747
368334
123841
80930
949849
535447
501691
72205
699443
875872
255104
477449
933119
248286
309686
798218
115110
231248
610049
817702
830260
524563
485591
737149
38012
820901
875887
520515
694361
638708
392408
239980
512271
308258
752998
181427
958927
518936
44167
936262
916825
979716
554291
179281
52412
537392
361922
704165
526009
408960
716311
305221
489862
814536
163578
182669
868334
422664
388740
926080
580053
965189
941747
811116
975961
867268
459806
51644
190613
280422
752322
579034
718527
975003
285818
364606
948145
310276
352781
686488
39941
216233
30561
803350
114713
778388
829902
160978
657394
173960
230478
866012
54076
361185
918288
448607
588335
859529
148011
9458
868366
951764
634544
509949
800265
887609
763160
729350
443267
856494
802460
407319
978862
834975
450148
884622
381073
116426
940439
961089
880363
417274
400977
957003
179570
781661
157555
960824
583668
767172
475347
470217
731871
54200
909460
896932
976220
743347
931153
351899
890069
808706
439987
760471
609943
879157
227106
65632
977043
85439
287640
801868
721535
543473
572049
318019
783834
661710
395871
126571
489484
803850
7194
653876
462123
381028
38964
604353
930394
548317
959210
231089
471692
218643
669142
386762
682342
905151
80545
143618
436675
632391
328343
625513
441681
409473
438867
84534
415832
619590
52569
116524
722523
722094
657730
983016
294615
912429
139090
821194
955560
419273
270053
503038
512715
933687
167816
727910
256190
791506
565541
611173
836868
522359
47766
639563
793221
227775
312410
472536
961681
265882
147365
389551
151621
269828
774865
338713
849862
915559
412467
177842
676331
860557
967817
915124
475255
695744
911695
491613
631043
933121
727792
668928
844154
784289
428570
381990
552062
87934
335018
356126
653033
187613
480262
903848
630958
70561
479946
490938
733789
462310
409562
551213
628997
223741
87191
266247
225779
606148
76653
204261
403033
435680
531144
349061
624267
798170
841638
763758
580898
949907
616840
747708
700739
652965
979330
319308
147386
505560
134898
608832
355455
714110
180685
842159
439963
862892
307349
751404
823908
247445
234663
272945
621476
444612
799792
204073
134296
700021
9216
438231
976468
236625
511734
602470
517636
294725
860059
932941
905421
536062
998731
272542
449233
591683
871246
310380
246482
505262
323398
690775
581934
687560
395712
487926
655944
670528
122668
139103
277639
330184
569642
664405
846392
480205
650554
878287
304975
645137
338134
605537
960907
141926
109596
950474
363383
342664
207778
143257
814092
703128
395182
163132
842548
140849
892286
132518
162793
852969
985089
842204
827068
597542
534569
274973
71858
985626
244696
305452
489609
133148
284599
486779
857752
602212
774438
847286
85780
199843
845453
320552
380015
50109
37265
187278
183898
60580
109859
951671
729451
100498
280818
809108
341402
288930
413184
262114
248934
646156
663378
608048
877653
834940
369025
280655
747928
392205
349614
962582
486988
715239
769875
811151
644189
27697
657332
611586
669893
757493
92660
793371
36403
5584
535043
867834
817606
876242
261621
82584
615736
612728
666734
820689
560792
850371
46970
596754
129007
987764
596409
775071
751428
119399
331447
163777
35324
34505
81050
551563
364313
64248
897332
141448
376803
250294
638585
526723
754724
350472
784906
325811
609164
245873
494384
56896
317045
818246
780708
70774
417793
155310
843850
817285
156704
258424
497534
266226
542830
143833
443591
699038
406521
107712
919977
641329
530272
535832
515031
175139
600406
275482
43972
257895
505606
503371
158874
438260
535249
573849
391684
472817
723251
829006
210086
294012
942915
621615
802604
563991
470937
978548
902208
532207
867338
865507
938389
811531
92430
224907
142497
74893
60227
613978
568039
408488
527690
832475
947442
958879
666703
945296
711646
519477
37287
891816
81999
74935
79186
979550
705477
512802
111519
248878
362632
979058
166511
993907
611325
453768
125905
700386
795739
302455
593357
224157
104759
517227
747580
726773
743099
445174
814996
724863
365493
837240
912258
896593
300555
829099
54768
112794
971597
425161
437222
54683
346659
948954
819404
538118
176613
412317
234382
626097
93834
932818
581720
63159
841143
973986
809153
787628
521337
934636
271236
262778
369166
949805
236200
469020
440862
402763
600066
987511
396999
1726
680593
301584
520725
284892
581767
750382
671697
999295
56231
22029
13488
690517
38345
642940
647789
716803
897659
286740
149809
378870
122050
235989
342893
580233
462078
487070
896074
953548
530347
799689
877432
387511
384451
783457
783907
649323
636289
790464
803972
252833
534017
372490
962644
293233
407428
127552
408347
492801
789903
396801
461734
954888
933810
6691
23126
362558
869350
393258
572373
713506
839504
270051
949988
814823
920034
960544
565968
281596
13729
115729
376259
959287
250753
319738
917815
360669
518060
715542
339589
707600
341217
857864
468764
864214
476921
704890
4301
384578
344966
897877
740610
606593
47316
291227
777999
705603
410961
985700
168481
303427
702985
269939
780306
795765
927561
521396
170783
434251
146021
82004
814961
474213
183766
246397
880279
289299
879163
868013
517653
205511
647616
782322
662550
527772
280412
440068
928572
622141
706740
262718
701528
118003
348573
779898
176245
916559
602559
609673
524559
529392
696532
818316
760481
413938
443408
359923
474716
157876
80731
320911
734195
123075
224122
93397
341075
313000
541323
842225
593392
899210
147631
318212
357819
651458
120706
483516
641968
594490
840325
281679
229515
962112
331549
735316
554138
656749
569780
459070
999342
809900
38462
645621
973931
497193
541782
888659
946879
952600
776646
803768
863791
222687
993510
787338
438989
138913
434395
965708
975750
404264
688001
426138
721624
511982
996003
98750
497632
913800
119527
370482
20177
178096
682695
760691
857473
225005
358394
405439
48989
109985
100593
795051
56637
954991
62332
33186
948243
40327
63181
425726
148668
748175
760085
995644
748025
441199
339531
538848
275255
880249
881675
832676
914826
132724
335899
286494
527416
821572
671752
846317
776498
269303
333999
848799
421534
276206
516247
592611
869775
278886
650940
234085
214038
120034
324583
882636
196594
980791
726456
630540
403362
259251
727238
55592
651932
758187
171357
372936
197654
782688
410598
490162
496705
90317
215076
630568
800725
268240
504474
608542
432775
929330
265483
724695
932056
678741
263129
508187
796487
411321
17359
147799
379559
534507
833658
366481
262603
695754
748082
345861
805149
742711
968566
419617
875406
104792
827509
54234
474087
520329
306665
605097
709374
196129
154014
323750
916869
396572
934353
349119
686205
257898
340787
184853
560840
814931
829709
291507
680219
32581
585789
815851
538706
208828
479582
704975
355485
38348
896518
20809
832920
520974
816680
347288
615417
103205
187546
495591
917090
778732
362162
341452
140055
177789
989385
755290
937673
75040
569953
207331
657745
191439
267043
703821
404792
508579
805441
40975
632115
892060
73338
636873
911788
793233
174012
879998
245179
695538
507171
763695
102388
477751
425375
705812
776601
282472
920628
290745
604336
369351
927772
722740
602480
915805
95815
532799
604949
150304
813890
389046
997203
714942
734837
203502
396326
430920
637511
298735
125256
17726
728476
261200
614332
995507
274174
387566
925512
184989
381977
781000
994367
409787
283360
819578
553724
255651
283214
283668
630123
691175
434311
719639
647745
652515
287901
70347
489100
959910
57710
666944
253348
702523
380522
323871
476161
829139
329650
245931
410983
96208
689692
617434
492156
182512
448531
305482
430714
615892
722331
66146
617535
789228
3891
982022
994241
751682
792723
809270
669664
371423
205909
534276
605268
754589
615536
63536
864901
188235
993823
243361
624378
31926
968544
110594
711529
476826
737432
673079
5228
772837
741203
608443
228245
762980
809642
403096
253144
812749
901566
671361
443495
742055
152800
863055
557659
976922
375187
983958
644301
155919
361001
285796
333573
617923
659657
325590
150474
839022
637586
591126
275288
51402
993946
823796
532528
14914
920912
464608
104777
193976
822079
461634
854308
829555
954803
326774
935549
43428
409334
609895
874589
937555
803123
677639
428685
5867
87356
977128
512869
954654
12391
318458
301890
372214
780947
130273
350549
864442
832200
143986
798808
663289
759613
762507
534301
869813
4403
500428
269951
279599
365822
642230
550329
455244
876579
678558
888149
354465
532509
191437
955388
70240
903930
397047
544940
8542
539939
200279
986377
81216
782008
349923
514506
653442
416793
346033
99540
800547
73730
684518
647588
56624
118286
642646
216997
709804
684764
256766
550369
486873
561103
360537
936020
163494
383599
653410
342108
278517
217069
143207
548109
638600
398339
170631
946530
466247
259514
582088
436110
169840
22149
359255
123504
893595
197707
244381
430116
808681
111170
780602
752885
498889
924727
248928
569521
832870
970346
446415
206998
783665
423317
19688
112296
971270
151053
833201
981988
560125
69122
68004
913166
504080
811553
337844
889319
624100
945624
827101
576763
892150
959161
521062
260758
157859
938296
290742
486359
870227
260238
321552
688476
713540
823744
821677
990813
871215
901946
828469
184789
204952
711957
188761
35802
909815
152952
131728
873550
950782
771098
815979
506926
627335
445925
641687
480711
736028
174966
139311
231305
938338
894721
297148
729204
663970
926546
849546
809327
698549
908846
459559
887607
638476
31576
931323
377652
36890
813615
949503
679336
802654
678389
895835
10880
182288
537706
868576
997197
118247
56535
374495
779980
578693
805606
236900
101665
488704
588590
875154
204579
420046
509197
876060
927632
786252
219950
47774
567777
726443
719019
391446
470585
276600
898380
365826
688183
251526
868140
745878
426922
729657
244668
462426
366116
324146
445921
658142
147175
762770
789945
832731
333245
60589
996027
629992
669796
319629
82428
119765
622693
798176
198990
843112
64709
316223
659907
794737
531861
947163
785295
505996
628004
417606
509388
356659
655701
527387
166678
691837
788619
599372
321110
361143
548672
145862
435037
684702
673781
244547
879782
840950
136452
195435
930558
982793
170001
974888
711999
78463
551391
421381
981815
41623
613119
120833
234856
933504
584674
392374
997737
609110
715344
791073
641130
710460
791089
230926
543253
461906
550409
508257
129423
717075
430337
433090
606749
537102
633376
899750
953316
52799
496409
256375
449993
74250
333629
394784
82295
454291
576209
205238
287166
721532
358138
624646
99352
565308
694741
681655
992456
825304
429091
555100
852892
114881
626017
435929
302097
215819
447222
949038
296149
24773
200966
618341
791015
293689
847588
273236
675739
959937
519652
186384
97529
658628
199885
601966
942533
330636
957550
574775
388634
553285
261832
285735
331568
565141
514792
516322
531388
698642
832024
513972
55862
604580
479467
80835
430902
275833
129783
986068
961272
627038
449184
672886
460671
339265
163726
965390
103829
138048
362304
556416
545391
944429
156538
128952
825007
479905
481114
487698
521476
997433
881865
326764
254765
129010
94092
826629
321434
887773
847418
562386
654515
572607
114952
823965
520242
771207
853248
285786
293483
478060
60369
80904
531500
134115
30527
902464
862911
607546
705851
688350
143628
354004
900173
849353
320603
65345
921069
35296
835192
889401
392306
740738
779823
169398
253922
238522
852855
224427
33704
633030
871403
552932
23267
124418
881587
674747
326042
884406
819841
451060
358414
206457
124343
349878
331048
174016
183143
39463
606674
67526
243698
538722
166114
764698
879505
711767
720496
964928
258738
585408
899848
874565
54138
124604
338555
49955
326249
474250
13264
641100
743452
940515
101336
113558
367659
682419
831775
864452
863474
229942
807614
802477
487789
8108
285646
420108
183933
690232
218743
586403
280071
183323
937638
713036
354684
181319
960989
594333
390963
220195
720740
967415
400049
905243
132765
833836
555915
185632
489973
661578
912355
419075
601015
419016
302158
222505
508474
186636
98838
900204
90619
567831
672475
699087
252421
179022
873044
550299
536908
71910
710643
358426
571546
197866
991911
963695
476001
940076
411067
451920
51119
64390
308571
24354
962431
231883
344695
894128
480491
820304
620800
61319
124031
710864
506064
611696
425578
764736
885030
427210
618510
118576
663950
8260
179574
113946
255456
180341
839655
150859
136351
149464
905167
37163
239041
590631
766298
389995
65550
691666
883684
279241
939105
369052
286089
484931
801419
243795
321303
398358
118295
753578
304165
587057
657833
817716
416957
222203
616704
656575
175796
885246
132954
522315
181659
715630
404343
393574
17934
858586
646389
475173
775017
531374
645658
556929
188763
270306
311473
730059
487250
190147
555531
510989
464854
564252
411686
49663
727154
563137
178540
757859
906828
306103
831634
135165
793238
82883
526113
503794
960797
67278
130322
181821
760127
574513
33169
374664
348922
575203
289252
781037
374495
535548
179621
895944
331237
88933
630123
731896
209177
439903
477831
438387
268595
986348
832042
120963
881989
931677
59748
896865
29772
358329
622023
842732
587049
567303
485034
60550
729833
746681
466953
206284
314880
859253
409482
927855
117781
926081
387931
816116
443703
226890
845430
169284
322221
678288
58886
320368
665130
345522
43556
122118
196063
264337
711226
119881
411243
943652
51592
648015
527982
524760
373701
200252
703227
298017
543261
421334
40235
943458
321881
335430
377742
999989
117789
800810
180285
542359
840266
473113
3659
564275
669572
370164
59994
840841
933709
621221
898889
317883
503632
978999
241355
606708
577210
165458
936915
122549
565187
391633
402859
741054
534731
407234
434852
312149
533215
838777
705512
577078
584602
72273
533867
237719
892712
230017
335424
508246
521062
121430
263112
791617
154021
904338
146565
636290
616974
905953
658445
352869
868575
791668
529945
817352
306067
78013
945533
274270
848928
811589
652722
475679
85402
433965
38159
129040
892405
328575
663831
432298
57128
626288
425899
502314
607532
674612
795808
170484
344995
136062
140907
308964
113558
165843
767097
341299
548055
621066
476123
781379
224517
796770
636127
200328
653550
528063
280634
624530
572559
45251
820001
348475
586742
375365
145654
188009
311497
67057
86175
489408
605215
843068
74547
354919
451915
831682
908558
722742
68026
421437
706820
527801
777138
5412
56242
532067
393786
828126
598320
889427
783193
272481
665634
924923
16694
557548
819502
862899
969246
702941
348808
514521
156965
285295
881768
963874
50147
167572
563486
526914
928800
346475
142780
683956
517578
329886
950257
691174
661538
922331
538933
150085
162168
669613
527264
118368
968971
30262
251222
188987
401554
101003
461341
471923
486168
556716
80399
41864
397890
657247
562730
318220
393836
958312
759877
878503
245490
694758
638494
998660
311115
307148
639822
556892
731279
929979
871133
584925
991641
366009
93938
795062
107335
888657
980195
663938
991390
74375
528235
539790
914571
524021
755513
946185
224836
440902
745189
358471
505357
821902
457853
288050
960727
360261
351550
500557
145154
90399
369695
18470
222019
739081
160326
775384
821409
814657
296158
632954
377754
377618
781248
938728
341410
925547
781198
564460
662283
852635
877791
807560
501632
118956
127828
96674
212395
979865
69961
149388
465591
821165
199655
27568
825711
172281
571095
331925
385989
337777
875217
171920
909359
719331
431186
925257
948012
999957
394476
641064
791141
413627
716855
55005
943790
694546
367013
156298
339627
854172
280180
603469
817616
823864
829756
70765
953344
721949
640168
400096
906647
82355
457281
472374
131203
805454
811558
776614
491597
858055
151192
832500
975030
798457
331954
344507
432316
915093
593142
859484
315516
11747
358146
851587
120049
144278
40097
799635
924122
441226
114493
32494
901882
837148
823794
537378
638905
653542
944639
844659
23528
812437
614870
685569
839074
947241
324307
911958
807309
572041
259145
829070
21184
936641
385975
599779
436159
109465
816729
492884
508833
732563
281371
184370
671763
904704
72296
633863
514165
919743
726049
938979
964834
781587
989290
301188
190413
718624
521054
770401
5318
107010
919906
947027
565724
480714
337431
680609
529629
663574
608617
963622
406969
125644
750533
773473
660165
59443
459879
624345
258971
763054
317649
259755
996318
251029
337175
825906
971035
322737
764247
738385
297035
898324
353287
682655
466357
824403
531943
203248
720496
909602
910805
426876
241542
281034
652799
239727
519732
307209
753586
338060
297423
923270
843409
7743
668608
442159
61410
323645
795440
399857
536387
642842
196735
285331
960890
683943
874669
234672
40490
153477
652059
919055
177248
487435
329772
66400
644301
764815
235846
220822
535247
272405
656181
74587
326311
380498
441262
201652
37775
56923
906160
846323
131621
281711
138118
876115
641344
217309
81321
420467
39908
512467
939523
812978
576208
22533
487823
793059
163764
540662
338844
658861
209471
366502
81712
491010
379159
147609
860041
804218
624674
115583
714111
515083
565377
659205
789189
305575
590493
34039
263054
554547
824729
629264
409484
208991
624359
86752
62355
910630
44407
148760
240669
27748
384329
490613
368870
150927
38307
324743
195960
672147
193567
938653
305857
918222
742236
300943
780704
276901
926933
790760
279230
121729
414606
628398
541273
743466
114410
907982
545180
639998
927962
602857
790570
345293
308016
752949
126266
891860
31185
779537
222492
40917
503689
765482
953946
967631
166009
488899
426490
340831
244459
576484
390559
171891
368326
685665
15503
123239
405085
291141
800271
802750
484257
338972
177258
43774
907127
809754
302033
618856
637669
1707
389148
927122
760997
365528
757678
135907
424412
27154
471799
219947
186084
59103
412884
595612
128005
175518
497169
154345
553667
563896
488334
137978
432913
515941
246335
861897
815523
992792
531917
628444
403489
255945
780378
591519
874231
246493
90722
655389
895817
411123
702716
223579
199684
607629
891264
706449
86224
817433
42307
332998
294562
60955
652798
946375
919661
230586
164173
25347
390328
669028
378579
888134
447499
899038
274618
788048
460611
690155
309976
235537
518021
43928
230765
724100
929679
33890
611017
878565
601578
177541
255562
478992
893116
19555
307139
156280
113017
428941
398969
679744
300282
57968
262407
915129
268134
243295
652193
24313
532300
684792
205877
138580
909907
339894
24109
756538
