70
5000
823049
375379
161745
490989
384343
554776
456842
284189
230997
144322
863490
618913
737338
895634
80934
899604
650284
608242
930701
257738
12918
289855
903346
608046
416152
267063
746653
937018
973367
940608
663009
646865
789621
781203
452798
378172
281499
836739
729702
550591
832243
968878
980829
440023
309875
808511
261433
113235
612883
733725
552969
928844
279872
204531
256210
221379
935977
113309
629429
80341
364470
203628
858220
829021
142104
955542
20083
201638
817403
289149
946115
761739
218969
919514
254457
24366
667048
985862
485846
907409
112307
912677
674720
958420
865607
696239
731941
699339
729987
769244
896351
594555
59347
934571
644595
592498
557686
155152
62292
197120
813690
635128
123908
376405
625994
724666
906811
574840
5406
117147
683616
960546
982736
440766
673460
545269
528975
7142
739918
466972
314412
965546
102849
139968
625810
261044
919385
18659
803027
228021
137668
940893
634013
231593
244238
390193
430667
493762
639685
467980
950167
202676
51899
322969
244526
932636
778858
98883
864924
387149
651058
598920
380390
539129
550909
234487
171447
364409
975875
527494
578930
820537
557481
909842
991654
921027
48901
717555
137823
592806
200381
887867
138457
976771
92877
113100
821968
895603
660518
494995
448627
147416
509300
988581
869751
571135
845560
737076
513799
255279
126996
384173
448536
44049
21798
126130
578203
562107
683211
841711
949132
287451
494789
467227
542696
507196
742775
305997
379003
600952
612621
803000
187927
165499
753912
786885
538784
581551
130839
562124
928901
472265
709809
946862
565065
728176
853855
628305
542527
235717
704263
154169
469332
601043
381699
703296
596102
425236
654559
388786
531059
576414
306177
678023
76876
616681
432804
787133
595240
424189
845180
686674
285429
889852
565502
325275
901321
846089
640248
863492
790807
998996
712731
176613
964156
456516
144857
250044
123769
201215
474217
493965
822012
945305
138152
512275
477719
993430
590169
177569
176146
205598
345613
257754
110043
704252
63774
296841
213340
846674
822549
553182
333093
543709
153835
956038
173384
65953
450029
599654
141252
919857
852472
981363
528217
674269
82788
610800
836667
351032
14334
305413
382497
969732
731245
672441
587388
790013
151797
699020
218373
191359
694746
996468
320111
722772
290908
309554
871804
603998
692385
574927
909676
460829
515505
981624
547791
347550
754267
381235
993532
37569
741684
96061
703834
341157
502847
110850
523995
685554
653224
850296
245385
379586
450219
748761
544824
497452
315410
791483
756380
579887
730779
825421
276595
401144
907575
970096
862242
333520
906159
64304
957854
421157
920802
130909
966977
32116
872681
623626
697789
785935
886107
323425
747052
597200
52780
770657
765061
785434
145904
477430
212139
9672
463294
454644
436895
257334
958063
171439
17942
895976
109510
190905
115366
683290
818217
478457
772762
759076
557582
156004
720548
295370
949105
871259
284274
337118
706305
468641
490905
311314
977947
437943
986030
352478
306029
298134
881332
841930
34877
510985
16431
279449
867714
703844
31767
642130
896944
406052
809768
408684
444305
28261
220566
485077
777551
417402
372190
257375
115726
205933
560440
227143
843062
94547
510569
665188
160334
267210
732404
18217
858756
560337
486192
222934
73545
682245
170485
674625
775001
106548
688752
293053
65176
65312
87318
965604
867800
715794
700597
429703
862967
188823
565798
251758
16741
749020
298975
4814
87044
343585
849637
281862
669352
251741
616094
898581
706749
985327
691397
570461
34696
691131
784886
72716
266118
470121
69033
428013
804144
878902
313979
243722
123296
888565
296488
194619
370126
445990
957398
147408
534579
188721
773130
289878
868558
331968
788541
795146
357444
596982
679881
935768
650274
648015
986238
252558
586879
477077
850514
883170
486717
320124
682292
381532
784046
158875
385857
834913
701522
41479
784976
38302
888510
822286
952872
536589
948313
35917
137809
91815
219009
471470
391431
306662
946187
698114
868299
894454
95270
683767
967509
853559
612896
401270
633252
833457
747139
150620
909429
865045
397144
186514
958290
428076
378763
562507
332673
722207
764846
368921
775390
395041
226904
818285
992003
518205
624678
534825
3683
870199
770081
679076
364854
579554
827008
526969
789838
82302
372356
725900
382601
509515
588033
353179
303647
403374
922749
774012
219867
974079
228209
223224
358759
514797
634284
633412
862975
332239
774935
411736
501640
782088
821651
415087
627642
112789
705279
493209
771191
583478
137109
152960
579392
306294
668916
390197
170109
38041
358840
622838
346105
473122
756485
103167
843505
120190
348003
120713
754689
33232
49667
261603
297215
521882
77472
711788
405219
456708
892737
250091
898723
191628
84123
45771
266910
629003
215123
604598
341294
873696
34016
671628
57312
965627
759759
135488
709696
820040
668704
326991
602701
21365
143374
532446
572107
497442
919916
185456
991864
692325
944555
918721
312790
850422
289400
257409
244519
175358
974018
823856
178743
618743
781849
122258
916755
451327
241586
237392
691735
253631
274951
569067
258021
471730
699675
587613
474226
366933
641819
728078
682042
536682
580960
156911
914708
548968
732561
247031
880480
876290
574630
565880
222300
160466
385479
323805
920918
920354
462930
53378
564220
90071
611452
787120
683855
637947
840463
855668
550710
87845
903249
894106
216943
853831
417669
942539
268384
123156
736523
335232
338828
738636
279074
607714
891233
762853
234702
215360
873773
364567
887125
468076
980337
423365
521315
559219
229838
894851
607757
27894
799772
375496
638834
387305
423834
245681
142590
58536
941759
421743
195080
400305
369135
10383
132059
243842
322249
577509
566162
485136
144925
59796
925660
502305
300859
755963
282400
493063
856422
236287
609146
5625
599528
509041
549922
873167
626559
464540
266158
995546
644341
317358
820782
495581
851917
377600
537717
361452
890009
889348
995767
860640
167913
835018
161230
301492
475678
214511
887703
409728
887708
897506
59577
829775
739293
128724
14597
989535
601699
487292
736185
236084
869958
787908
442335
874969
259755
275
652755
721652
53845
60920
954337
918917
838741
579760
822540
409211
399581
903124
246188
806515
198067
367266
26735
7374
648001
733478
98880
166445
436680
829508
708100
694731
884661
751717
60673
554040
972172
932668
919513
606702
599553
858676
997237
576914
589158
156664
670973
616712
902333
70622
144003
693555
959919
622640
589119
173128
921302
202457
51189
62414
253685
102953
81587
736052
670791
776837
536310
566734
473524
546094
284524
156846
723744
928812
566293
232731
7326
715798
237123
195697
180291
349889
511680
95060
407060
688131
66894
278802
594849
664099
250825
391701
482667
296671
708969
734081
732544
413272
100772
986544
921000
303518
491568
556807
415160
40596
11238
939829
420675
668864
887426
739784
280560
229425
647943
55147
544679
482893
361663
437760
938277
192886
803232
818966
176
719705
435403
340359
792292
661011
433901
996145
79275
954815
223752
911887
293003
159136
194252
748467
189657
745000
789727
709346
641163
244195
585980
177484
776811
410499
754551
493542
707944
468104
523871
793958
202823
314572
745404
679066
930166
446504
499831
754214
690689
665606
189273
424664
62366
671173
772268
145513
930978
739202
741629
715859
618326
849610
383619
316681
807525
851288
329562
661848
436716
743948
503464
937240
561012
468843
822944
668942
679804
653197
145061
859746
564910
952295
121606
875767
73844
956661
513320
112428
353636
695172
734273
993263
69783
433049
817600
156345
197911
233730
887947
314794
84406
748919
127264
784193
74620
328299
119773
566647
338424
258613
291675
966393
234935
779606
690676
372545
49299
662438
970533
314320
220642
362528
124175
157898
957904
106630
707416
4269
196807
139186
389742
2095
241610
961979
192044
727220
627169
542784
853653
375273
429295
58196
859964
288640
365279
751750
361158
754632
199229
772619
477576
841767
727329
88458
860618
508279
492485
670212
290413
572411
841784
985695
49832
967357
726892
687182
993454
767173
889129
546334
112940
23352
345828
848542
515118
898250
13931
949740
645409
496353
186167
315672
632563
698184
70756
983736
804759
711564
293372
192136
677412
777783
301167
679739
314013
515750
221023
635874
380299
299465
537944
237304
727559
958071
599005
360904
848980
174188
391773
574907
787176
651552
479685
97154
619787
225476
984751
6812
267801
127963
92727
374660
424994
109875
486318
814331
522288
262336
810920
340077
393640
454675
445424
643714
942537
58044
762780
523268
614802
944697
312251
591400
356288
197145
910250
807483
372725
307953
949702
289578
26420
292922
940795
86190
90185
117126
806843
998610
550278
813533
86987
909922
421863
375736
861751
184818
210775
313113
539174
603528
815308
750149
752968
109479
274125
648031
229164
737145
254739
579939
302573
995672
557261
168059
951308
547385
483582
394497
875930
119285
39746
878290
19340
138613
777070
951499
985073
721658
755668
921827
4991
550407
229286
896165
525769
931307
233714
841800
416397
63150
966603
346220
603433
289624
265032
647988
132142
814872
937574
559290
195085
86424
58185
132531
100014
696731
434591
683105
429600
203855
932837
188655
10922
764533
53124
45740
575104
706729
583315
641959
347346
899536
4416
989859
836798
903966
413320
123319
624805
755330
593123
440645
887130
387182
994686
676820
584183
928774
95712
294157
726474
752548
263598
224399
213229
132678
235594
634351
384883
866005
153685
294607
305598
148050
860693
125529
418542
333535
598066
397657
127284
513384
348827
642805
892228
796844
786758
214601
579113
706348
962580
120867
657714
241454
169426
28120
257802
844974
542044
791361
46309
548066
319900
121877
370967
112873
259504
756580
4927
45967
407402
307950
176672
339071
893936
805726
597712
995910
899780
241894
748489
112511
869022
246008
73884
346785
508981
921310
662214
220577
311838
666166
885147
338437
268491
934222
522719
333767
585716
177624
139892
450210
107794
404490
647853
909116
723784
821204
159872
893551
186461
88383
315418
535605
58148
831071
224717
997168
332477
716404
333797
505620
396148
646179
299032
617138
433734
295820
814299
666913
446404
331784
671761
266763
967505
530496
562910
73169
337285
164589
612378
275356
400820
871847
680802
77890
799497
675884
311816
423248
791435
302960
171242
359482
338050
77659
186912
36380
557491
443428
616079
682284
393670
946184
524570
655935
671753
494054
182009
93876
900493
247418
601250
255553
108526
303988
373091
439064
267440
623604
750545
607285
945669
582629
433050
411463
667564
296627
875959
673656
467251
607402
962302
759643
230557
122092
238804
878641
407902
443407
855936
213784
608579
303889
520922
988113
898926
958648
646114
49196
644671
578699
104941
717970
78479
174630
222201
727791
86166
744382
934946
412730
928684
502514
515118
952034
511085
219657
350402
35351
460597
563534
160120
297841
62922
396357
793224
633281
378969
875081
277475
741939
486937
304899
182750
494300
490828
986377
57803
94310
570020
909457
321572
901909
863554
606480
534689
646005
590681
131891
88233
984738
509617
861625
339364
351796
150408
405611
449327
197445
887059
172665
145833
677152
443682
581427
417962
196423
803745
70944
177428
627745
460794
641598
383553
707518
478616
837207
80860
891208
1543
435005
811724
758729
986743
143010
485002
952659
650400
591126
920019
595728
570559
804445
8761
254758
592766
361196
217237
374726
641585
513216
991831
620882
507901
70172
324478
659113
308947
239773
122786
592144
698522
444347
865070
640894
4523
919390
55468
234948
827574
750554
645305
489815
314049
100105
412311
245307
196497
901764
822753
304014
470689
275838
655897
879855
865615
280124
392606
775433
786710
235637
10937
852928
211702
499522
687958
904758
474864
180481
31183
141818
588909
883788
310564
512014
835007
284241
964679
42579
588095
996366
491796
752275
753492
819116
759262
648171
525269
977908
632549
931155
495430
430642
660835
216907
251263
769573
212037
953828
283179
196063
125431
846441
724651
390848
934744
101032
630234
718665
708877
518432
414060
14175
676401
218312
676271
164383
845738
571898
702324
143896
327191
686138
596871
821737
229989
412135
22809
287352
95681
801405
554239
312268
400616
921925
327891
356104
199578
854810
802296
865285
245036
32408
72380
622410
166909
765602
872214
633195
823489
800656
691214
27579
937081
208308
41532
660591
88323
704263
158504
536656
793549
952117
620753
98396
38629
517954
585545
431738
467308
396951
475069
227737
115242
76269
473939
834020
72059
710549
38252
62691
302118
97057
93320
63857
344526
908083
722825
232278
536513
689888
875024
654080
366317
41472
920132
37027
614707
63956
878769
193066
588500
309268
285516
595352
807177
7893
32469
155456
893807
390612
579925
729501
336862
532898
676231
328335
529754
264555
545683
774515
79458
984740
67445
732701
256038
458897
724796
662773
780118
750064
254767
60395
947414
159685
850122
814936
602061
518211
912294
674482
340573
721428
862582
815212
517933
742853
475309
299240
551777
232401
471550
730202
218731
195721
342523
289530
56379
597980
251615
629861
677266
600009
142631
790865
264756
883678
372954
315819
8700
56683
570026
666319
718857
30024
163571
835107
597782
797632
461152
92945
444968
356889
379693
787679
996384
75201
340742
802092
59184
737367
604879
744713
247275
968978
989629
85873
638004
940946
195681
679078
525464
55233
70405
139818
743160
29862
426991
870104
332703
20166
161922
653277
969394
51383
421252
156181
959621
991874
514107
408774
83338
548852
614768
25459
41060
822722
625173
88606
822746
792918
940162
992734
21094
208826
48923
483736
244397
39264
203086
212893
960458
552075
171705
799968
309571
99294
804072
47250
327773
67519
807164
645596
145356
588968
443943
595640
700866
252298
577939
611629
817000
90077
240162
636645
443434
907337
128464
922220
747565
956138
841141
170119
826844
830468
679144
329007
496160
638659
972157
685673
194606
179372
146606
379459
928634
483174
187735
637548
330825
606559
571611
319985
72100
761884
418469
435152
630632
691361
917321
652155
242234
443385
481480
376874
648281
749603
431154
357661
808780
18329
634150
682989
383866
210174
964917
810510
512664
224355
209765
761508
988924
827574
941073
964478
71953
751111
818542
337523
417572
120952
461224
822423
978906
354241
72042
881690
505092
732894
69757
819518
581643
653141
899016
104052
791110
902183
369077
154641
580779
403
889397
369394
133409
567297
874393
701289
153331
683474
565217
269922
426529
857601
694994
162327
138065
302902
412992
998571
856355
587879
583852
106087
277729
168939
613574
477904
476885
155101
23187
264289
142581
168809
719081
917738
157882
892726
477144
494469
465615
698032
496291
613296
571300
322673
962668
870156
106849
56843
127789
609393
899896
755188
3298
989228
95631
741829
821846
148077
509715
610737
158290
963837
793050
813544
691426
946252
223240
531696
957607
786024
180182
523160
885491
794609
85434
53592
249036
366800
139829
662294
716992
339400
726008
756997
108384
360164
850100
691432
224282
906960
330173
879989
326519
347524
842330
605332
26029
934619
470891
889542
860130
88770
622711
645987
983870
551691
213073
176187
635627
218145
125799
726686
383212
45718
918951
756920
189591
223961
201742
969364
375344
68291
819151
14273
459940
204112
436764
632082
458975
225706
380179
780606
138186
191713
3912
332520
697572
396344
513835
29434
396220
49753
594390
732714
917640
223400
307190
727903
443749
407220
125971
817452
270764
917066
797053
872826
602605
440292
690517
510149
394763
661183
521717
853693
504756
967626
195645
780364
682171
927610
578619
812023
444627
412922
6262
771870
549418
307904
890519
648925
631263
986811
74933
726165
700002
730536
634236
654661
951079
185988
214840
320081
182663
593692
550788
715685
982579
436736
372105
248563
834773
387990
748405
361944
729349
157194
76538
458077
251620
400739
401344
891096
305945
361585
668905
411891
554790
322659
529022
949316
821094
790773
604603
341980
126693
936902
505331
38364
199836
907527
63009
919808
33415
909711
527309
135615
111717
369996
68056
827659
81419
566101
568164
728755
725286
357915
772194
705192
340171
721981
585913
145245
196220
625850
199184
235399
620666
562432
48696
811140
994178
195044
593017
930072
211493
641451
757944
415570
925895
927365
131777
267341
156468
567321
318647
802002
489050
930811
538773
837147
989607
790203
461600
774131
894720
269911
212395
823865
437530
843984
170054
546946
295865
658522
198276
699934
90819
941356
275112
775923
348096
234040
17964
303302
696113
883061
187373
501401
229769
555287
809718
636654
13388
719456
7399
180137
383811
918800
751233
134611
823641
130104
698769
215803
450070
414637
110967
596855
889973
803351
354515
841800
865891
705449
932619
967323
149783
810475
761274
369516
711433
180594
382264
191238
238544
757682
995842
641445
81307
113642
105542
363068
780043
364157
472654
131537
523948
435489
641094
382790
854799
644080
123435
306548
687557
890012
150227
638448
390202
364480
584467
359215
300203
358353
375952
935174
594629
394483
582053
816713
984540
372648
926510
543509
952452
632931
705711
17130
347216
691387
938853
443696
378661
126907
348198
177498
669753
751574
320823
265512
59182
35063
362410
690566
425093
482615
306866
37586
843840
840488
790789
709243
237593
526926
323244
857029
937176
797038
75178
990505
472085
825534
107079
320728
683210
281147
987384
861280
701588
690266
533356
261416
363782
85974
945589
466389
443370
73000
160849
414095
906069
770965
829461
308894
895014
894561
168309
449454
32219
115361
491698
827057
670479
226350
477920
23331
317844
854581
801683
346857
156073
723500
73382
196499
639512
162399
161575
951809
881455
849640
920098
423969
677336
591869
73992
817110
238295
322212
386748
435636
953376
984001
7035
142632
95891
180752
435813
676725
121557
379437
147756
940697
667148
372688
486104
581902
749430
792855
492020
579756
760423
753084
376153
739883
894109
872038
527828
164166
321537
450523
970423
930044
577277
505746
986681
755121
433460
523174
659402
434929
3491
857191
894136
936148
653970
226443
202935
33788
446518
847234
918160
620475
100774
174247
494377
837778
941944
683346
692141
913300
37176
330698
524887
878186
969540
435672
936352
482863
67527
202038
524227
630075
702224
869415
455722
769533
39950
627744
55159
142018
310314
405412
872880
609682
158977
841901
130247
273785
775421
335942
72709
136931
763727
428406
861715
652705
119755
662934
77029
252488
851871
505476
957059
899832
847409
143920
433973
888442
235413
135699
449227
941699
777640
483904
681414
957077
261515
723987
649959
999493
815103
857926
581649
32599
762522
233570
384989
162885
347108
813970
508475
996383
930129
40978
451007
871244
516506
96007
441103
361454
347706
209385
232936
834468
394754
624027
108616
182697
403417
717276
419196
915225
890388
353749
543110
125460
607406
937362
777962
212475
994596
777422
703061
892312
577136
505126
885099
822682
93855
825008
13612
200061
171281
339237
837698
530888
352909
83385
460265
497136
927934
220044
843387
76122
159374
303288
110167
628734
618142
231434
614701
207399
244831
834126
522665
941718
188560
174532
184506
33031
141204
118639
709822
101899
888879
727563
144396
377172
441565
659934
790941
976911
519759
591207
178007
619884
590979
510707
802040
390713
751934
429071
820955
857068
159017
741528
114922
373823
611590
121454
236193
10870
21517
363591
715003
259004
487271
285792
494523
350187
350406
119373
116888
403819
181279
41522
792262
732849
489477
26698
354397
163241
622563
101028
798376
513007
550102
972206
848909
872054
787429
765098
30740
443595
83294
980285
277653
136436
949518
115430
39362
756914
160092
451340
219086
993766
104130
247728
915385
984912
417769
916737
369850
195122
624800
673550
823112
631891
301114
808726
64772
77215
800257
500411
739462
477484
16410
796565
555266
766871
710839
985635
783511
216653
410738
81757
614836
77030
556493
529573
189159
88299
875651
322843
634372
794168
284554
188239
231662
777789
713896
625298
411845
76510
943663
309733
435948
299450
931991
331091
291253
597321
243830
581915
770220
896735
228318
848581
374269
217037
502163
717077
186690
57894
664231
371357
233901
763231
1716
122221
979214
330576
786678
123878
968002
424023
971522
386541
171129
500700
933927
211899
901346
368174
70816
398608
59189
383820
512434
97223
752540
313281
431592
547973
351871
442598
685225
955979
500395
190411
182259
690284
632414
733553
391222
77208
947505
343278
817295
676630
790882
225715
512543
341136
521981
348138
807432
853448
976999
390457
796484
473961
248711
110052
826593
271736
872402
147535
844637
268713
529137
178656
213978
756366
571088
865475
58686
189802
771845
493959
301545
111268
688923
619494
429908
711319
722875
314082
600643
562246
963766
646282
587430
773613
251377
689308
804306
365554
809966
105284
776854
885947
656307
896835
315133
808793
173465
49899
534240
367777
630962
659078
602213
45212
40600
609175
329176
582228
377807
370424
245156
352015
790550
493666
894317
99672
209103
951115
943885
326072
392904
407146
451114
889860
507813
86550
226737
61200
275756
541772
424049
655681
374765
774287
516886
517504
200908
434858
64512
694859
199596
382609
498047
303397
372986
282470
203694
980590
551123
431063
841513
605773
49683
832484
885804
159433
41083
955838
875849
420983
968062
880267
774533
65806
574888
714118
520528
717142
67052
449412
460704
329663
237064
315537
817065
244110
890263
952889
225531
380274
936627
654307
200951
206901
343236
838103
261487
180430
27306
365087
686297
714259
311811
555340
580464
525451
753241
2128
615208
657058
990763
347336
440524
532661
265110
735133
35509
108173
82080
384704
987945
50282
254305
22802
848653
354612
424079
847590
174472
475926
592036
530654
507574
876455
844462
507826
774406
847485
297139
310671
73393
732838
204222
982747
196247
55025
38667
149463
558904
811559
850954
385566
767819
423384
564947
395786
120895
827663
835239
647862
838155
235687
778015
569757
191156
784951
423988
106785
177691
688040
122986
139304
842432
875304
795737
681825
532695
558647
439769
62052
145413
26335
911689
576504
435639
750721
212540
399662
724511
819273
188802
569322
843149
239043
68238
334146
203238
959239
507785
247806
383683
43856
928434
158911
326248
38763
297135
209789
287135
469771
455797
348393
11824
307705
942417
818353
374592
747624
460177
45602
486020
135399
390481
576999
446944
303663
480293
313967
499360
615708
705952
157485
151633
351225
807551
989177
57149
381236
657398
101524
18818
582256
116244
795592
72334
864825
651989
51758
657273
679251
647300
298569
607039
726955
88651
890576
840601
897007
522841
830409
304630
975481
670894
704401
216475
477414
872710
609080
450516
296709
442463
293897
259029
890667
777001
481575
84659
37348
799882
227154
600440
144196
2571
150281
226342
592155
671394
417290
944971
626502
403228
36917
221245
894178
424807
769102
27443
379100
174073
364257
96768
524900
323169
507264
449005
591232
232360
415528
281777
833981
877731
550210
995599
592256
494424
610885
37261
659962
167883
681016
347468
219450
450084
536213
757961
359196
925374
447626
66159
202335
822030
541977
168918
211157
920174
895967
922012
410739
272645
468849
107230
922056
932693
948066
495636
376651
173729
139169
728070
363789
985209
596927
474031
87309
787043
576975
186861
178090
585704
85094
962721
951411
760056
26626
818345
560218
322554
676935
736823
456136
651317
436516
756174
450186
248660
236565
899289
540392
266713
573249
928680
294422
98593
742339
679623
961476
384975
513478
273021
632592
581528
626505
191262
664667
707819
941058
620749
276601
28795
765662
940882
555586
334186
3431
885396
420037
136595
475583
271539
751581
80116
434377
496644
26843
756919
989479
475818
276962
136411
714077
331469
741970
465476
928404
243386
126493
918235
564667
141143
795061
45091
455688
652161
989414
190810
971997
194500
923904
33671
770629
863734
842028
238374
312989
891248
477215
314606
118095
546090
365933
955644
798074
320562
139189
313885
322350
570377
635323
908541
73811
999962
232275
856999
785321
603416
777912
66103
616681
45235
833276
776932
907
353270
625626
282084
529761
239744
48231
873147
240928
676188
529959
868324
452223
968320
360188
468122
590200
748575
758777
685187
108012
476459
30485
172858
169891
54187
842683
745079
946993
82804
902271
87645
26356
46535
91114
951329
878905
40711
173814
467218
274430
177877
503893
610376
248594
615050
844075
808429
322009
864464
628445
877347
191212
227677
518593
893393
401117
648845
241205
748750
195544
797211
387467
393704
17380
205180
201634
26512
293641
206745
201232
896934
771404
907623
151291
314525
852758
252452
928199
851211
71283
573871
319913
749776
429749
962949
968987
467552
944697
576980
274920
55854
985601
635645
500839
215542
485569
433771
323396
174183
463093
31691
770681
882668
668079
295015
616861
477206
651567
853858
357907
117224
892842
413586
157987
771454
98093
815733
153573
441818
408795
228882
605145
139404
919954
54894
346388
857406
666028
674407
293845
415769
789601
628016
819702
604376
942154
802601
677758
725671
124096
777050
471059
904951
259811
721676
139852
30881
435895
605572
911909
912116
474280
669725
856972
543517
267502
608448
337048
342002
535307
262723
733401
183067
591794
641564
313994
759709
217986
558976
650019
349124
344751
360093
831819
465709
748738
490096
316139
207149
979958
281027
251230
71073
544900
576135
132868
644244
38457
457290
899062
101446
533762
590868
349524
349471
870090
730788
955897
424880
282746
874242
912080
982881
582367
393537
506496
387709
783722
597075
322627
322263
976720
318152
876820
788695
113938
991461
530631
885284
222679
980765
336498
199024
701492
348207
164233
978779
317966
512667
619272
885252
33367
830594
885321
703731
96884
112665
821365
996316
985151
69897
288087
147345
296936
267239
737932
772040
596086
608843
636439
910275
449324
713039
917841
536162
257094
819942
988669
918913
673634
403926
892858
850447
301756
435155
376977
245613
548370
353530
795246
963262
28390
309223
343724
291985
594402
771443
618505
111144
810389
258509
473209
71845
646108
477748
24598
139280
237148
828878
50036
276743
539499
477992
153811
90115
659854
717131
700205
77442
472797
712695
988656
317590
368707
762047
221318
496522
868770
184640
161679
600172
281235
471935
874992
771836
799754
848222
652805
170223
578520
186043
767474
123360
574731
86438
11351
519636
619312
936252
672866
568552
566393
1572
511358
861786
730873
7142
740392
705584
690635
210211
455459
346696
452051
315637
414786
727358
134300
642403
492898
147379
97889
751745
163962
531392
351847
626978
953547
124727
680199
702843
942513
728850
938634
122710
610012
375163
46765
870895
965848
115639
961539
139055
52167
156208
488122
785474
725681
67997
357877
906839
748018
53904
659353
652660
976210
489948
873828
10547
109490
401376
454199
692829
157409
258613
559348
207969
701646
607984
673986
439280
836376
232724
852589
75833
32705
688407
606571
307068
826370
940623
941818
968077
530680
911353
657508
978535
302460
86182
787940
307627
730960
503875
538723
405172
496436
303811
936091
793111
85337
808107
546141
583868
234413
740665
663533
280787
53653
937778
995467
476598
356345
814535
788365
842329
645048
822179
976039
118576
628157
48148
423629
995550
527849
653459
981871
383445
495984
135538
273059
672526
165120
423905
636833
933030
788507
477596
860455
499796
890117
518645
645629
424067
913561
294201
643283
745232
333111
26690
39750
126498
742360
521561
814529
999520
533762
542469
465600
963475
301142
273332
376624
757658
703943
692549
740851
742724
19109
222960
681087
959054
510487
594643
451430
802488
654632
763161
766256
992582
890104
879817
309412
307024
515667
273257
191718
850950
145502
31820
628794
583236
632109
761535
173222
230030
719666
149836
248950
826920
85969
978345
820633
733525
548815
841601
126185
883178
579240
986460
797128
517517
309247
875053
157478
667535
216048
95864
879326
25060
209089
942110
592192
586107
756664
791430
359402
534462
863046
959978
109007
354920
558817
222331
70745
878141
407215
440370
321131
891435
593438
413428
43455
745979
763024
555489
899183
721972
522676
704570
145039
428492
828720
523564
623223
520971
628794
443709
696926
346751
372358
487058
264417
675606
240602
11995
267940
900059
755901
103067
689807
931984
708109
602519
833082
88612
146480
21083
622755
94481
659427
704291
100124
164308
673198
634093
35394
550154
696
874841
890983
832484
124470
464441
409681
41287
464959
189243
129756
477315
597820
612912
123322
56685
499963
764728
320731
274586
358946
708556
691367
958971
291776
147048
907176
316176
587071
465363
96773
288778
315382
107404
309673
716802
713499
144211
608771
358479
544342
302993
720486
616647
796336
881124
800208
987414
805802
978123
425031
818228
778602
898347
76895
860166
863504
676092
70105
140755
633832
591443
336550
686561
474552
617164
959561
325163
625912
724435
263386
321922
496161
250640
484518
828798
553054
713645
119732
13918
97567
4612
572387
392963
442765
10538
750958
788806
376664
645779
515474
115761
378411
983712
344326
955489
419777
171276
564137
951414
926865
756462
427642
91892
632165
86315
909248
37305
61257
349628
286282
997787
574302
196056
702097
756317
290190
947966
489529
187406
996889
475361
370550
527039
732558
413743
803980
23583
39894
12288
898350
66037
493931
633816
21704
322040
393126
515737
722905
792206
880565
742472
842615
518688
516651
133433
594678
65878
272625
359130
800228
693812
167386
331354
369195
394960
490453
789748
183770
452783
989819
129756
964413
917116
925576
839108
391848
279588
399591
139595
140179
249936
101670
776131
337823
257536
809225
773597
814263
811713
528378
13683
132369
331659
515550
207346
536212
907129
910850
364643
628308
464677
770164
426708
750712
487839
898926
10919
122301
799690
878766
252726
708179
588948
748641
60450
976869
358416
692797
361783
621366
107058
261614
417853
758759
340518
751912
168862
81301
674061
505819
943087
990431
430357
201925
620892
152133
814003
587809
997621
938796
783104
791101
38991
265598
28014
905897
759896
855790
609189
233419
302651
434329
595454
298128
222316
38344
132826
943485
577424
375250
523872
326947
796620
515870
853651
743729
779241
440774
658060
209955
534945
216728
109784
816665
289225
953142
829296
180866
452250
178461
633553
21367
411549
195714
265208
444964
222835
154392
759676
132257
61438
815599
668999
39903
355760
733238
465650
73341
332398
61601
92221
634490
557664
966565
546728
8517
416792
755424
453168
211441
955292
640791
869097
70660
477138
999959
782196
297582
702407
880700
987038
491607
237339
160080
281109
980113
348557
545867
263560
191597
624351
814968
405402
922345
69605
201849
6338
371271
545264
675873
214146
738041
412369
698367
40449
981112
785996
913402
795399
498035
13339
856024
528021
278820
890139
331289
536159
415039
297879
881792
79079
78021
811312
429489
370167
639541
66022
137269
511611
557601
991813
992155
474104
73310
84334
34234
385709
686485
474945
55569
793477
473398
206500
690319
689333
161997
838835
172782
583992
885677
595972
611001
287333
516040
106389
554479
898921
488928
792277
703936
799271
6296
208267
13812
402025
103716
982119
910123
992449
145055
263587
585407
835968
945340
613078
259077
337298
121044
777557
578291
373621
656541
192454
602587
783700
502587
595522
110037
60100
714800
662438
960124
113370
198256
117879
18510
271014
368656
852847
299575
239825
969116
145384
719847
868238
697927
989860
313119
147264
559549
219831
703180
50216
408405
604882
951050
748361
147426
431916
507657
483611
924073
841230
335565
898471
354028
942460
206863
936325
958885
261307
257345
513776
29582
360835
788143
558211
338589
969859
727425
819731
408974
967628
999965
626024
392344
862875
891561
776856
353089
248902
842926
60866
98573
322369
320280
905316
732946
490637
672346
556314
655975
221183
103406
930228
97659
780137
736762
971570
448129
723623
32718
449054
705353
232583
303370
190278
761130
323862
335325
602133
337372
402243
860648
583118
507554
186611
856128
810532
922852
354720
135058
788728
792987
405294
974049
716911
814437
666060
735468
415919
305656
278723
102443
375223
380339
282015
321207
942104
107216
4150
126601
248020
1846
300057
408410
190738
778603
970647
238314
248826
182375
986921
494365
648179
388867
676669
89471
897526
762960
428066
233960
639759
740933
180748
736955
835376
720976
122629
76680
311474
14541
748913
436178
355945
241044
176636
695274
244450
581357
986786
752314
875580
773791
429466
210782
191776
69477
525664
806700
405598
417282
527709
54292
69605
405036
812470
304995
836767
396643
258094
240162
805031
816933
270329
360155
877672
836026
502942
38907
7507
757034
498759
755347
292860
897487
178792
604856
62162
615173
148042
68875
500665
644925
473395
999251
630854
423153
374644
733318
58390
801906
131471
608615
939979
370333
704514
655177
875876
517548
193844
417841
233464
511720
717499
107737
5839
2556
285384
240017
276957
360421
396400
509056
261340
537286
97239
947465
828805
14745
237563
619017
425002
352063
928922
794620
582707
580664
487554
129919
305203
580909
517427
865008
48550
317098
136690
368945
308041
895210
751213
484044
359254
834443
987014
950385
733531
891553
241406
529882
576950
12198
437887
271759
578991
643663
617349
63045
564786
461882
233962
820194
933863
121347
448206
509788
870448
227765
786400
957951
164286
543453
352139
990989
230864
123067
547327
207935
769994
471506
308314
194858
834478
379551
317299
166141
188153
567718
539523
410023
965340
851559
417905
591381
16790
755696
944441
617945
941802
258828
179320
176422
989762
261337
954134
459832
930272
955255
304400
574352
426941
370780
220320
469085
311168
146053
535372
520182
118620
738823
948809
887684
638086
271108
573193
720701
821906
611768
832872
829131
449193
925363
887662
450955
910441
40417
319874
764529
675097
125317
261164
254344
117383
318533
177861
541719
694081
725342
289662
251231
312876
975095
748553
40386
757572
829076
328743
423166
907952
287649
199311
202966
871297
260398
132792
601617
534087
293498
696579
295387
134800
25320
529992
966602
805182
858639
474236
11644
745412
714861
99324
894492
696445
995899
785528
70339
224552
334491
864703
612091
124612
333421
674082
553886
748996
896642
456456
845917
588144
843688
90446
351708
564248
94948
957848
363771
406772
634814
978041
23344
536605
146294
475835
644240
724258
719444
570059
310956
574216
2333
883908
832216
462306
578914
386838
790791
364552
822962
182739
763666
617271
64111
191510
516823
794693
316158
588624
881470
364415
65624
639536
49559
553633
85438
288046
710495
406641
778185
811829
684322
227192
787295
807787
427386
591582
787650
718110
127221
646497
942978
699980
480917
64114
73619
50511
764272
856684
207033
351651
143736
747249
412831
344533
62549
840419
330248
367179
282030
589436
601372
735210
597191
825163
276964
69351
717317
186764
58705
