70
5000
334702
616460
598050
53687
598824
880201
344307
854231
406189
62732
140256
795033
169158
346572
171039
50328
112349
803087
209656
876568
642627
353889
131992
297171
726622
337473
713045
827760
179693
539740
651775
201941
440058
138929
500319
495379
728347
546195
821071
973632
215524
966797
605302
573091
642732
426847
213022
897479
190330
503463
230131
351218
393805
193947
306586
971120
892229
843827
701995
260296
309809
801635
884941
377488
243062
230854
475501
737948
977496
574166
872154
909266
383464
968152
529216
533209
191435
914965
63680
569392
139618
740930
477672
539803
287515
641281
193812
909559
235092
8448
946272
601263
711335
814080
27720
643207
838038
397936
955679
703894
523668
277367
274601
683153
179246
799889
886485
52097
932436
670993
255386
338774
39496
65284
529900
71190
949602
978166
201307
330222
840765
836622
970121
613673
103554
668884
383238
700990
74255
139475
511626
380547
839299
822618
649166
261824
433960
821340
618375
436063
817086
435383
627967
167551
428256
953106
159186
327527
649173
215647
709251
252503
780470
204864
455673
308219
382967
496965
89817
198201
147
71956
554497
848873
165592
503202
738909
816036
163084
35933
149034
350645
607611
550572
371141
99117
231838
503438
818479
92691
739114
469087
708384
98423
891890
345017
115460
661223
397241
121335
127830
195259
264344
246741
815768
536075
162504
103475
329196
131137
264589
607800
824402
811401
109248
660692
205759
753061
428983
329309
325334
197340
176466
198235
48454
315154
793893
57759
325951
379123
492669
108174
48849
541193
58705
534523
347236
270318
607623
515250
452814
458971
92959
44114
950356
641182
112192
484050
740032
115114
900381
837860
322459
98632
577092
471862
875400
375404
811587
619349
878397
418595
511543
376044
38110
95207
501810
269291
201144
657365
722248
667907
654743
938678
912567
908877
819076
423161
366960
661834
62686
11330
687302
157253
903763
423835
637618
293141
450044
217608
168000
286975
458003
906041
242906
39672
182929
758105
80816
795527
179432
873796
128128
422857
705562
557141
423175
38926
465461
469404
975236
65121
216747
779375
81381
386790
115026
415896
575313
237019
286324
449516
537041
758977
240404
459899
257819
811860
492670
898787
148221
471157
295817
585919
849635
265385
243693
612925
583045
36666
699195
801549
977647
727163
171901
205814
836462
108265
38314
826562
98772
246445
154694
638746
797673
488382
216468
912300
616238
705380
804537
106952
764431
24663
143471
867019
881188
313670
833570
203506
536867
585139
997674
565264
357030
815739
128422
144154
884565
122420
783729
162400
167600
322351
339652
399446
280188
16732
667112
753681
56519
325709
859158
177357
242392
753491
589997
207594
545400
805060
632526
765048
841303
39839
158231
5863
75101
550918
188859
366177
755662
512041
999483
607283
28185
659908
860547
886054
213693
808382
366435
656620
572889
881970
647528
165558
521678
207435
541527
105699
154834
285065
375493
151826
213588
490016
294870
943128
335304
842751
41168
577677
730510
446510
387419
36161
940355
907472
881111
763020
534883
876168
320410
722627
377432
305080
640325
60743
211940
680613
190721
201207
529896
306294
353947
735493
192207
965916
45242
225510
68378
808971
878777
249251
853896
149477
253221
319757
16609
708280
565908
450829
447071
71070
913760
644634
799098
600451
608703
399235
982158
90308
79168
441132
500204
346482
392548
429525
836986
631861
736599
585430
742215
430861
881162
644199
942575
353268
898542
204187
497511
913888
707278
913389
438630
97828
526985
305011
567217
340598
941931
240367
102913
311563
94632
370629
33170
752799
238260
511494
112331
674321
696578
251946
557957
187242
414998
883485
355513
752894
178633
997872
590603
662123
250137
336176
953581
194558
947114
609428
97457
326902
942045
435855
367151
382304
700940
905990
927823
774433
430815
141596
604212
626770
457550
251944
192390
342981
861235
51208
693401
463142
418250
382415
581951
995965
521865
18714
5223
87376
346710
370688
547824
391270
746154
261543
98574
484326
749888
233332
619479
334045
167417
129946
273131
389534
236623
435988
155518
150211
548276
722669
907652
24338
878598
834556
191095
928700
490865
968494
56392
510911
122018
363003
877088
465066
676708
924411
120273
23745
878617
254673
680478
240310
34325
694469
508131
300887
211098
839856
79971
187720
376492
369424
756908
894821
746065
917372
616873
984585
181159
127473
744644
650989
201249
942602
869493
689832
154015
784782
360044
872852
70762
61603
235543
590289
765385
205921
314896
706915
684034
254402
625574
711159
614256
932213
123975
459395
541182
51729
310279
800267
468477
234599
325007
473343
728360
420528
867557
344321
102129
617317
637971
227781
770375
989038
171319
841810
965543
472562
739495
680741
849052
32973
413886
559668
705429
591008
778375
40848
16673
189697
52677
619939
810377
353619
637533
105305
700618
870961
216418
231580
400621
554500
417722
562167
708677
729269
293233
330396
763205
626427
942554
371329
59707
590805
447069
524260
477293
833748
450274
525552
639246
870096
113881
236792
194333
553275
145251
168927
530715
724434
769120
13146
927847
905391
125654
360142
250871
542460
629370
70675
943925
353026
476383
756378
345268
854559
138488
501547
647373
140438
833675
763206
946010
372224
748277
155243
405390
769121
529620
872758
562672
861974
168852
937890
388466
918505
270105
330862
874034
462023
426950
35036
12940
918857
826985
639254
653081
142190
762243
814892
345161
416874
417335
293240
968281
637271
868941
872419
806128
268682
872740
349376
479580
977793
741170
452566
994084
707384
971897
304251
328585
80090
99593
102299
706334
476949
995499
115416
17217
123782
612529
779
965429
723604
277656
329001
628125
157080
510743
962178
174551
330938
364359
235234
632435
828439
483310
337818
379087
669342
451625
418969
832720
975034
383542
581747
594559
72105
991708
733828
388285
278124
65591
762606
389285
558295
215651
388733
104189
957640
856965
958252
636055
463732
177393
718273
358922
495773
859707
111443
238792
197728
575325
631852
434076
522858
510082
407177
905667
571339
752493
29758
422244
234018
220681
742518
733036
564152
208717
380568
202954
706538
218443
327366
300484
999037
770134
671231
641524
725718
80142
22500
333603
691137
422346
199448
953409
997807
37856
840896
539006
712253
5075
399722
414023
287215
25370
689610
301280
726331
337289
785246
731994
144066
27166
790515
698930
546265
389675
89218
271942
960710
765851
312690
633716
986951
780770
579137
62801
507787
315845
880445
396739
76612
169667
831468
190140
769364
110687
249931
616851
994404
542667
711092
296897
89236
200626
283288
638196
888844
67426
514860
871187
578737
32853
35873
895247
542772
312219
73419
494946
153604
926373
175267
258664
181860
43376
779880
662486
10838
398027
701920
204059
974583
310663
79420
263697
122276
102395
297049
436768
804250
685041
480291
932336
499036
930545
661204
860552
591245
480679
573658
805192
153821
340531
195159
7551
79584
39885
708610
242986
188282
514003
895402
899722
949879
153713
329371
948769
587319
938860
728345
735048
229190
146891
354953
718960
674250
428322
169007
340915
944661
216124
948882
362774
644379
619044
810556
463198
457469
373904
65054
664715
315076
493419
70608
950197
970025
51518
24245
39618
591696
555962
690941
46850
348246
106596
112132
539047
563711
593949
610136
505188
354706
407565
534039
280352
313025
711084
673655
501591
764543
88813
404704
853198
116534
290183
848052
570801
818385
755552
75374
308554
874484
835609
901480
688928
158476
702000
50358
103530
780608
483478
994544
469038
38342
581838
361422
187195
937427
445694
44075
848191
938026
676246
628716
400390
466262
510938
163834
323920
630387
953997
481962
73613
671654
459388
896958
823
826668
7716
597061
711244
334736
124801
127005
573799
693430
379124
942489
875258
110933
892239
866301
58218
571714
506176
207334
605191
223591
989337
343111
541287
676370
784184
492238
821534
966825
173848
858533
459099
489852
816242
870868
805922
49139
212753
935555
162145
680486
214193
694749
305266
806604
158739
324369
752812
169610
267168
32882
436774
312045
648439
118974
466825
443123
368981
345980
578001
287684
652000
365246
532832
77374
332880
809798
104895
441518
897851
67205
330802
243226
865211
17151
452982
874170
944765
648330
42201
906504
864297
873076
744310
388205
621993
338564
960012
879834
537176
569177
152506
724472
78409
139632
15258
798263
2993
221633
583479
557507
835634
623560
147372
411605
535685
592289
97242
629990
917762
332556
655685
892030
163727
839441
356812
496874
663843
967421
436163
877323
567798
653834
966959
141323
428615
304988
965853
264619
351177
785704
769439
490744
813291
32879
589476
845533
491139
108200
350067
961681
170966
187580
258628
39792
358470
939691
847611
218536
914328
9996
850881
526154
765601
904369
177153
93312
668366
20073
324796
345694
18188
558623
252874
920209
87834
643807
268142
975540
201641
403193
193940
140225
145004
254718
25321
439972
566338
325095
254359
835819
823998
48534
921436
928154
413327
701876
57862
354588
901905
239929
941645
592595
646255
300617
277261
14224
366962
4604
840798
953310
411883
964854
793873
466873
794617
619637
915210
108060
500024
392874
430965
508600
467014
730814
457702
401280
620531
771445
615377
250337
891012
886832
825442
426384
125668
371212
611323
606459
436072
667816
888392
579041
749821
335749
620415
176573
284465
539654
590521
80477
114650
165334
936808
304594
142695
908968
864629
786944
549185
30874
914615
50773
366493
951155
939857
765975
591649
576331
469352
353045
526064
942090
769535
391487
942740
938696
158130
757970
766535
855508
619020
690091
582174
138512
427077
16573
170515
759865
237915
85278
986797
926085
731787
652603
416078
747621
88940
132012
749785
355818
745065
743459
680125
940484
102297
702141
892003
677925
712445
529915
882864
494852
899925
188618
243255
793085
613087
638846
104063
491157
631213
94750
361707
249820
758113
387928
599372
872555
347912
543381
598912
569549
326609
863591
508484
706746
641257
988319
806174
574270
220212
954684
669984
514937
662377
581629
114905
25727
403594
146712
105758
996191
498303
124995
589552
479745
292622
989807
48010
963689
617273
889684
868106
107608
659701
757863
360377
638097
265858
550505
872697
176249
452971
403929
705034
818776
366940
326794
630328
340860
870811
33295
191461
225404
274085
452370
878255
730650
518694
365124
351357
677314
238291
743534
851115
517295
424616
961767
883984
887853
11193
594014
922536
939769
544055
177687
333475
926852
179650
728371
65353
511894
430117
534887
733960
408464
32435
12239
200667
480778
524411
393307
590937
853530
731818
936231
987608
68662
395902
437225
101692
162673
981155
58564
600671
965473
293932
198137
458590
422306
669231
129533
713406
839347
557053
646373
287290
25597
446396
833981
20074
173876
70179
565049
323921
964246
565778
736771
325507
320529
579468
554483
160753
466945
951186
937565
947795
573911
28317
799811
445296
386261
273079
29867
67213
460213
521782
406924
88176
47914
145366
549218
970767
948222
714610
163233
937370
232922
45983
696133
795554
994212
368869
698824
828197
758147
369755
730861
684087
336446
620062
547386
134797
637442
888301
673667
494313
286914
144484
361312
492766
90425
505428
388032
275135
175947
7803
734807
598696
135177
784677
643955
719784
962195
528030
956524
79370
934872
467666
452602
838782
525753
63812
535457
457193
831116
329639
243271
821190
30205
182684
422310
606839
219598
869385
535836
279340
292862
10194
235679
93230
342216
743351
415887
812105
93570
742218
7396
816276
448422
798795
805254
885598
793134
279842
912124
122231
878680
232568
588604
796760
688137
706802
163424
269552
157262
69130
592698
111052
405885
75020
270334
225313
274042
820587
537118
765625
599958
930045
547507
908472
116241
921370
843350
34635
494336
823500
786447
424364
873738
470451
947301
144339
217100
140344
839764
681596
720797
377708
393309
455761
576491
792828
651639
590133
30084
661331
832803
397485
270897
91020
434845
167530
9852
477970
836078
350263
78675
470999
392415
675003
109893
984173
684680
329452
832425
124804
643014
517713
594270
410881
831307
938801
947180
781367
539022
425437
831497
847684
929252
896791
242424
110347
332455
160414
126412
834313
619602
960087
224779
678102
55023
650970
284909
93114
122407
595989
614980
696362
586425
199969
335861
909342
175046
273119
642084
604816
315080
317646
455342
409234
616611
81005
589711
870348
172628
603591
134757
345682
148230
802464
523276
366110
994627
284602
698471
833071
837959
103748
74368
319997
983664
975520
330695
790551
289618
332880
314359
22043
138664
504188
180438
100434
200421
304482
100059
417253
471400
465242
421417
953216
18957
785221
324346
646146
31520
788306
218071
546590
503724
752556
469059
137297
165234
802308
267384
859200
383029
509174
663945
913261
170994
62938
110630
677397
165613
826410
157374
467306
496807
680907
113023
440552
678508
64698
295737
805334
834440
471700
140384
696476
811354
820353
919600
588027
435904
6526
239851
107436
207666
155078
438590
470297
478251
665181
591490
359986
862081
379961
454173
321070
483670
93581
464073
249247
701863
703283
949421
231279
298241
705781
402535
448060
321300
124344
409579
310798
916896
264389
856517
124657
204172
665653
536058
196084
188949
666617
135245
613436
888227
651779
847773
862341
440504
909141
770155
111159
138817
479972
525882
696545
498191
867112
656143
794772
463007
545155
514264
286686
432853
290251
843945
875042
133320
98230
7841
455185
746038
310945
595755
475015
208664
479037
364128
801732
617425
605142
97482
919493
964736
530369
814340
483326
126260
429026
691261
99639
943935
590424
664155
909120
283555
914437
305020
290322
133930
172925
647703
997060
864722
820554
178753
873191
257316
54937
509388
939454
533477
126022
439754
998557
115686
688767
297903
384476
569462
712727
239444
147384
276536
805033
456344
264008
256655
351079
406177
262999
883253
519102
645248
546722
748523
50728
604019
171695
356427
139213
180035
836296
279417
80726
887566
997715
660472
659665
201951
93775
921113
654586
28601
96109
812173
704428
17139
688968
779868
339300
202813
716419
954479
981933
46336
237310
396615
449198
972004
189748
735440
956940
397099
922037
249104
873917
127034
602298
7994
825963
998264
890794
764959
749696
929551
455912
278532
70932
543312
288087
510414
990769
410099
780971
989274
207615
23803
208173
653033
710033
527672
316363
636856
102346
540838
528409
113646
94317
820147
64936
702447
952001
197918
296769
277774
462557
674491
418047
373023
773141
829203
529542
965802
477889
377384
596195
551099
543398
889622
12162
445270
249220
383508
780678
701831
451068
89370
843145
420376
581915
125021
488432
351964
490567
567222
476009
137513
461188
634464
792772
408739
13732
907040
864171
526450
526473
877183
964287
48277
543320
819251
221137
84880
178364
270556
918266
377345
273620
694250
788568
238353
588794
319899
798245
177798
882865
861346
641013
200884
671210
881315
297740
336531
453171
705819
910553
192236
134589
228573
269779
181230
559816
931895
742575
568157
812653
281331
109819
119466
324616
276345
370330
526813
135168
116114
597341
533422
233524
137607
137722
51892
186051
628776
324267
113973
827256
921512
242789
31004
95889
620710
963187
779592
973738
50247
465199
579073
578827
993598
166749
552773
486026
622189
819876
517441
138910
205605
743338
109595
723842
848074
116235
385196
644290
507090
152245
221515
55014
291372
195746
864644
330872
352509
376243
581736
157426
783429
583014
721214
973769
782240
36340
589399
98768
320745
403274
819583
896907
915641
226273
305551
785617
479117
914364
64224
652444
184069
708350
9178
193265
112265
625829
810666
538982
788806
904871
149458
396309
805782
150247
935642
406748
832126
757588
308004
201165
233361
409311
604701
634233
32689
186902
442768
464148
806773
797730
661268
1925
885094
125721
903014
430605
163108
434497
414161
11473
585510
947081
576261
491551
896455
500568
124983
953531
351057
890480
455734
820488
222199
866591
372445
831602
980893
341088
221695
411623
157968
672333
284272
775897
977756
213170
862638
871329
400138
184318
412267
376513
224570
751955
927608
745410
821592
445884
990159
33148
541182
867646
80957
648756
253414
408007
734890
757599
703690
835523
701190
162309
67482
632206
686098
629825
247961
965252
986505
399781
805397
754035
170537
951610
59521
229362
985825
123493
953137
804235
854616
287652
183665
259155
856919
976824
827329
386715
620181
731805
212209
459199
61214
507637
612437
453339
476639
423299
875814
235166
845840
10386
438261
862326
292222
576054
285772
642603
543476
182954
366819
989512
304837
283672
688828
767667
332153
685112
991388
457118
812690
273104
738022
583318
303930
286361
614997
214009
380682
281154
783957
990917
313273
217422
225087
57931
332319
833816
147888
440066
884261
671095
49284
364727
455564
80444
215476
638306
777302
349720
763722
602133
624724
47323
30076
370445
592525
247447
846381
555819
291272
252067
317884
85052
735927
315643
335494
676660
367872
448965
485823
944762
524648
844910
795432
519069
209310
687923
631789
121444
117986
947644
239903
44290
181392
879906
925385
603048
77965
637073
400241
628597
835085
917513
134253
106889
554942
279806
17310
990903
419156
728864
805326
757336
204914
761013
78498
668924
886642
229345
926588
731580
98129
451464
300655
298027
417018
646858
31007
259947
231597
496109
138613
611931
826636
477977
50749
901742
288002
842812
772572
730967
551440
50894
68913
425056
904118
81518
922118
866203
34426
353835
387635
495087
677207
408160
466127
333908
230597
112823
899412
33433
687073
57038
330894
202338
509754
25526
409984
48048
616695
592407
263572
713177
941288
774770
80060
406038
522727
883007
294185
232507
474027
837109
66791
994049
17705
858344
998291
400383
771046
131084
667962
176056
137182
334999
718224
905997
171530
809989
372234
354323
771474
664757
76312
323455
910863
394609
38914
456062
203643
497803
437278
516962
527480
13986
241131
431670
379449
403140
149902
375730
430545
372461
388006
91850
60118
720174
65230
551840
158002
789609
75054
961179
406982
554681
279422
271183
155706
83886
691225
637659
353573
841973
171834
261650
614422
784535
513749
977425
800381
480664
79828
359280
967673
867071
105516
420756
762303
378742
810140
126560
647843
593543
983362
430475
938503
940998
324122
904205
391453
800270
746899
202739
73882
841059
332112
159890
281721
1079
394168
682840
651496
371912
980346
825533
789587
525926
245792
351129
54412
171538
365775
607952
344148
801538
361113
759656
303369
112194
608831
506683
546859
77684
760966
384904
37068
211704
978676
185635
316436
526950
132903
546189
880110
867192
805395
403102
913043
573509
847830
745566
276657
799528
584314
276788
924215
53695
547910
644854
634432
956240
97409
190815
539289
116613
931332
875998
223665
439128
776379
719499
291484
28938
421176
827700
774468
629260
792563
765590
51756
862081
357474
821864
571746
983323
709425
641488
570945
91874
488031
87417
522016
67091
889461
124220
596507
659749
646370
918011
941243
594151
279672
93069
547461
474180
893821
415571
834908
347817
36975
696361
448019
678717
433752
352953
343571
902223
106633
553897
613
631182
737334
602036
442654
898993
975086
383894
30116
263991
661877
242721
416416
313352
219903
129837
221634
426171
46411
860716
100971
427185
407962
199836
797948
852318
346699
36437
61689
150952
382933
545410
154009
32295
984224
448172
456172
455693
458048
276658
653417
677919
478799
724821
21779
200545
798053
973616
98632
12497
373815
174917
748582
47113
419529
335730
339226
519
773905
932162
767878
955914
448170
164895
63822
451027
532145
397670
585920
158283
381632
638995
101854
262787
154117
72091
657609
293269
495806
593433
220875
691690
922963
585120
561408
305813
959951
550767
97890
880349
253948
938562
346736
876441
318491
471557
156475
657907
165309
525667
303821
149838
539265
54333
412342
420868
155883
7031
735796
983304
728540
412396
640830
142763
165172
116545
25133
187066
171393
766039
363016
976900
522210
435162
563754
896377
345212
398775
311954
982189
525016
988650
313031
844092
920536
344053
341670
583688
357076
387436
318537
518558
278294
194797
383958
502903
184558
295470
590241
60506
410674
478191
255039
261151
503573
29262
351080
804430
898338
952761
390792
827749
516374
923901
17186
910904
625624
165245
9185
305715
204438
302079
891965
958971
307005
89889
298758
244211
186004
935529
361489
489627
490870
67194
940220
571346
736554
788897
344414
546620
664801
667727
486352
247998
513035
303394
607379
374950
447830
980316
343965
303464
58820
654388
196419
230147
345959
352139
888580
431299
417340
592759
472239
285535
69474
117948
618610
745282
839861
161753
700289
481959
146635
379518
676959
256221
108683
810971
835724
314730
859109
715091
758155
116428
546993
139471
338831
532890
316456
250863
95938
970762
280249
300380
401841
155852
670217
46585
543702
245330
508490
962104
99075
963059
708470
353865
437929
162213
960873
321132
184643
191144
663705
657959
239266
746114
281203
807252
830933
981285
363154
656338
617652
790572
469854
259740
494218
599364
465919
609782
782876
246952
552253
429251
675546
885380
726838
700404
586145
480827
723771
852059
912043
547460
185607
694685
988756
949615
492060
986246
491337
47622
496636
397047
656143
240270
270337
876410
452205
493933
662297
784182
591288
572773
882082
419390
906233
979646
452318
75907
433596
513986
432979
54826
73976
600482
444226
620729
675798
413174
545537
211690
789792
235874
336055
613538
136135
94036
748404
752443
967697
930153
93739
77885
10205
606511
120525
119916
104212
171013
359042
738683
440750
86367
397510
693214
37662
39590
478366
920061
106523
194748
856950
128772
375436
463901
242777
46935
906576
905377
848076
89187
327527
705566
485447
564880
46080
19754
127313
446227
387039
263166
690679
343135
497130
176566
831272
790523
357521
298740
109360
588783
57497
915749
623631
883864
308867
354075
586806
742299
989725
62810
703453
948150
704228
966510
960260
998706
139476
609401
698180
928245
55887
878475
108240
150899
316198
447209
351438
603461
174278
36336
434252
876178
73729
803540
667168
909097
314680
618177
789729
202993
619235
33634
369147
922424
906173
706751
564659
583655
600270
817153
531576
828503
676758
50129
436258
982140
424723
637855
438346
812095
460720
924543
627332
70570
751050
548525
447165
743997
770527
867057
114926
508957
972565
439517
350458
280620
296229
282932
653930
825204
430818
425061
48514
651836
442090
455860
27136
452605
266472
726010
827696
118638
306882
457155
20783
817084
244646
881173
53754
283158
716652
547280
685234
787876
241448
222065
969454
423255
169808
754096
845565
103387
566340
416778
898551
468394
718078
656473
289278
114362
351319
81758
478742
447830
117298
321633
559070
382091
582090
29040
633259
577336
601940
237123
731520
232009
200464
705600
79851
811645
301426
917913
668286
678242
52327
433107
769833
144611
3206
721250
218929
300536
584084
841456
278543
72507
233204
273341
16103
384155
169833
828321
210851
380713
115849
651308
650476
918864
760833
717230
617797
241954
499711
942034
393796
32653
671872
171237
499757
805740
392630
727349
677548
841017
122452
725972
485743
987937
983162
802876
488030
667888
784056
362572
750136
513195
560641
939697
162507
242941
538670
120480
919695
591753
781867
339327
113184
679966
764738
436771
907927
755401
133634
129716
705604
645699
349195
692461
877705
466059
224057
593024
714197
480783
624171
641494
420412
289028
87471
211060
860592
85909
310348
922553
490399
911735
7531
538244
799848
727259
339746
15538
446074
626685
556126
70405
451084
413402
504301
481632
539059
538366
310502
801518
771875
309307
334325
741475
420996
276790
792903
383514
441008
565147
515022
246110
54791
473584
746545
731653
362352
387015
182676
132789
537580
506637
126911
493002
232536
371840
300589
416784
968063
658686
5556
747883
370201
599736
152971
215126
464165
772869
130237
260040
579742
135187
193321
358322
798108
613944
540723
353509
971210
826215
224779
986897
315712
775934
977112
261865
282237
175995
813696
680098
824386
647439
270807
778905
714125
589195
30433
250004
945969
893751
377477
799841
752399
267521
973201
178906
798451
698067
915876
252234
22797
447485
70332
648426
51465
340177
808093
21060
427662
190350
741082
357049
896592
12020
677635
152670
934867
988727
358187
579968
259325
479886
772948
876424
118037
287082
361145
296378
870046
199684
271480
237207
311754
409551
137627
995
816605
256269
81218
123521
616608
27646
968110
441722
227389
901490
17964
68508
24958
358336
117084
407359
180509
200143
740253
420835
150279
950609
211350
332469
533298
998672
971556
27632
807831
194209
508059
818592
999822
70517
906235
234498
831558
955149
633969
544840
138461
953742
536198
650105
372514
235946
702696
816180
12388
304318
231827
313236
208438
763451
532956
527343
689923
245883
993050
188985
772040
928949
421361
179015
123506
133580
664444
70637
331348
590145
792086
628104
635076
842377
73222
172631
800083
507386
653253
745156
317416
739743
841708
561537
561593
842026
893503
509454
744997
962121
62864
118998
281008
108945
897169
850233
702939
725271
494010
780645
314783
397534
217555
957597
906502
232426
119006
661276
686375
112051
54693
66258
727484
817845
291611
97549
352673
96484
62322
318899
852331
302397
417784
726892
770531
689144
100846
463836
765854
410906
895592
396174
362490
927590
809050
18092
689847
788595
777284
315562
174319
826073
848316
59587
572467
663045
849749
605468
244420
475372
446377
262596
286635
325405
183880
391069
889205
124782
802941
890324
734543
403736
716473
604171
333434
601119
457887
195481
598890
755881
285995
206951
363905
962929
750144
189947
971171
956883
639308
804369
325493
79559
249690
794021
291831
173547
215283
577358
953020
585784
517490
623492
353858
158935
255011
876866
588722
973132
805911
936454
930805
10960
384391
900342
74992
733309
687331
148957
224606
751907
167094
312082
633033
658296
745335
355577
703333
111019
101486
637603
579209
348505
799360
13841
792459
359193
808986
537686
604662
60274
274294
578202
986922
169580
137805
316154
242065
842563
846297
584397
188025
646200
552517
414018
713363
687107
434548
729189
915655
972451
117675
883264
986482
746901
220444
576478
561021
164579
762512
217515
331355
408403
432112
753463
256927
262849
223535
418201
166391
394567
41687
905776
494345
544024
747823
27845
504808
246060
736647
865868
656691
116757
408992
708554
56266
686577
21242
468176
570990
984824
633210
665125
136756
896885
315704
465602
568038
855058
190755
338358
145398
33164
925969
64554
723616
777093
491367
958655
356763
898104
631458
674451
689083
595335
117823
668451
445862
528944
343181
686090
657456
319646
206989
464296
914518
479260
473347
189982
810196
279460
116124
130805
763235
226517
970811
828830
874835
779268
382946
833620
18048
465897
832569
322013
122036
407226
646910
410032
44377
727574
234442
402929
726233
252311
51324
686872
162836
627914
960708
645359
462717
315579
168014
93882
74898
17961
190984
327024
881910
89176
528658
490664
16236
292358
782273
977103
944562
66741
898192
722198
866104
965479
236516
892968
266939
494888
665211
288985
874243
100677
127024
107930
729653
500826
246317
172456
615061
756233
672749
308038
817500
586119
373228
399455
202482
432400
824494
97357
940233
545467
229225
856951
417493
109992
195217
888852
522987
472277
40318
574031
363701
640336
770299
460803
960272
883655
400045
927909
71554
808571
942878
768513
239131
341331
134565
52765
556519
164877
715764
643578
790669
239311
803582
420024
468871
505052
652419
202201
92990
670498
858809
464222
358593
799855
664984
138957
743650
861956
320514
72276
496109
834946
527694
878343
706822
767937
942128
906502
738910
664640
601606
805498
789457
728182
207873
147518
685279
728263
462254
422170
640006
860242
455200
609962
576056
733223
844220
391389
255678
430294
743137
86361
48937
496098
901810
593404
861232
451669
446721
871870
387115
347629
592601
170354
97643
913524
881000
219179
341940
136301
569799
8635
515864
101034
545704
504023
13169
177403
385371
536854
698426
224961
212221
16472
796938
755424
279108
804143
247570
715852
225385
642467
408793
675041
435846
60589
791885
457190
424997
317079
326035
432450
168993
493319
137006
336068
851785
306237
883567
917416
405981
671784
232584
401546
577141
562085
967487
527204
341313
424981
992062
731333
587371
420953
65735
672209
598617
680877
762948
757743
835726
554910
449404
603795
423920
995049
671394
586216
462628
704818
624968
500825
227925
924894
911025
830652
661396
856141
756611
499419
966170
578743
546395
910817
481832
882210
413435
187422
7247
54461
188062
278327
875788
518556
444012
992877
211467
299665
869129
347720
913740
147555
399368
458207
350563
687022
457470
522439
222425
832855
682097
13078
834609
209961
4526
911442
735877
740433
566457
466875
603341
60978
163103
874034
965505
982310
503016
704197
859991
891731
803561
527256
669670
567205
946485
897585
372523
894573
456115
572831
719400
777430
915531
794376
429418
295359
68859
973774
74980
224442
412230
793310
929015
17313
731147
776469
983955
813839
206003
265678
566711
141634
713028
24780
621460
68555
74451
670081
43344
383087
320214
243513
294438
711582
64471
866854
415082
379725
270277
900680
623210
297906
135461
766776
838832
872732
505701
37522
686693
677484
594833
692093
65232
711219
587103
475673
885307
531754
366692
216451
575478
491720
368426
417671
866549
503172
811993
76451
413972
152487
741585
641908
952123
143180
739162
763392
429085
177976
217395
658015
754778
80336
590343
1862
593029
321979
111741
789617
635263
539477
50670
684525
855234
247180
310002
62463
407674
26011
153555
711924
600589
813729
900643
677126
616380
872605
533034
568616
736929
399688
638519
561263
987992
502927
903063
700125
900731
118188
911396
940618
744517
147744
410548
419121
352984
378383
44147
87188
201113
406008
678667
27853
12281
579023
588799
743027
819791
954360
553047
221221
656865
525154
463734
931382
776514
323646
23175
100725
430549
105179
731798
4695
813551
78688
198203
337347
128539
845157
57521
659130
765687
768430
155524
26530
678011
646660
766185
489709
855514
447538
817575
293418
594368
659545
470515
429224
782204
213296
515163
581762
732728
953628
337944
448716
137699
273320
169926
610969
954031
393889
332143
464166
344054
620561
389379
462566
143479
630742
113252
997482
323839
370013
161886
989228
336867
102784
766580
478713
185770
486906
228181
745466
534791
944387
901806
765021
28867
702733
719577
685093
982905
914649
818738
974090
376891
186422
834826
753549
552659
260439
476597
190237
156835
973648
909183
489695
661870
778669
218939
208798
372463
343919
327483
27983
434343
959204
523483
128255
494901
702818
924856
767451
634525
374303
322367
462492
672043
860528
351007
80717
354608
94172
613472
141946
355179
505116
21901
985527
195140
980082
68045
433098
987441
32931
692496
664438
826427
866707
372901
659620
403931
116475
304488
457776
959486
230985
633367
772622
559528
228180
874246
297560
501300
114425
969897
148917
15481
521240
671311
891175
456969
819301
625454
88944
109523
35627
783129
136610
454440
52387
350478
66178
359195
665005
119339
429528
253249
162921
939777
702998
708823
524917
684545
675619
623555
592195
855571
924098
37107
108181
287366
426212
256610
288728
221986
492102
696505
462682
774616
975880
130194
925610
917403
854860
255063
970379
57416
833479
85065
442132
1408
46887
382941
858727
524118
876449
410560
28300
717796
360918
799356
204201
896056
730977
111282
346848
141292
854656
599815
181445
578835
983388
659292
407098
477583
85046
380021
126826
273472
139184
738747
655198
121751
60214
969244
224255
375176
211719
353040
880681
615966
932
838263
793575
616872
931283
111454
581905
451089
134928
981537
606527
330382
354513
935658
491561
863792
48692
651799
857885
714393
698312
323450
323611
881547
772661
914362
312464
122460
227593
239062
721389
122118
71007
977418
655012
931418
122926
908810
515263
754389
281387
686315
25949
111947
285980
626913
307145
891840
5371
177443
968056
733782
327619
976171
681887
670176
759897
772313
694063
744212
126298
431735
761326
95007
191613
170968
628403
915923
952421
954265
966142
772988
645062
564681
917233
660816
421873
643365
766383
502596
393917
134844
667344
508667
130132
766961
191742
495065
20631
402015
634863
551414
766703
964951
837375
978351
687345
571716
723497
473814
601197
407728
957921
949065
884052
267615
537426
896416
716867
681497
583151
102848
582640
626374
190392
294477
107056
532337
697675
72572
536802
212591
513828
824646
247356
486425
701875
652472
84912
893172
492185
434087
686138
494130
267582
780929
520201
25233
568465
847231
752839
67426
946525
814135
612487
403044
452037
547534
367626
960463
933084
164171
36718
878188
644131
48262
519476
855265
290848
581183
631596
578443
79191
67979
759807
269572
33064
340392
987865
184132
200004
882418
439985
511331
207821
469487
446070
913596
317578
205956
318999
735342
987908
226827
957679
780476
795007
91260
902540
684948
843608
93832
550235
615917
987320
184004
210673
899145
938354
295362
818488
539546
456895
440892
589556
907137
511955
132586
176945
871281
40283
419827
101259
318322
806678
374079
611546
436994
731085
854635
956856
89877
968432
446230
445487
259901
750031
961432
599492
508390
5553
793939
284570
746296
742101
999713
550981
945055
958339
684973
875564
563815
248205
21534
67866
723200
582695
971437
484385
559073
190880
61655
964395
279241
977852
598510
668638
914401
573296
394827
108267
866558
931962
821022
793908
975490
9818
56294
491672
605858
967728
99195
264668
164674
65523
379977
733239
608508
117195
255063
353530
644671
628045
802053
348378
354452
849873
190101
513563
791036
499248
477023
810907
192566
66847
383720
128761
780829
637667
800846
421088
245997
302512
714586
31347
336614
946722
413176
92823
232585
656407
970306
924247
619007
777319
317240
799224
51993
778945
715276
920283
409970
604515
607642
474696
309105
900533
103861
984348
210667
961795
868061
824786
917285
38229
133580
99367
320183
900013
115567
795821
242187
209949
818
316526
140933
950530
153908
208443
657149
483680
477594
362512
744167
73180
609215
412389
403092
709520
770121
319572
515217
543758
746327
911905
728365
221237
218774
407339
863513
619817
727347
43246
872935
765362
599275
718642
957109
804467
846078
988756
248675
522564
130433
824559
239359
369839
903443
185255
716034
262980
748200
588818
99508
485849
331585
185219
571562
699618
161468
163507
22640
910376
320391
18510
434241
500329
92336
80152
725683
158925
30936
424186
728816
850048
643591
511277
510046
319984
556697
840386
160864
554469
834261
204235
300406
92664
40606
912041
277056
934577
650946
737203
384864
600193
575280
526976
238780
472792
121798
749650
84002
