70
5000
868388
740297
118943
700615
60520
274222
189
878504
774132
256725
646121
548562
725830
966421
846388
82364
613821
36210
113930
681490
436022
180651
830688
162637
133125
556656
586297
267389
694290
425393
53846
185832
358349
962322
992632
65165
94671
414779
741139
106177
179279
707659
779985
675835
950909
346796
652543
302507
620350
240833
326424
672964
982405
389692
385772
161435
748427
581581
225709
860263
328362
186485
305046
835432
437276
895225
727097
982501
829962
994353
998115
902669
635988
472575
932973
440831
27805
552413
122530
279973
174799
167696
328520
52347
144626
926777
319885
232622
304740
635274
817872
78175
559606
792598
815368
705606
34851
52992
341333
36084
584430
789717
73185
757937
575383
816118
480819
983427
479993
376814
451280
450960
602307
769250
354766
403675
110545
127462
898806
920426
143974
814444
619669
573640
267656
293655
175839
603558
183160
448622
250753
826333
20941
322476
38018
453967
209196
347507
637012
722731
751526
307681
546237
909775
957294
521467
113565
329927
166389
566663
520603
692019
246308
350710
714736
262919
888182
752701
254800
402477
178863
792900
389104
218693
932092
502391
231160
965068
181480
729019
427527
968218
976505
669755
536861
388421
156517
878240
255402
214243
642292
293663
70832
459821
196147
243372
844823
311744
849874
649164
363085
922813
315355
607176
814743
20751
392847
922237
713849
874124
91487
799313
843518
911733
842628
371072
387237
187608
873147
805012
778088
150293
383904
654963
754346
556093
184486
406866
963004
19990
460081
370823
556747
479291
116048
933437
510378
281184
859226
95041
7928
890036
21988
951545
815726
225823
127132
347187
66183
128042
868293
839131
365580
176062
204495
668807
916603
934341
109650
362157
806547
118189
301031
241972
819135
959371
170339
958375
438237
599516
151089
597574
406761
848422
102283
318775
268746
42941
614229
223194
853177
904097
410582
876602
951242
513285
993939
85662
890649
535594
877962
991872
158930
283114
911176
894997
635228
534737
470695
169355
468579
24998
348264
705297
404736
133639
494889
952527
513352
410162
783043
477495
5550
326944
387906
100019
58069
561227
193729
451326
382647
717969
737378
970191
98795
196017
140648
505199
608854
871537
803377
38828
530928
417250
505362
482598
248818
780284
416913
841350
333145
353699
524217
372431
790426
100875
539934
338572
134434
92343
896174
274217
752264
916508
196591
543902
519826
721829
308186
689158
890401
457296
287444
626190
56890
977781
861701
397192
706801
897895
199575
536991
794804
255411
398093
550181
845233
103557
513597
830857
634085
6058
342316
293412
511491
333617
755076
537266
990397
245482
934068
717277
745521
524688
287524
322549
809203
177859
869908
324413
826803
291501
186192
973407
719947
871815
986962
166591
255784
454196
875828
387052
287890
931595
691215
399923
522073
376114
956982
904270
14942
514725
790856
102458
836219
510230
122038
349414
289808
824559
203282
592007
462507
954419
766415
475144
527763
697794
919707
853791
511985
634683
112790
823099
439964
741756
475373
527897
25855
671940
837720
726710
569705
189114
595564
274015
642929
593479
530717
596516
664964
686686
549140
898475
822349
691483
379753
23968
608447
391049
343357
122634
377346
111230
873783
826937
157303
46561
327513
264476
439146
669964
759806
439535
654675
993612
954226
758545
664393
869253
519342
566387
818436
611699
446318
304621
751757
98187
910065
551338
165508
188416
616077
142980
858126
747361
914220
711211
952857
532447
171495
429566
751053
597421
59645
985660
440016
349440
980592
413332
209462
534966
931068
690776
758212
169810
326900
98640
522975
801061
729212
587243
974422
252106
414365
996496
217097
880904
734216
81683
118580
797658
873898
374276
914780
189770
632616
1825
977748
256697
683576
650347
64812
612860
362267
851926
798455
952609
151163
701721
423352
406799
860
451238
191913
7819
676162
725556
668711
126935
236384
679543
286397
549557
457848
765617
810187
490761
780052
810018
155090
785052
414367
745499
558367
916285
870368
595825
545938
784385
795796
479884
236746
745324
313320
767135
114288
543592
310992
887346
922652
328370
340871
401051
213607
749076
842915
508107
519438
875852
543572
145604
82239
521868
311225
138472
113092
420059
477150
230189
145353
71641
937238
596333
621515
887007
376306
552602
888287
386053
295067
969487
88669
297917
939729
425665
985511
666140
114560
249748
370137
564089
817660
658314
656399
308270
542298
236054
327309
227708
562154
967247
329103
130699
720980
737344
447022
904782
144846
17948
687340
272005
631543
147343
815324
158620
422995
325295
736817
333169
286948
508561
258849
499
851489
411576
756469
965349
193301
820521
800112
269826
855319
565722
176921
169851
991394
845960
281447
959452
105232
103336
454793
9996
15864
99061
822735
508467
929632
576360
208504
7670
111649
350790
643992
112477
110742
442131
483174
144790
18624
928804
130464
886739
966906
952210
876187
602446
693075
409098
67051
999084
693773
627074
981738
690047
46129
580550
218281
118182
202893
922160
143601
418448
863372
140598
400884
436701
45040
350686
448085
849509
124718
787660
628689
527825
293
858108
479496
727079
898109
523530
881324
428772
655576
721390
68165
434306
524088
960070
206302
34841
366765
490892
812752
53602
720633
4967
829800
152726
149954
567325
369719
13301
229490
219621
685303
727586
218415
435930
211989
575211
102962
129740
852896
845415
536134
781169
149516
175736
784799
159929
900898
153264
430741
541951
215176
748496
123451
173851
9832
85228
934624
484436
489600
652394
174114
203059
950342
289577
276713
407539
874038
158590
889671
57364
679673
710169
367658
347342
810355
846918
280444
525091
277994
742288
977304
320717
344014
897280
144232
199063
338473
900355
798431
362504
328100
174121
690704
353977
973811
910602
862569
191752
146526
982211
150992
624037
818093
602270
200793
888778
377904
498767
480225
33479
132392
922459
126794
959867
774229
768148
384723
433951
933341
917887
682450
103420
842006
871958
324305
398397
820144
659944
646531
433055
605954
826270
450913
692996
274607
475930
798374
518823
886325
156408
122531
949546
592338
614966
972415
619980
798547
89328
435215
908150
56122
633860
80910
763956
405515
766996
512633
377153
111091
604521
574602
804026
125782
375412
79950
636917
519219
851441
141861
741163
702646
277925
332246
917648
802587
860230
423437
225732
206074
255161
278066
110305
627571
728181
638118
969461
127542
930119
49052
96010
42607
518000
759762
914528
954893
502505
762155
858620
66670
172871
67115
483161
327209
81080
24910
367869
485111
673133
34885
696103
354238
188434
318862
420580
732028
913528
712943
485953
541516
19796
23438
439003
248408
605025
8880
109074
633244
144992
377036
218012
630610
550912
229195
191222
502912
21976
725087
910708
831834
366032
147325
548154
785300
953632
812856
614659
984073
269232
241339
855966
115137
784223
728035
796282
768354
440224
818039
920022
199094
574142
78469
917786
10837
992448
843674
795396
498991
527207
540765
76923
660536
695828
594888
864000
489008
346566
402692
17538
564558
769282
115489
29264
616264
360843
8495
2345
249026
791505
937852
343535
749777
838630
265001
909818
971754
858667
528043
605193
121835
943369
715484
562580
968198
125979
239739
49597
487814
463849
698566
663396
249599
426128
115699
57305
429591
474813
514502
323373
347242
174488
538001
320417
548766
215485
979854
211264
886597
31909
501394
689097
998440
772771
303791
204804
198454
363531
9385
636597
355657
601581
740754
105262
847313
628607
685957
495167
984159
951192
108155
856841
300368
454745
778253
876209
264276
188198
162310
741360
405594
376466
498660
152582
5146
610137
326316
528142
455550
76486
244071
228845
608366
584821
184444
779812
692919
513907
66027
605574
844247
93377
943012
790915
150503
435896
207618
760482
721445
497606
394215
100621
824477
6230
879604
867142
969012
234702
146277
603384
916049
271730
645128
655464
125736
138854
785176
571018
198756
664464
169082
917552
845681
989724
249939
618269
815331
626329
922820
549176
106182
138176
432451
739932
58691
715477
550487
614156
612587
599526
292911
862532
637987
918705
435296
39658
281709
978659
122938
732708
815503
191738
44805
554499
797409
522891
989853
569436
132984
540832
940455
180728
748011
655993
203823
784609
252542
798259
564128
679773
189555
878087
473631
226231
116841
782697
218116
721272
237038
489232
175925
689845
81001
144917
55329
884162
941085
954549
886230
935172
818971
566385
73728
667812
67143
130517
134975
117536
994052
965525
499939
930043
331071
891730
98503
801813
787989
889404
467527
644117
391010
222226
34847
715074
629351
535430
440417
487089
296023
631036
553427
961177
429822
428272
924771
46658
806222
523446
977415
51868
230152
265309
555061
657196
164740
143469
993468
312033
694237
813584
200190
949893
446587
434381
15946
804111
705854
908399
242650
963349
278531
748036
37478
279006
173399
769409
832482
149142
40758
842179
418523
975387
689470
2544
382761
651444
127925
232636
527762
996321
34419
500872
859772
651341
281774
311460
430924
73568
256672
177077
170911
475953
788375
334322
740131
843929
242265
650120
452308
30690
605041
55902
736719
388191
103578
112883
707348
880405
20999
745058
962781
504343
105997
979080
867605
446575
754542
913852
820983
357624
877187
487869
725764
165257
20549
647338
918880
441676
575480
873706
291530
704620
35124
309931
111798
912044
903121
732360
620937
361365
722222
785732
895024
484104
416158
86323
352606
678065
412080
840376
651552
745372
400474
733865
263134
398177
776897
984079
21168
153083
45352
585289
974618
114039
672562
441744
110246
405640
646997
475796
173085
804663
757022
758086
626145
293175
285018
572271
998506
851031
715368
352125
601947
382416
24345
360606
901632
175806
437633
674885
176359
453036
105309
310922
849624
795720
121696
344302
858417
338933
991836
139964
125923
319103
430794
302090
339651
51626
35574
732575
168461
845539
939146
378031
413820
696792
202420
558721
786431
121123
465399
688753
325656
750945
830027
139154
775574
945057
933106
983915
743533
273401
910873
984674
583919
404850
881510
158839
655657
909283
322916
449127
146972
204379
750729
111281
105623
340088
884448
297844
164078
461588
118295
323447
222361
467423
998439
440963
479851
976776
156955
912555
384300
313941
936768
824172
207382
590099
114088
965039
377833
79847
919386
632683
77419
565570
496921
323943
393023
650995
938895
910941
42785
75478
113687
474426
939260
199658
536292
248514
383976
166593
638865
369297
162051
921424
104773
88892
235179
740774
19970
202902
880021
442170
638987
783887
533261
203357
71664
690678
991690
252302
826679
872734
852973
762028
566377
668447
795414
873926
419830
41460
966691
657806
54853
359874
472454
762285
952540
756024
352834
46704
862121
818321
390722
712159
848555
760438
399318
746542
40832
510529
60619
203021
620683
95837
340453
215578
361217
865289
822779
372342
520785
839227
373424
614261
303278
841697
54089
565935
769338
446658
559152
295284
745232
707012
531716
992540
921966
728070
706843
907195
249661
921453
495125
833012
661951
35453
74334
517861
767380
351197
5055
342976
461545
119101
301409
221881
733950
468755
972192
404763
320145
489856
9032
141750
67692
868946
401711
762419
510024
415778
909487
452104
916253
414814
974846
936518
528967
311777
442283
268879
3414
236926
801654
386086
280818
105692
647565
836575
923561
245755
293727
851125
368215
957077
469279
314106
893361
718175
685207
146601
40814
391342
564006
700951
495122
358967
279640
909832
807128
493807
456736
105118
527611
982097
665908
358316
658529
206334
144581
13417
98981
454718
450330
302209
156159
794340
554376
232901
403218
773520
371792
271873
617490
739215
917
234542
477776
404573
876856
666110
491428
15306
983058
19861
893622
654969
593677
602072
82025
628549
981791
551389
8740
876351
514597
51074
685501
375699
706072
500249
685060
439241
147822
288577
728298
242343
301775
678800
806733
317235
809202
298092
803809
317589
262292
940025
684220
767579
51733
907308
826237
365463
577775
648319
827930
800227
974931
41917
503814
121733
338466
548989
152123
166573
718660
126315
739561
966363
848169
84353
866811
757277
755866
295958
643714
510006
823163
268621
10304
68315
805727
751342
71379
977751
403144
875153
158461
329742
841978
887862
675852
637470
857722
448498
783402
188897
319656
300484
749955
831375
693686
996358
671630
905089
41412
898623
289787
740880
303130
520213
767928
720540
487681
754720
252831
743528
242494
325849
513663
475875
606444
474865
876741
366274
847285
321598
960198
605064
321196
387536
195052
135143
893130
54498
823612
615360
687108
934764
996416
151559
593285
405653
747989
307842
670605
94982
64915
88432
670054
102938
865556
94790
724734
573425
152803
697748
447846
630692
189763
650823
793574
198227
878553
482119
269178
381337
407543
900545
475438
379041
677893
24575
343249
238738
536654
127218
395225
456614
245924
899986
382739
429656
225521
32476
341508
225724
673628
657018
549985
976872
392468
220289
813096
135952
172028
696596
136282
370032
821171
328741
89749
398050
454719
96668
338961
79567
497365
537808
236535
455234
886215
540402
845017
679512
771274
662281
23698
853140
348003
597079
246971
670159
43374
542811
826119
56844
706763
207088
880252
293098
23014
979731
136271
562418
901984
869697
756826
232528
249247
368639
142588
761503
164719
488947
693069
967005
941843
80432
345916
622846
332972
407119
871304
943516
426373
757048
878231
994827
266809
382144
495094
408651
102721
86509
888430
581335
643550
733588
323455
30042
841567
29091
976636
19393
510416
290299
450754
139435
242367
825269
905558
854909
857708
109446
36699
454355
226380
542333
326508
872081
494266
722921
589980
240535
432187
365783
848135
235923
968428
636216
188245
421872
6346
645666
249739
496876
224926
943149
586637
944327
820675
90942
672948
466455
554965
234016
133000
266296
234104
614541
737050
394593
992002
621645
288065
486739
8390
1270
29359
253290
119998
852753
897775
13718
427156
868765
138493
145443
530061
78445
366465
950771
400851
46572
803882
743758
976541
967105
793827
249232
905213
311949
134773
743809
689541
558609
13689
36290
991447
799597
509624
928482
796744
498179
984929
584336
798641
673082
562406
228523
141906
898015
915891
679094
890466
166245
787211
733159
263479
397709
431617
508702
483022
78305
667409
675379
508280
668826
302233
98088
819938
548065
801911
170749
489343
106547
143488
862627
255060
958813
644505
456840
622687
935
725814
615249
926565
115405
87533
927206
869463
316072
614582
553702
491936
101292
40001
512124
937038
812618
949300
987273
37786
446902
43520
879489
545621
888003
50143
168786
589553
48361
715244
241726
840938
519337
367966
302730
578959
131719
508450
602318
504369
430070
707285
140973
859815
619282
330907
125855
292474
663047
117151
474474
312884
390543
711015
613680
392000
568920
321042
250017
424190
467523
183281
324560
274854
658313
555008
286499
345110
93176
181760
451685
647353
715483
640562
857718
862038
63352
996529
682594
955250
584691
943980
890702
69155
159888
962816
107342
260787
426134
533998
594772
621677
720271
982270
589572
293127
316331
959919
814307
596651
433476
728153
353325
181988
216828
977761
282693
596386
383938
970137
925703
258345
143732
881522
598905
343068
45342
958814
209313
812322
936993
901574
876144
131507
668143
335461
285468
926145
920435
896256
677451
572229
810061
527490
917035
280804
269499
790199
402078
508542
598291
851301
287827
318420
376685
248067
933744
122771
511645
127767
87275
426497
590813
9839
873784
659523
615818
96315
332317
934792
145733
274053
939745
854678
586746
160591
199202
215663
499517
116360
250886
252191
169744
542250
409930
133797
272193
378995
442614
173308
482800
91581
790705
840069
767087
757052
524977
641106
968578
955988
200778
533137
398725
769429
322280
976275
101677
960596
196504
515640
466598
361127
612928
599737
411548
720124
103599
494674
880662
541782
464079
180938
414076
471974
110775
904288
873209
841666
68701
135892
367035
743172
229417
826959
733975
531458
345572
475631
782602
317605
925711
534387
699291
729704
560784
432896
336988
625327
171399
741710
153295
513921
720128
801778
984100
321316
929985
753736
483552
868500
573570
575164
139034
9055
998012
422517
920160
939232
291034
115359
982070
929366
478604
914068
438846
601568
54331
907815
115827
136727
186839
853196
56143
212744
115019
742119
410509
50316
705234
128175
770761
618694
271331
201855
679747
704633
302472
751161
553922
249027
789005
453271
110869
452410
434067
909712
127988
906402
281156
445347
362566
293768
132384
766146
766396
700733
515254
63198
32858
300018
22383
491147
872982
839725
208837
624849
599897
757606
54929
80526
741346
167744
258817
123403
138570
66535
343400
61081
673826
538178
219055
477607
998328
523669
931689
607716
176377
759095
350597
583051
970032
990506
218844
850640
651436
297308
738282
484133
769472
610809
785434
692521
958052
22123
557178
19630
875961
374319
670926
306725
37418
673109
744192
725352
559022
799188
454325
193252
996138
607879
647162
600929
495858
732168
659421
990960
834864
798312
195096
615792
260381
241992
617897
296956
797037
821527
864125
672756
912008
246696
62538
445543
466674
191150
157564
427866
979019
599575
832967
401976
712818
874243
848859
489877
70981
831904
47478
177760
488900
893796
577619
425957
570132
694181
880320
128317
927839
276248
359053
464787
561624
552612
880224
942419
637660
1378
126310
136368
919220
703988
285796
302930
468727
223615
587243
324443
609293
890822
356650
470485
35854
683876
898077
862714
228104
858470
58468
696415
139680
767874
68910
69373
467983
834744
835604
244893
890190
307396
43330
361824
505229
722685
734992
125864
57820
624526
272431
827495
237101
218894
863294
926210
468592
819069
306428
884385
330014
996317
514648
769237
399698
20458
571877
278503
535761
738488
856745
313081
888170
587305
932564
269915
28153
755015
446798
498733
161029
858116
599721
188652
999433
520971
734070
927259
565776
923586
728883
591182
291449
997919
484514
591446
446106
240100
324149
506308
100673
1464
864677
111580
988694
252068
92705
812184
800796
458150
402276
693653
699990
177653
393631
463454
411910
432467
714262
949268
497425
378632
599431
565814
627710
765632
838980
138835
690781
275459
325858
195465
44420
778060
423434
543544
257909
83849
384684
937033
198491
857070
885844
910549
44083
565558
367637
713331
476104
613816
985697
740449
784662
945890
7930
66765
887312
366164
705923
804673
780669
991963
57264
900714
80509
295560
914269
150531
973610
450861
290298
73379
535194
663411
510179
85599
721408
820315
672269
144541
154930
407183
445532
268342
100741
849124
653778
44999
677204
373231
209827
23893
730272
470721
525156
176858
821969
525184
812321
738160
709211
138659
65549
275929
91516
655689
171476
966313
15777
757239
940685
635088
180712
986540
285451
881544
622465
81507
85331
144151
357997
462629
169319
812801
196585
970184
226689
405518
216164
119303
611356
898355
773611
605119
632427
741216
363557
313668
441069
482469
616698
944798
57176
162498
355984
4579
24434
173513
575725
687410
261247
360626
151040
66953
429013
312059
645243
261572
190731
132026
310553
363571
79888
457409
297853
302806
598103
919852
659899
219768
723888
900041
671727
430885
4914
201317
703307
314760
96661
741231
815087
368038
463004
719883
660785
995313
632879
212470
371708
177994
969351
955537
91220
526038
165378
657100
841207
359612
561622
868720
755871
878136
565858
918152
179237
775711
338528
923373
140543
706543
736375
64173
179242
930706
365805
194392
194531
498224
17466
700390
250126
602733
674103
576456
463034
410502
131701
876106
415100
908547
515307
362913
445048
915226
982855
934551
561534
591008
735909
465872
972432
552236
188957
696375
396866
676426
173239
539658
399354
264793
810170
187840
435351
573122
413410
619091
655406
601173
475503
149869
542832
259457
984602
247603
762471
403696
232931
254120
996639
549373
756613
420480
325857
695955
284363
742338
121179
565731
844924
404632
441691
381441
163698
758454
825338
856284
840137
775141
286037
297112
395954
99947
482423
203530
746279
451545
843475
313103
897529
14961
250540
638281
195845
939313
81303
639736
787717
64256
194776
806448
191682
876532
758826
804668
433959
718270
829531
705872
616626
271475
850259
870691
690563
145463
707253
643377
448599
789576
715869
534859
856910
541156
46090
113177
514216
61912
100821
357294
694030
158631
912351
252422
874381
849107
934794
213599
772125
444107
479390
57968
957215
560624
835659
499466
138982
352965
131598
937674
195373
910388
629612
903160
352550
896759
219803
597120
928498
77353
984896
666571
332780
476778
62739
805944
41375
145448
246303
892924
511064
787729
426662
358931
55511
302866
425826
456673
410975
823114
208421
924202
417517
615056
221730
953706
165765
317405
29764
814099
676263
819928
707580
993
704033
800253
550616
918555
967742
660456
751311
61032
186076
875716
120281
316042
654555
185483
567739
56892
815217
748472
575840
304612
937435
673681
898595
96629
981422
6666
735082
181477
745292
221976
584300
353989
337010
92884
117650
808130
365805
225159
465851
65014
127980
850648
550874
443628
436337
484559
308155
293039
88610
655301
804771
158541
706428
110890
988052
592621
449639
130163
195631
290826
456740
414750
895924
105867
380194
276899
257765
708929
50288
359865
697994
733436
428877
557057
10381
368458
619612
947603
493637
30413
706292
185636
982672
754040
669523
538513
978072
328806
269042
788874
488633
378711
414963
249950
100217
991239
501303
714590
264565
223469
438284
879985
19101
883405
94723
234100
968342
414266
828000
418699
674174
924780
3243
579721
980236
101817
434148
826296
172436
397812
615187
608453
865642
685855
343805
140363
314015
948813
247731
966906
374759
354521
305732
841635
745051
181628
185042
989476
61401
625423
682754
300843
370441
479262
980109
764136
684987
191333
820
885203
14700
221866
557840
340439
242728
224502
773191
837530
931849
144433
667803
224874
625501
155289
411420
856261
87461
578015
910526
443588
101370
389854
214853
728102
61003
629049
306140
558517
590785
552463
297670
272407
18499
702109
208940
726644
63765
114033
128532
757438
319067
425543
745330
214177
775036
412546
377497
261385
912994
478792
332234
89547
647453
566522
354605
673073
598567
210191
104477
37029
230338
499020
776990
6968
144126
978338
22954
48400
213271
579492
154088
432556
353978
818083
291198
994581
871848
464295
502909
562276
623604
172045
116795
790698
211494
761208
953151
666047
215362
309045
352788
8426
800098
116079
266560
527338
265088
763019
729807
200607
302352
681889
771848
708120
462730
3864
1089
428730
566981
762973
120782
795145
514047
443712
180629
543062
576441
8747
685245
384069
572031
979455
131653
650874
948294
510924
562865
506720
401069
318445
420190
901589
422438
711423
758007
581110
503214
938492
617408
29442
362296
893303
117648
324781
28328
380598
70044
408004
486202
152615
549357
596983
362947
938689
455604
683592
566032
807800
50164
810255
688043
942748
812509
427751
370236
214351
240505
136313
625355
318945
577471
410978
249059
237578
963909
236676
231762
363843
164947
546278
193998
212737
412563
721737
932338
16655
886500
340424
610725
824519
708621
81130
565723
549996
188558
385928
340469
813607
792147
772245
947716
257116
380354
151503
733419
840873
742643
392513
763746
380219
69375
134898
865751
770764
858417
864494
446831
231037
925786
782126
383530
107339
82881
344614
251236
889969
380022
625004
991735
15898
566791
909696
824958
803010
505420
710460
703157
825576
402205
14745
104252
909426
440100
803611
162106
958045
243149
503707
627870
935838
960154
310575
322753
516890
156050
979383
848359
829311
554521
119815
45541
361597
129243
55532
349852
641189
820578
887965
779427
358684
810952
967232
673859
96507
838534
339733
388059
42823
87530
530179
40548
759368
149607
87101
414799
786824
733191
706769
292043
625193
536123
59725
807522
757347
426323
865486
478851
636890
771144
240998
993434
946392
682935
532265
894683
565676
249641
76116
206751
907550
160717
542555
876901
33869
221767
5582
990265
633512
148449
78119
477554
423877
859999
393138
607380
824417
739057
13145
777750
137141
993026
427147
333631
536177
305710
850953
404970
617367
395216
998413
371816
772599
285304
950743
361028
949187
372092
331285
72161
191310
547110
398318
545024
300838
459659
929515
259102
593290
488635
574274
503482
23434
608404
315841
232308
560634
491953
958100
365393
837778
295936
470066
187419
842789
932465
367466
66918
427004
488587
232838
305517
678735
876825
663769
126618
780511
924801
126250
890852
795762
958068
700989
691539
519404
109249
732794
890015
305159
431301
865981
951734
738799
758589
742009
372381
69501
571004
775049
988910
424781
449719
629013
308287
324798
199038
420189
3811
610181
104325
851301
827850
307054
253153
876669
416004
397233
243470
586412
539362
119277
864108
824377
324797
359492
399499
629141
135632
868306
224731
980328
910400
640138
295878
608502
119997
944495
898905
667566
309056
980780
116445
699855
812212
447058
793604
395319
382257
193772
136063
692810
128419
598975
475565
629499
303049
734435
174893
775290
204826
632056
849172
328442
557890
193991
957690
517342
522633
388919
444335
168575
719317
903721
769355
933916
726726
588208
108899
872607
528767
537968
896536
335624
714565
932818
160777
43769
610623
938081
545576
862940
66269
905156
851178
802868
569621
1560
890584
553919
106441
644521
494467
287813
514117
100046
905365
8641
851812
949534
968066
177576
347090
422610
330524
622554
957803
866233
641030
780836
278978
995986
17728
633456
641663
516809
911522
286218
733216
834705
168100
678799
109856
676186
426457
234484
370740
627376
90172
590768
364786
17456
428643
199816
374477
5607
301200
93045
422651
313224
271143
732275
525815
372042
350713
564648
692514
22620
113918
690927
586949
424966
128610
966721
906225
50269
407926
384960
795015
888354
291015
196511
535828
152761
317708
553648
404692
970049
580409
57291
201496
4500
779760
530584
402114
675420
173719
809786
628652
712720
729860
348824
675560
388746
382677
789769
493602
268743
789597
976092
387362
860538
350905
837889
682606
504205
919488
764950
740620
897461
964056
702738
59109
299376
749798
517384
465477
205150
785757
114073
44415
804345
277176
172473
784174
578739
857474
377308
984150
850603
978194
878396
260776
387659
33493
902986
723492
748544
709507
264174
295897
618071
713716
513661
349576
132209
417355
80631
25383
550883
815440
286905
273409
37420
881564
140805
794042
773843
718189
337900
580273
189789
727642
674582
261374
496104
249568
332078
38490
78696
877082
345644
672926
123323
425999
262016
839908
24490
825254
168088
610954
900478
515060
971726
958357
421885
781046
589233
967345
926144
457306
943535
99414
545906
492279
465116
857223
870887
370526
191201
863349
207638
214472
31171
122624
37173
130030
56655
51357
231471
196920
431456
396178
796229
528909
455308
319390
518846
682441
660529
919223
1100
148301
859479
469227
909565
936751
848322
829736
905882
403346
443479
187607
620448
892497
932648
898786
453400
812693
832990
762135
568917
246663
964994
880356
238154
779550
356392
404738
709957
809817
240056
986159
152780
481673
832666
385875
549587
671430
660222
600644
233686
474562
666949
473253
620057
668218
790031
108649
560634
753736
835618
609589
210863
193942
93043
75044
301346
246573
837397
425380
98726
706859
953659
797949
747028
514451
15019
164722
238599
791678
19714
910592
993264
888304
35550
910019
326806
815558
720875
474424
953517
739595
188557
984605
265618
615913
784743
299061
747553
445052
179142
719272
465460
796610
198958
213318
915896
554863
990590
532140
840365
831965
839170
649663
93562
395233
566741
654806
53482
651513
112561
394804
796999
21665
876693
763826
290065
134788
150353
192572
569051
214736
813233
250482
690627
244194
722948
524526
345548
891297
437640
27941
26458
170982
934707
359654
51401
35545
795808
862464
699561
170839
160661
564609
291226
218703
298477
79384
163969
427116
630183
692060
944996
274348
848265
705189
813608
864336
683954
927512
79076
623724
781947
218113
321953
949726
503753
215321
988849
323675
135027
896934
4584
825381
631754
959809
695228
29081
295241
344691
771765
453412
134298
708025
744528
635670
20995
606247
625270
593487
841643
326441
683604
790357
681293
230756
829526
309768
71480
899387
106757
712748
757632
268333
271675
928230
625221
282587
978239
272706
719069
670567
109761
107825
907553
861689
442355
619216
526865
122715
281473
424995
165989
469188
719727
662176
435761
422450
217166
177192
33459
989232
317787
727761
486780
234039
982900
620766
272057
190001
866296
775504
444574
831768
749882
669909
410798
375357
933920
860511
373609
283493
515806
261712
156050
221006
836875
299985
294619
982287
933341
850370
503663
400861
486406
280395
856476
642090
884778
111697
301852
662567
934715
583557
951934
362219
565299
414806
862006
505452
442925
950663
163261
500393
873249
911515
963238
398058
7482
730284
9151
633631
685782
198810
791392
213734
115801
940001
210195
889512
383854
831812
481375
574690
324764
85222
870195
815106
557888
803511
826284
678247
779373
387659
266435
397195
961308
451206
289814
542909
288977
998132
478289
240838
664077
567733
216249
552878
870698
196885
775253
253783
125014
893434
84857
888646
859054
881143
59120
668034
784054
184381
949445
135573
591859
841840
6766
948143
885606
700632
124566
390698
18917
806126
91142
997353
927767
908182
552047
884569
350859
1901
487446
659353
650933
563703
621404
17718
232071
562235
167657
294927
800616
525675
256821
701464
617556
666683
237618
504185
572112
65170
188314
793622
825352
899550
998800
649578
185415
514754
776053
369292
249553
781995
176970
497172
342368
911744
175869
910999
181178
300983
698258
713805
437995
888261
595631
738644
279268
207405
379908
128653
757488
4794
249301
172581
972239
201160
893733
687662
608369
537916
898113
628267
926224
411923
20966
748459
955946
51416
941455
274636
798170
801647
162271
819553
995346
184079
93544
160558
378295
903949
466646
173520
996889
420563
632060
557945
879822
626735
973176
23001
617258
587592
291332
50905
618844
949355
840988
677825
377384
74307
300360
932986
141437
63783
61317
876205
115826
256526
309844
469705
167074
577309
452382
844964
176352
602273
628866
641145
653017
617560
893757
796176
186821
627690
390069
32187
233993
391541
765218
445116
103021
447494
292377
457028
184885
53731
57847
75990
829086
312005
468198
596810
386806
157411
209231
911406
689816
28137
71964
480775
850179
839
589992
57141
541719
445542
405830
267316
678507
293494
604779
123071
773261
716003
500729
318223
420311
91302
102504
259777
110378
58936
218515
86421
782986
561633
755101
851794
55318
921838
324734
539655
390690
789056
534958
575853
50547
863233
639404
394537
899670
309618
176555
764525
499741
251808
293146
375038
829239
242550
907278
802384
155947
877803
545807
697805
36849
367707
37692
375285
163117
530804
400923
474526
88457
568903
217665
525149
863661
720062
218
309693
336158
564141
791062
228268
826160
78593
94641
335862
89961
878677
767901
77544
691380
920675
855309
803222
789183
833495
179616
570489
995697
612799
568232
354800
356939
796447
160727
424871
200154
818914
834501
247189
77526
592170
235873
283359
319323
906568
368369
619994
23233
790087
954055
604078
414490
19747
975682
136086
367495
645719
534014
138691
528759
225492
14553
986784
991038
452941
252835
245681
58509
807279
895265
81748
597972
978735
407742
275882
957361
243067
791695
711375
403987
884818
514241
869828
151024
910895
985634
16366
318111
950176
332104
191224
5970
273398
547618
216019
218612
417557
490713
937629
27355
22187
72034
847519
486058
568446
374883
74161
599110
98717
558591
263224
397235
991160
811968
640592
399626
135436
925920
729668
994457
143606
206644
163514
976471
776041
324598
367788
247106
37243
519533
536657
840023
753433
844155
510682
879533
471259
251459
223576
119855
383859
811828
277178
490804
728318
698615
143028
302205
34877
236657
481660
15690
979741
176501
195182
673433
344434
615113
116688
145212
831747
713619
695855
774486
438014
493857
475752
379762
57100
789650
798083
791743
384191
848675
647801
888748
30312
130201
150806
421788
227654
792584
22521
363270
535129
539839
241273
122668
993236
110545
494370
637878
108336
441152
925469
633579
789213
977479
796333
122187
262931
947460
879574
330571
893959
809216
167128
499693
188858
871773
879321
847676
695211
16475
232288
602593
162093
195718
133181
657701
95827
266752
908103
785412
580871
869158
28733
119658
340538
523746
668622
391821
405045
108685
348405
56422
395663
785342
312827
418573
65847
547572
914464
337008
833713
492380
605140
4207
112158
586879
756256
648536
256819
709450
264802
124986
349516
566971
377269
404008
22425
537382
80303
845708
820150
278625
818116
335140
446361
248850
208967
421534
275749
942355
335505
71052
311323
435007
949306
691972
179312
292956
373316
87831
680313
123941
942360
49068
15618
551858
996776
829048
506623
164358
291251
280412
913562
931957
750503
551898
659563
998320
657824
52341
603014
34031
2831
996965
145837
946361
51318
76340
170342
310291
384975
456184
553704
207491
95372
293421
124527
100415
263354
517870
648751
580727
920575
522832
199717
901756
845698
463708
828296
6859
475113
558438
422110
244730
876285
398734
104236
95806
203051
27155
656646
629335
268580
863055
476292
204184
742755
178387
129109
583895
475534
600223
313005
492141
447222
415102
102618
306218
30841
502268
578356
76056
928967
65669
221747
586730
47425
955484
67867
16322
980541
233460
618514
916892
601126
48559
739922
855258
608001
763504
295673
101996
716810
764063
701
455067
702460
857400
781310
32883
240112
972112
293556
70667
318813
602662
778887
895986
482238
963554
457918
111608
49105
172013
658319
881494
548219
693612
817940
62715
323081
918938
163295
526132
397649
456256
220708
761526
357687
879444
846101
940427
342411
715436
22091
345047
272464
749405
789792
895110
699800
176756
724633
861141
154826
491728
236992
874425
600518
943771
157137
935727
835935
342947
298378
824801
55303
925209
402085
727282
404104
933412
838178
389030
827694
672227
622205
364785
215811
233598
765311
89243
357618
326759
896817
703372
560589
392371
930347
239290
194474
790479
628938
903148
247016
365344
217088
994665
512976
396283
130373
59906
562326
666494
410667
4665
575550
939785
438031
971021
462619
667548
866859
262435
642098
65423
711433
582290
381054
902824
159634
151947
96909
796828
316293
986787
267656
729701
86659
626559
231375
605500
475142
499483
749251
300404
11442
517239
545949
47667
182020
709150
25979
618381
973927
323284
696507
816190
287141
23067
133248
669956
654522
954274
706578
582615
927109
428235
623842
259654
78232
11799
954218
