70
5000
949679
575790
735409
442163
39579
881852
571028
839664
542708
831200
29145
115272
367843
175926
463649
821361
883914
828874
322011
800568
130715
645031
363826
988765
39443
157838
476438
179930
405847
498562
530598
546116
511209
834944
981367
165515
733511
106253
641668
844380
76896
311783
419442
158565
652596
560989
372285
516088
539143
458106
396421
210505
776577
883997
144623
621202
566757
101860
175993
393302
160620
89607
548062
706177
666557
853761
277346
744110
953292
395688
572603
201411
256268
99486
347036
739447
348818
847328
474143
652852
458952
590523
650637
631447
284874
914847
268301
896917
808992
509900
701736
5303
500505
557929
494197
390341
569408
72947
96998
260737
191486
889682
152685
858122
123467
124552
876428
477538
751762
893314
191864
197321
913313
275857
985641
461192
546250
169906
438273
67337
479065
742409
177686
612195
483889
821037
582302
429556
348357
992156
518518
845608
672432
822991
666063
940950
983090
206953
800437
208969
414088
17417
102141
610651
471527
248638
890251
585469
336980
764954
169661
24084
781091
123039
656760
956030
556362
483543
129613
601971
466656
193216
831687
39430
285880
112355
195795
132361
566356
600069
64332
274064
350216
647799
761443
994638
970541
941128
708584
181021
272958
157019
166839
610329
755922
238803
970369
513771
929462
30250
483638
704740
345574
523489
675724
20991
483880
291858
317999
64649
800198
260769
381701
39580
962982
879889
393885
623751
872519
43635
858291
384905
277722
531128
773090
48828
356731
837544
320551
2575
618058
700012
197901
628908
411434
919557
547899
22840
431830
982751
662
54136
366619
613504
332948
979089
336310
749147
699422
932904
564170
772289
741409
244840
593790
468535
750578
417761
898353
704802
611163
470734
231003
658271
198919
48367
530177
358319
908357
447957
24660
581071
925692
368572
670247
524454
335404
86034
635723
542616
40540
375766
849098
422584
318566
568476
628156
442010
681499
694189
269384
941766
717844
370186
707835
235912
169878
981073
29118
775460
623009
305337
222583
545126
81045
318584
439551
351448
612418
263172
456635
727566
814667
542581
512729
342939
630517
733577
308393
527206
536018
427074
870869
902486
366212
829162
390527
597610
990960
964342
753398
235238
68033
732105
768339
900776
710678
78543
474614
687577
452297
593738
796825
853503
590621
959209
80269
95918
15747
102804
403737
941086
24905
330757
546668
983128
399776
742864
655739
894731
429064
167811
898939
714811
990682
932648
158589
346585
436465
586215
544929
598829
982582
72648
427640
332911
12551
433111
549114
490422
471620
111968
356768
796424
20854
736922
593248
488720
401371
678752
169539
847725
335122
185882
690788
754343
515359
171578
545863
27708
999580
204515
80915
620825
815933
154020
438445
933732
500606
531489
928755
965046
449963
446546
916562
748774
829900
319845
793861
966400
344554
501759
349802
878485
58114
506208
92674
976364
36806
151013
345605
40470
944906
174630
884640
314975
113234
954943
81676
699617
104629
835308
140684
162546
927021
211790
445955
245053
466110
98378
48495
67118
892865
912209
967430
574087
399373
468346
9131
732560
611392
507083
839181
376747
473967
53270
666973
420229
518312
530304
921962
261801
703648
129245
922010
469934
522302
485431
964871
828113
292739
907438
962803
873821
114580
154617
340778
798598
332645
702218
2483
390870
849988
76304
965618
860671
306303
588438
152989
211407
124339
385609
736793
768065
423795
432918
278384
200623
597457
86002
351409
363045
764748
499059
130917
725394
361686
155547
734313
38168
199040
605814
920621
913538
727172
444697
43911
361621
160303
128394
464757
871359
664681
773438
139502
530348
852962
517117
202275
258552
665691
338210
860759
352191
406990
243774
344535
88847
531643
799645
350488
492287
700433
400800
170477
10073
408373
652297
265826
483186
758833
338326
39672
618779
284476
835460
568252
93232
924834
646836
456902
960718
715792
184747
187403
884449
893758
330740
463200
378202
42425
183776
525836
332928
818700
482094
189704
64798
91466
696773
53845
175578
388923
515613
891578
817126
667489
371454
480985
955663
148709
391073
331181
276275
232227
517170
910563
378960
494799
568183
145425
239863
641282
427594
520279
258911
115173
606978
342033
188373
153720
643376
738678
176849
633408
245509
407440
290149
31115
290385
818264
7886
541409
175782
754669
322157
809737
565787
999281
577551
524597
362477
953600
497256
475851
76671
543374
120031
374160
280066
814620
462147
509427
697519
650967
959323
558516
557297
486797
782042
607471
139425
770188
843633
839561
387241
350809
177151
816822
443209
151690
462372
125412
552248
672577
849395
31687
512994
275653
483589
692098
428752
488126
437291
756527
269222
336333
955771
458955
551685
85958
493387
992641
576657
294859
303868
479377
604108
653958
534254
719133
779617
259330
709713
668048
584637
420263
777755
652267
376280
659600
139862
878061
307218
841482
212305
435807
418424
413548
323510
836921
914213
301198
179964
367540
45637
457255
124723
791405
543413
428231
122428
451763
929926
607533
199835
355565
546593
168134
854245
637995
607108
316547
99027
783559
723627
247637
765305
562743
455689
457928
988240
226035
932597
307641
556271
266813
204322
421557
71705
930066
135239
182832
999343
935083
821725
782623
30278
91888
923847
406578
544915
313210
984523
586034
592451
9091
495870
885746
479144
951789
374719
946101
742157
765547
498201
157276
131114
572176
392332
845642
276211
214386
115109
691094
548107
639482
924170
798828
68822
873484
345746
801921
578283
253965
220049
674736
950952
441877
648753
560694
790497
133427
309435
389510
7344
684887
898869
726986
282480
635552
917990
961720
91013
523651
941301
156940
410386
326356
275888
899303
558990
158516
410600
965572
678577
352984
62521
75027
520136
268465
937831
40948
97192
96381
51811
398481
333311
54826
308462
747736
895301
44898
383701
993748
49938
555192
197146
32231
156234
805293
182899
674982
683443
562846
627691
665809
994407
627150
57447
511341
518117
753100
565635
885504
305857
786113
463451
516777
461692
416280
2342
147289
173102
134282
732988
293682
477344
816965
220152
481530
759478
834808
975544
144955
761673
598910
505217
798843
826963
411236
702720
541716
897603
974616
675499
240111
56049
617777
849798
437665
543340
544917
171458
539490
528878
38539
15744
716389
587313
416862
830579
301529
391578
621034
886370
932668
889236
839558
460557
606295
439160
712398
775207
367002
52264
943563
717634
155284
682811
39809
940681
23182
602450
355030
44134
765445
133513
524890
260676
909635
814410
521399
221422
651417
119163
910902
503382
691067
145879
477611
138099
299128
491354
950911
86401
327956
690966
579736
396588
906308
306659
13863
669959
155845
87668
259341
188214
293849
994372
401835
557
711903
19694
160197
915151
754254
756508
683281
958712
688973
826968
441186
342
411634
649214
959788
925298
799318
974546
553587
40013
704210
661998
898197
175973
426264
23060
668080
506455
156847
887650
606897
35486
432588
59107
216186
561721
827530
72641
918255
496427
744519
662041
773918
777500
431066
596135
690760
864925
615156
304096
537104
581513
539538
20255
509055
535686
202268
442295
525746
830507
163294
591975
551521
332604
821792
710763
728908
25360
533795
447727
29764
422932
90875
703838
636371
223080
869892
152409
408073
870567
276738
339076
318564
30212
933465
949562
938331
137871
919461
389984
438087
469783
196599
524823
915886
65706
889773
382859
867182
25208
78701
655145
343683
920150
301630
524589
637749
146206
482882
766233
876065
91763
77204
830465
326753
907234
658170
136451
451099
535268
400455
591765
353123
646336
339024
810999
380750
405773
448712
180487
796628
64725
927227
543795
141153
110486
632099
631816
141624
913442
312362
111466
165380
603174
623229
487517
502717
234311
11722
396927
884723
674152
232022
273304
316026
884616
433404
106762
776499
385993
438725
367523
183858
686027
716385
9617
459921
664439
740416
354933
98192
96536
688976
606288
452967
861923
822547
241306
548267
587415
94940
913073
447960
184639
236325
164398
294401
483477
85776
503188
554769
484993
492537
605666
981053
823678
557172
318280
232008
78237
53480
689718
105266
622372
315335
489551
793534
401230
170345
156348
587423
506294
897476
724445
537982
728270
163594
135643
12011
681417
654495
956249
808093
899033
898870
72201
10727
803538
245575
651675
310202
10478
832814
293455
192017
552490
337891
301676
113725
469453
952466
961033
720973
616200
680215
699720
22809
111993
668184
471139
49131
100298
549438
25054
579403
434294
608272
903964
732774
924716
830126
103694
379930
190668
499752
437958
315105
430222
18041
54057
465175
807298
427363
4099
863145
621873
101480
959349
508956
590243
735010
839177
173367
300538
66752
555046
203215
120828
252125
3679
877101
301038
506750
318053
80093
550299
111464
949725
897686
675636
522268
123149
696513
337745
761329
215471
602216
333845
377932
713064
41788
580592
323965
898962
616962
65727
17337
120309
387612
479310
785840
623445
225840
638461
419211
542693
172791
311360
579972
304217
375140
613504
631649
898457
188014
575903
7886
427729
826876
312281
32662
515685
856493
305861
981054
23554
584577
994939
54398
25296
458727
862288
949020
892356
646691
435517
819559
6097
856603
330078
107406
125502
972991
22
570395
253331
70611
369807
873167
865453
794779
379615
96218
584945
45410
529670
118455
207901
609446
595540
533090
353082
182499
709864
931575
637614
53818
537938
552424
546670
579710
463514
266139
290960
236828
182554
433630
155198
638372
942918
492744
315334
32248
234380
149549
275983
694224
636694
294013
223911
787175
232749
651001
834679
912453
650935
536659
469912
325546
501857
964706
47678
676436
27863
942335
55826
147245
856240
54335
98590
147221
685800
896333
78626
708871
548293
114210
363139
32618
839066
708708
182627
145334
743209
316952
150412
700289
67939
222534
358533
345830
540108
106408
288775
307408
959482
760846
651977
568552
290108
567633
710328
676313
282200
680177
120707
777852
615468
819086
929362
537445
276533
572736
56022
603273
709102
71699
503291
732490
637968
837474
954363
420769
662648
938638
439564
190439
936807
406236
488313
733440
797219
348841
275599
571877
166074
236490
872174
558540
968550
216260
383039
984949
562892
336740
605892
969619
978015
253309
591754
860566
141154
331708
722748
269841
367370
701929
35154
413005
270401
588668
825382
28713
576199
746970
239975
437356
665843
190571
874214
182825
514264
889752
344078
553614
4162
177190
625201
980937
876064
861610
50621
744726
376251
351720
53197
555689
8676
808076
626459
806517
270253
742404
535252
529560
796813
61176
730436
58851
512295
944039
493745
967369
217636
278815
944835
843363
517756
994073
233696
25245
117716
20142
676950
287425
827138
105914
564466
825118
847276
55820
847085
951252
799438
271046
335622
475135
704090
894424
150443
40382
197241
393043
999185
584287
272944
259501
647459
814568
772446
917456
904214
743172
376161
235294
476955
98569
403801
530886
804718
537698
163268
173820
154956
677662
435848
885144
76481
754324
802960
266445
48735
243632
983245
817988
738699
223071
790622
695508
410673
355987
160139
588000
543255
895731
648490
220238
275791
701539
450596
598240
859654
570987
566802
818288
572282
361862
140417
643148
50057
849161
61460
522156
840164
519278
345865
817420
613666
452861
970900
608938
823921
707094
439399
782814
400359
175133
248723
450641
952183
868994
279944
569179
192191
747948
437432
767101
67581
135745
147866
182839
869666
141268
776203
613832
153087
275500
165070
544256
170972
723117
375156
189507
721768
345830
530903
847964
868234
602358
948480
415995
301333
150427
104104
873293
906459
808280
946588
699382
354264
793155
978425
721518
790095
225000
521815
80629
447027
690909
636611
371700
572283
466532
618596
907314
118488
926966
697214
574447
275203
547634
556181
955553
6319
496802
910633
386056
308766
467366
339552
171568
396688
774207
410434
246659
145942
132666
17374
434568
969476
444534
96073
508668
567684
356692
644294
529483
204679
202235
358145
684587
437591
239557
316854
420694
754121
658698
88751
814178
827470
435463
186090
15422
914536
747562
188377
893579
296889
984700
822082
211156
335798
410347
562887
914092
928059
167987
418560
207651
729465
245801
126916
474468
302538
446180
946695
372846
492837
616136
326429
610477
262509
975472
439645
612404
914788
819895
338976
964506
560124
715428
882537
524590
415566
516015
164319
160727
365476
273908
273077
18381
313904
406771
194474
903278
801696
579330
939180
75134
251785
781904
996760
284030
426560
871894
530588
73639
803784
245212
993790
396291
682405
994852
745717
738537
521871
598903
148597
728659
363266
329355
152008
476317
633650
83406
222040
936797
729948
552658
989577
552281
102776
752917
331395
919721
17739
618219
104525
583658
141336
375818
434325
124252
913718
356850
401548
27033
227197
648311
490606
633843
526810
9580
956831
565672
212674
413678
810737
272388
31236
997514
207362
895188
298742
416844
795842
576706
982033
302949
958163
976786
360473
113144
192713
378296
555188
105153
562257
214483
31325
855650
570349
453642
876720
384076
730717
711746
439077
147270
799578
899897
429530
232541
930683
231874
488136
443241
473851
732765
558232
263095
587538
732018
514766
502104
695039
104106
461411
680453
218471
956714
721201
920045
182359
818221
630024
510621
169574
852541
741022
270411
624182
494990
499618
721920
910489
943095
524913
679007
817167
836494
845282
665237
770286
265950
736572
407071
705499
87688
245959
583283
50356
684787
517440
161868
944912
717169
891046
17109
325470
868656
952049
779441
216426
550297
83042
542053
384126
348104
485109
91875
888037
225513
503092
10676
538250
258667
108389
298688
567936
819428
859556
45437
533723
340801
912779
957106
360315
755624
895693
452583
989544
629612
836514
788971
768601
51564
274652
565825
296591
314953
729945
389289
999774
799681
492113
764358
471564
499693
179727
573233
960786
577875
256957
871641
679168
425513
329880
783444
275004
291047
198146
724167
594346
365767
869814
723374
71208
728092
558102
557193
731376
922700
142816
865188
653857
864108
528127
907905
415767
610294
27902
179043
834934
154921
149079
480697
720902
968766
471082
848806
121528
937730
698377
590633
50375
238421
113328
457326
297018
913597
610066
466992
38022
302887
929166
242313
620368
439740
412288
34647
618511
89628
284468
997517
766864
349754
647606
182291
405907
517396
454789
200795
396819
50061
873701
889026
683811
202792
925908
827102
711604
432291
286100
155434
136563
663726
590247
389579
765903
161990
723545
950526
158488
139123
418167
178337
305411
136922
576605
71515
978058
791232
127469
418600
987760
475420
269404
301572
624802
36502
606566
319859
542713
644450
177122
381227
551388
42612
41520
67679
344963
516127
320910
751594
957462
105038
918090
876436
406772
635869
258386
642691
566351
291157
776743
236736
249396
834882
513520
921061
166120
177267
520875
519201
579886
517198
478334
119272
171046
626893
290476
837177
267727
405977
724451
505485
855597
470337
569841
99801
993926
107415
770135
119040
817158
993511
372918
398425
479490
106261
401382
643928
350361
726098
158566
696027
998327
305723
265261
144979
155699
417422
259103
191053
184152
863177
822491
245980
498817
981089
828145
187941
702430
366171
354673
17991
897875
160075
793374
826341
531263
669543
759042
590737
233177
841479
60379
737430
11127
357820
696691
594338
570537
427658
231181
300686
577154
187843
875771
153292
674998
936641
217037
433900
70751
187199
752932
268811
875418
38165
91748
506648
338830
687374
474568
223556
22221
586471
774223
704518
516818
881703
206484
594376
683178
578389
476923
986289
737520
713435
462279
694607
945841
999861
826505
206113
982382
194006
592435
147647
786239
323479
168203
788519
195284
398876
340923
523429
924823
912070
713285
211934
869613
935246
360659
185
117852
324228
887980
719017
682502
937637
620931
237787
309332
752914
836714
279225
683310
642675
410084
412057
179302
513063
66263
298822
394420
879334
419552
413801
675164
446326
879937
854547
866988
411206
415925
653289
411937
492075
855204
461996
956138
859188
34034
658019
27076
707692
589618
664744
822340
687339
469305
991309
415987
373849
121677
403113
461587
98753
411771
662274
64512
485133
138759
103000
539826
145764
543486
746572
625503
138781
673128
510315
373245
164382
310490
999388
162085
610837
269927
101601
230291
156242
342327
556045
730378
948480
286895
52867
493460
413567
452752
61030
954727
207007
871708
730082
643556
604794
74418
259606
869561
718894
121787
104541
677861
586805
889533
645752
634267
687075
100749
144665
722048
161980
417633
160078
824463
193072
758531
407945
956124
4405
815202
601928
778486
187646
18883
58789
853733
144413
671957
853372
174738
467826
157025
174004
661702
665807
979808
448428
986379
660778
181286
815044
990319
902205
459965
565317
994790
956030
747725
328942
624783
67126
264566
930268
588175
105793
148608
355669
728026
332897
812778
613361
540304
284414
745439
173733
66243
612798
602630
363181
347543
748541
224760
913749
685763
65577
611853
867749
859444
334077
200655
899495
981776
662488
127696
244182
140567
683449
396760
594917
372646
461338
195190
441385
192790
476070
775095
731043
657409
641687
317749
658478
878308
397296
36487
831745
39776
75348
94870
675746
198235
722178
14799
112808
625411
122862
78452
570795
948403
431868
886349
204234
358830
435803
685245
942936
959559
585084
78191
804003
920355
341742
889775
534947
962327
960728
408533
605116
640939
552658
803356
138480
360512
724320
205328
490020
464141
633931
185830
389901
400453
17438
532710
861303
925525
21754
444483
577714
15497
364951
242059
584153
894158
579991
702521
897856
592146
768392
721832
401209
205064
290423
950690
493955
655367
889003
730775
699280
45458
86021
548201
667122
783091
80498
328932
657569
784960
404554
177355
11371
613823
99464
754125
41913
822822
446054
597655
893625
207291
2325
448515
249901
662426
192214
287918
983504
440277
691128
556262
917344
415413
871470
386306
201869
984799
928780
533261
312636
247122
585886
76634
541112
222733
842917
66043
634486
331725
144751
493964
730179
889972
900946
329002
820300
173189
721733
825858
318601
257548
371290
506820
962952
47451
951644
558837
31954
69486
461761
820388
370427
659696
63564
888500
526283
260631
68482
540824
721860
805930
480198
398238
294032
980387
999379
31074
246345
780143
251862
96867
932388
956625
988774
358258
140027
203751
98913
20422
473141
401925
871524
883757
766100
807166
478054
708317
925530
491905
368497
737385
981785
973791
320383
713103
371350
49642
984493
45
645017
734905
342558
920084
365268
27721
430063
103669
565229
594814
179346
382072
248042
387271
894665
354604
21880
919711
444289
248921
937048
184815
399433
578096
761767
659728
136877
936484
861960
841327
684467
660114
650736
879690
81841
189979
886157
404950
565641
686418
41812
209923
610371
766865
864422
501079
618693
368230
264606
59511
768433
519467
130937
577093
395099
886451
266531
160546
8678
141664
499226
439892
156730
421266
642369
153475
322915
299194
313219
931742
780553
98060
450530
93019
88072
251731
952027
129627
225004
348894
355832
986027
627914
460440
201010
227559
539005
389494
231552
856313
635772
881673
497472
505791
394069
4659
888321
702795
304520
872118
939435
779395
816770
204392
752267
322153
776885
702595
430591
602613
639184
860184
359995
111263
776672
792996
241397
453433
839555
861435
13811
379384
464004
292513
385135
286483
194520
24504
613155
600579
429044
328979
788471
626027
407561
321960
344197
803538
736221
711972
636357
585227
379527
386585
125146
803190
8007
504339
708024
686367
282624
411912
972400
148803
754258
751533
151001
596083
518616
535589
269725
653266
809403
662548
975389
206905
641905
39058
740226
367289
554774
250044
632609
113536
731109
467940
750794
746452
995475
129192
257710
652541
585096
497184
913514
332032
632123
152881
510772
54533
624872
641087
249184
848666
326513
45375
750480
76112
833487
270826
957814
194115
509171
32653
740359
440184
889149
863229
37503
814750
875031
856616
304842
216759
258480
297991
858006
688400
859857
705392
617523
877164
208989
164104
960035
924799
233513
649622
262404
935830
890805
591538
294487
412884
897607
733596
56812
268694
271331
583593
889004
804280
336041
243607
651907
985201
691723
532930
775208
970713
327208
962032
376138
923788
190474
444935
665176
415974
107065
297438
586221
464365
322682
317360
745303
709007
159463
717613
710338
503744
119532
889258
343238
293317
806363
139577
59594
990415
60461
605780
155667
463295
362646
208243
587181
749128
633796
103933
786100
565107
796339
454747
758143
809915
712175
735463
359082
423832
391912
650371
201343
37209
205099
253831
810625
911914
277123
570450
472532
716726
706411
639297
582860
856165
828846
245374
341904
880070
735197
930096
416042
517065
849901
310288
271407
99427
825898
796187
333702
795668
783324
694563
348822
50181
503413
161665
39376
541514
90739
644325
897174
240584
474008
908366
143814
59440
391428
983957
148584
708713
460396
284323
882032
927308
874873
361602
448047
547785
740799
304401
304861
724519
927320
66642
486331
252648
324829
3421
386152
669962
950400
155127
124610
580522
517193
512446
289655
419268
768171
301243
309991
514133
346050
595674
901431
433313
406700
602613
820853
131152
442817
573900
570147
933172
53616
630609
67426
319014
545719
222944
231997
480206
892798
273228
269070
743808
318161
709013
84113
906691
955257
937525
97603
649006
755893
921369
820086
410476
162138
120045
940276
376990
188292
613712
990221
979039
139512
950567
200384
65059
132376
529613
89154
676152
965953
548520
151341
597167
954245
224663
451016
93588
532096
460487
693295
338584
496857
83429
59423
721616
286487
840494
609760
169174
624669
326498
243535
433421
905476
765847
10631
984259
379475
9193
565740
74927
837597
804239
948819
139865
995000
325321
162577
297753
459541
399157
247903
579127
791745
705537
481639
169202
49463
686331
546030
120732
804767
173445
790877
944226
273127
990308
867053
911082
925053
136631
439534
354517
690406
506756
788597
895204
516606
478574
408416
286134
407628
864131
387143
812207
546497
669938
61953
908469
117069
947673
82256
674260
862239
818557
258858
629633
576503
101523
566821
43644
963689
818171
426110
665934
498736
993420
927301
606258
975404
62538
203497
827088
609401
821044
899804
84004
170222
147514
929890
145022
977775
899660
132668
57378
678703
886606
918763
126287
915590
119528
867747
224157
268907
720953
383118
269951
494094
561899
37497
370152
518869
830369
180575
768075
695216
464781
578960
915066
9947
695071
750334
342384
239024
250264
330852
449514
663014
20605
198803
582895
550570
393702
299291
447921
315672
213686
947282
685516
724694
646501
48132
403627
188429
839544
868727
282506
118533
148818
958041
818581
887196
442148
506312
1456
528995
382465
396798
232656
973142
634700
677272
308358
601845
11922
66369
146460
891971
45748
156607
280984
156570
45309
477082
567262
657833
136786
290980
903665
562188
997063
781674
463706
831046
763278
523445
178849
72478
328842
579517
257208
981011
64706
723563
914360
274428
599601
617354
248258
614273
186426
87049
278919
836080
528632
30319
906532
248893
38579
597084
178725
387097
907312
658807
840235
749485
654240
961529
929960
584563
540536
524629
159110
16433
668768
554691
465319
773651
995717
723112
13640
481125
886217
376292
465343
790186
851098
13303
696803
999131
971104
466320
364554
512383
851664
32372
362669
460771
397534
580488
523624
773047
421327
504955
404638
484805
620012
390610
253626
392399
162130
449169
549136
43203
316519
892803
632673
759197
112359
8999
341629
555865
971164
545463
488899
501460
732076
880277
230340
114047
742540
391701
745030
675006
688787
206881
255652
198499
936745
188557
549523
675201
708254
344568
259519
768112
562199
128475
145363
216349
684962
498929
807704
154891
361003
722179
969717
432362
722184
667535
243285
355474
47855
616404
610470
987612
467847
396093
364413
147421
204635
796327
910870
786560
198059
752785
332153
701503
643485
801951
951801
899710
261905
169099
978519
294788
469650
851817
436355
588502
229671
160533
135810
79858
101834
13115
46443
363941
211440
557314
903307
352458
699975
782678
114728
505183
719614
790288
708067
970117
858045
767300
555382
951060
667574
191656
962909
77592
528147
352348
690642
770157
639247
747162
457008
280626
938017
159292
751673
703021
804498
348004
938611
805243
139504
137611
968941
422450
8027
381738
634399
770453
152380
100670
529967
83443
206614
609660
805968
794140
578612
736337
418885
106241
832770
782612
263300
1639
263352
356747
56181
339464
109489
804055
110233
941766
667802
264253
876360
603276
27141
479185
670867
330179
329757
328769
478152
904750
776180
213947
736595
528611
269753
141884
396609
937767
555397
539126
357920
518180
848596
622109
643139
227337
48145
97807
620898
587839
183817
160734
246365
712835
522882
854267
212193
2340
836517
515200
435811
720923
516118
202969
817418
720322
920932
55312
124073
521715
722396
501557
146218
939902
145976
850086
457094
56326
288245
564417
211184
634616
355906
475427
626321
893097
937236
172507
529966
168780
384918
37680
850279
109644
706174
654859
65945
32140
989051
196355
372770
617273
990218
750531
201412
559304
254568
930970
220259
878481
852130
927711
149672
571528
845192
366655
680328
654292
555520
477093
395871
760013
958134
994180
906678
875543
782897
717060
494435
274261
549249
144134
613648
696268
653781
854934
348052
851094
112937
688108
37053
118208
362972
728991
437871
265600
413663
555879
953317
196054
236298
954765
93526
682429
913417
979825
526004
161422
538163
804407
588302
183666
367739
962128
938070
3266
906111
786592
586748
471805
752062
671505
155768
125541
180071
889908
481191
565494
593420
767119
482445
900100
21749
823751
560761
796528
885649
460011
162310
235334
888327
449370
350397
611766
668331
145683
278744
370670
5965
246167
438498
877584
932139
771389
753082
596309
753670
994642
843894
184638
789714
876202
997603
30578
330694
307592
404139
835193
658260
932517
173520
721107
406771
578977
653012
763958
523799
150275
737851
334435
160642
109358
97576
752932
68596
655203
908388
51940
803390
320621
149950
990826
10549
413549
779916
573236
450305
698306
691087
389356
514389
816660
154869
988361
427065
509310
639415
200197
261059
78806
117027
423030
349476
349722
553076
246924
541982
737144
633693
186150
199827
490425
486117
411409
833849
260428
396779
667806
708586
701675
352651
284638
973656
98732
780569
633148
393182
883046
949450
887480
105649
80446
70899
361468
960629
401933
68073
118492
198956
193135
60615
238575
251529
355883
950925
859396
230115
280506
94885
211907
396485
257398
560066
509026
976482
540961
608097
503616
682214
808206
158193
595105
421799
392175
462479
448583
303162
67069
562026
270953
786210
122814
617542
300691
80676
52406
705884
275161
589942
530412
233310
123577
338069
575959
711959
629644
3062
359334
325297
816297
870356
907241
809745
825495
60968
444703
407516
685868
285239
54556
867165
548422
91845
371415
527423
550565
84007
769166
656244
41892
894454
52758
145656
291666
759392
781186
199152
178801
705304
915887
509164
399179
856941
567339
213132
22379
822328
840000
487998
792127
294640
706400
855397
568648
470616
786094
164885
1659
253527
656807
150331
794616
286824
601003
271194
21348
321768
155052
41712
12773
760844
265394
990967
992697
300917
682824
996871
379955
538076
778758
523800
387924
467432
136060
20966
752322
142047
230264
217645
696807
680568
98165
857492
857705
270350
397728
67878
847361
421041
569927
656443
770683
468951
814625
406005
63049
726064
17012
713062
896707
336087
261351
709711
967743
740708
516900
835523
807049
290654
163177
354411
285439
50446
371244
599202
608652
307631
184489
194368
293311
102209
555785
463924
142599
470396
385072
578635
385997
193378
572515
330957
30190
429293
967637
728838
689107
842536
654477
657058
54959
37146
715893
984498
725845
673308
355073
875147
633844
464524
879929
539341
384240
305434
391333
756801
786781
176512
741077
91932
430426
707598
646410
263713
629192
631459
197700
231394
367654
568
290153
378534
633227
662678
528719
269222
239870
407464
595110
342450
98037
938859
692997
36145
301481
309185
993615
309509
154258
871269
652226
78157
192260
190905
213980
219204
434150
432380
73193
257158
321867
653271
204910
466867
570926
89622
535980
996076
425359
929588
378833
22587
552996
830159
458880
742991
659966
308538
217083
216548
348090
555249
355755
742913
730015
707111
709901
133083
887643
668668
897720
23319
907413
298058
570830
101357
157038
393375
479551
319144
170074
635781
203573
846986
959828
630588
717472
675788
346051
772361
598302
119362
406311
913575
36869
175517
568959
802076
621649
958602
447739
950183
548901
270457
901145
407445
521023
342712
799263
792691
951485
427709
592564
405854
221830
126530
503322
407862
727127
651787
272139
550129
346602
530947
168624
894924
258116
827652
552184
447452
735068
22326
244123
2178
742051
359439
58348
965756
516276
565048
657620
285529
969178
917584
464368
194693
595192
712585
750793
389250
57433
75184
946540
110455
813077
581771
534054
225186
955740
696475
815006
231466
453794
622145
818831
828496
260135
442813
101408
557507
413794
532945
154401
312466
341257
156036
561060
257916
342080
565570
635638
106723
149979
348001
378361
78303
885394
863422
335071
819631
737920
404934
820741
87627
221784
354705
595305
437653
989925
870760
234570
76333
398075
381735
357019
516580
467903
963902
945571
819080
61392
662225
621876
943197
72593
386431
608325
936621
50261
242624
504559
97015
815397
790312
552512
852227
888880
587016
464768
62933
989840
286004
737278
567360
999413
151646
237205
465489
284720
160481
278464
920236
666334
114202
889623
821685
78063
533553
894758
412197
676050
740277
22760
806652
332095
906341
151973
261653
859360
722892
100901
206997
880349
306116
501840
10237
588994
28954
319459
535264
320911
876562
511441
550510
59549
788865
570740
746478
938088
610201
460078
254858
283197
766402
993569
208388
197313
148002
812166
262151
536347
64511
424558
213208
716991
443836
682387
399147
896216
559232
107738
854610
351954
926452
124136
88848
138561
108714
972702
454540
630769
525723
990578
922913
67467
132681
566187
314578
866976
175427
51897
439259
614613
436103
313134
399842
218667
196545
771805
730765
453546
247474
483150
698349
166570
784620
227803
24791
906046
771257
16170
467988
188861
379740
180358
374510
960046
806447
84252
354155
593743
993195
309648
563478
185602
17222
845498
917240
896789
242935
757249
772838
743469
32213
363537
71988
895502
170397
695932
444359
394056
163858
13611
256776
516033
123775
577598
183477
940508
409560
884104
429521
207940
894143
435360
804668
625431
807330
406053
716893
186865
456001
769042
675323
76755
662861
850426
294635
454576
753644
227168
310308
693076
346202
727029
253422
782129
812009
860526
662969
337544
40489
967682
879178
818288
460450
854589
611728
393222
881726
258948
79957
931890
310660
324518
427536
172817
951039
88794
674903
164036
435773
886107
925745
147861
531507
766749
43338
270081
281086
481130
58880
349862
226820
291870
284122
10762
945593
244987
777368
997957
795133
563178
290405
188301
303907
450767
772329
765724
408781
679623
119739
253248
300787
60033
421044
821630
749826
203894
890846
383588
98913
771270
38476
169322
848142
899760
179971
516292
811687
401518
586390
973767
711237
276075
514767
678069
285955
951394
671945
519847
277084
739860
65179
770582
592626
409894
195183
127045
493739
622036
375408
655503
746294
802070
830561
775177
640300
184718
445579
860243
582289
613994
149071
991040
163513
432284
663001
399839
91335
199347
41589
651046
974033
31510
660155
345978
878879
302621
445798
627422
513426
833484
396227
171701
132962
385581
595461
297845
539200
61769
430069
931690
236122
618882
465222
910564
672829
56400
37703
304447
244500
328470
322097
988301
867854
803552
272224
646114
208094
655932
170015
619195
143196
2034
934236
708235
477257
182561
544634
504740
769519
624631
141893
148926
563431
194252
444417
71592
865524
254876
349979
842056
965389
81951
934785
446544
51321
637575
344461
427520
67922
715413
286684
688401
646571
979417
920830
833029
807630
952516
322822
51849
289310
840875
790784
479363
645019
779931
853122
6590
480964
359827
268955
926511
700439
575842
542697
234276
310260
489886
25223
184200
238752
923966
229410
277333
870820
80917
511149
491926
24021
524331
878187
144792
266927
249082
842665
990253
548635
708098
668942
357212
879568
546441
76298
771304
437205
203123
612268
243451
224229
253689
600016
909551
866411
560009
13813
159802
625708
976570
45869
690099
901188
294699
922029
96453
110088
497911
394756
351919
246155
40854
230953
635189
538428
240659
952493
208167
126188
936485
493967
788619
944942
99501
794350
936425
659287
49803
971801
828468
469797
21533
672258
723216
266364
996182
229330
712324
559947
116086
194454
388158
427982
920107
993366
380669
400236
582212
15302
877279
820864
738958
574422
528327
8757
721165
296932
342442
624650
499481
894673
856183
835445
381906
948081
438560
635236
25793
914396
121482
592030
58892
298530
448333
243912
106198
977179
551016
726148
776049
630235
834692
892212
889600
529285
252131
925020
425518
186551
564261
478437
933893
261475
169399
397822
887148
359485
915096
440477
977792
808976
467977
160164
871117
957868
892049
588382
447081
792442
790698
932776
753837
382000
31372
59564
64209
680287
235411
765769
578595
62953
511695
77903
238820
974289
361000
364390
259711
468907
918764
267662
704294
70194
433399
67392
790027
240632
526334
926644
183417
907576
447992
285948
50892
89031
791209
946894
553107
485737
557900
47647
960896
630464
276316
560426
842698
629728
300735
8399
103968
944253
162255
167385
776329
21766
201607
196248
333980
168395
959175
920045
987993
489304
440068
193060
247907
413606
160655
390011
462875
4391
22720
33409
446490
952896
536127
21530
552650
846419
301422
639199
206946
87289
758262
491106
243772
257743
803693
578575
896468
786920
487329
755757
488223
38688
28420
254084
177158
260304
126516
949081
22461
623581
941029
489173
525764
95787
489325
350020
195450
612335
164523
718457
696473
504931
575317
254158
893842
332370
323357
432264
891206
200851
900480
275610
941214
434258
213739
460224
758919
606537
287114
943116
677005
662607
582574
697726
282835
570759
836953
602315
798317
40953
781481
511296
863962
83517
787103
669632
841185
777875
417100
848233
706438
928592
336023
227605
940969
902067
721005
700285
20604
88726
973381
304247
64031
789440
910095
476640
667546
36375
7224
533908
189110
408883
418204
916058
459064
138701
324361
980509
34747
322838
407404
477013
373801
351908
50203
865605
794518
425543
956862
767517
