70
5000
360569
53242
176155
84799
646535
861749
143164
34206
91310
415583
363326
768131
136363
471521
816953
149098
165320
384662
454855
593481
161653
824030
494515
54896
562754
936658
625408
155339
348407
16850
655315
870405
380177
526521
21501
522503
195737
966770
442345
215710
546465
753316
522079
474875
261534
962057
883250
320787
449565
46236
814988
576423
951524
333425
573908
158622
675110
64606
322745
877646
549537
362647
528414
480409
993240
937368
503202
372980
930728
983611
4555
136579
402314
327145
852302
752032
236388
564717
608445
768443
108684
953892
536781
875803
394138
558545
819523
381379
330536
120013
674555
272623
940009
945819
474453
232701
587363
209370
312316
931177
122250
762643
762388
271281
691962
210674
953216
65943
490961
907858
642701
731397
837287
3633
957310
315978
324844
327171
709172
992067
403100
220002
771258
97365
369953
541602
438315
712918
560773
965251
407552
123851
738897
925440
429242
765580
723015
540932
345256
329156
886521
96700
169046
397461
812869
828679
227282
965592
857902
445386
299356
146690
63255
585249
304489
257314
193438
91568
182164
747846
845650
225239
551906
872765
73811
700036
279216
335352
15557
624034
722683
520842
833712
814959
297036
644367
301879
254315
83838
253160
383795
174444
105773
164772
240044
234318
820925
851194
682356
533768
773700
647539
676127
799131
819029
45284
962850
893091
723754
454169
760199
359312
673325
526286
342986
384366
855587
348822
446804
899104
136950
384351
250961
486507
135133
161677
637808
187502
765098
691458
243510
428976
599215
787839
88063
917650
462
126628
466899
446435
41308
349459
374497
469010
836209
937267
683739
942142
189071
194320
8749
722794
91117
541152
978779
906508
6303
909473
271222
994308
85731
336413
148026
222954
930698
791503
49031
197760
786368
610336
596602
32390
485499
98122
677544
530093
715644
620574
197750
510947
770821
144672
643864
40717
676888
382736
867556
296403
190055
988292
809554
933972
761885
695984
900435
75899
534087
598792
672906
76201
592417
848764
50283
847954
546297
432610
810095
844324
965890
763762
466609
768545
983416
481706
782440
132046
419562
909970
943554
611075
436265
682586
700889
761635
376267
854815
21972
426022
380636
456780
875357
576978
62051
916125
961594
898697
7948
450239
543946
594107
77559
107284
535327
193595
520156
312466
74546
216431
215832
984459
300999
596642
352409
618823
7454
356468
608355
697933
735187
251121
464828
412609
852307
899902
182202
768039
725755
932463
323431
810950
885902
771190
723918
235623
457235
394807
633189
353148
856585
24503
67734
760286
426312
493106
489644
246191
439158
333707
225622
302815
833826
286302
143643
274505
97408
22962
139803
897277
319170
411850
138494
289241
234511
554650
705147
473040
476834
783511
872007
568077
151682
834855
755352
868400
337561
614008
678292
476982
679988
558636
478235
388728
486742
652274
967918
847818
758841
445872
242682
867780
17762
169180
583173
69277
184223
781866
487092
1842
501216
429600
734006
20007
272752
39493
281297
415588
91662
61239
936327
653633
945324
657180
671716
212348
939651
472497
263975
482215
502417
78270
130315
795807
419377
551210
974512
688502
816917
966891
305259
872690
144033
391701
772711
804399
410343
143060
410550
703391
819387
735093
45496
289906
799411
846686
914150
69713
340221
671966
141948
83203
197661
301791
983553
291123
668673
729976
25140
175369
320706
928159
445076
335540
156153
67196
167116
449737
404924
290520
341818
376069
30004
381364
733147
40622
138332
345078
74068
48216
591832
928383
607199
114692
175600
496920
56912
698147
920679
52426
44803
606648
63420
865484
87397
644379
428860
598231
232347
532633
373122
326742
728978
223097
894669
162617
488996
445530
14908
67497
141796
32120
494184
903062
261958
33165
793182
874539
242542
862548
719416
523491
680467
87784
313494
660853
199440
51787
220222
748523
776967
275331
67470
319121
997554
378015
832154
70280
954888
418072
563686
450362
572551
409042
683649
846248
528292
614786
922236
772254
924045
263209
33414
360648
165719
669182
95397
563103
56393
309993
699283
901564
597828
194476
220915
579405
945869
302620
622382
893605
629369
57357
382319
948461
308
579021
344119
711096
526701
877638
523037
255413
861986
669639
526438
649213
559683
38364
725180
96396
4678
394457
33551
529613
723463
993910
363205
697614
994073
454932
273247
676627
949037
139614
882217
757574
645981
99147
462877
60300
926998
733375
429846
117490
820192
484881
263084
552774
913484
664423
767984
385283
12473
283006
343365
136932
729602
796166
400025
558809
44871
389674
931583
535767
717399
998253
193707
726474
965559
114416
209801
997734
873041
881168
737402
734235
870908
326444
2411
206119
171492
332804
871892
154501
141782
277629
748619
386371
901355
134337
467778
855601
246862
640643
31075
63541
41323
985312
942342
847292
959861
71329
214413
376395
141396
332957
464797
317171
760874
194619
377401
581539
771201
66965
925628
178071
938579
578041
216947
634799
983860
446153
583829
132570
853216
741250
484320
92913
935133
354201
645136
164192
273292
5121
227902
965951
563154
730058
336660
504511
54365
878819
342313
70335
494229
407680
158013
984894
482849
332503
504274
972011
132435
132228
219557
810073
113777
804940
693576
531406
530401
887358
977949
547835
986928
789621
584881
125509
843199
192955
259954
384129
402570
16712
793294
972287
728534
660968
44906
333757
454839
391354
445884
930109
614715
763668
472646
125489
262519
596612
925808
39506
535148
167217
695488
502607
716949
862625
951992
174371
158991
93268
499852
821247
426405
260557
104062
347495
687415
372848
543448
493913
959303
505095
823493
598247
195937
272094
227597
766438
407588
196623
669932
327871
69808
722904
357069
323298
727534
913896
39784
333403
607734
391609
969461
701821
791073
710806
802123
194426
785005
452606
813658
491285
333254
937761
66497
244334
596343
223623
497229
774268
65773
704848
391055
266138
465187
16470
123225
735480
61679
146798
921557
495218
400361
701390
767681
513341
508531
456904
643723
408573
805034
359348
685572
931317
515496
812269
529220
152790
860658
820530
687003
139512
246725
922860
554351
610534
371768
879694
619703
983443
588366
371736
995347
983211
2010
467575
347269
906757
784527
803591
796624
714484
291492
2488
64683
820157
661280
354702
635042
773026
668871
725250
974922
249373
501729
723334
660383
26729
798307
150182
127036
754681
67645
738634
971125
524940
470271
133016
898324
432280
93544
186166
970671
214883
797965
254573
599266
126001
253347
99497
14767
502232
140841
226525
196014
412719
5876
783107
680882
247845
945432
176257
419259
748142
713840
817575
435729
894231
92747
576341
878339
321723
961843
189498
688892
625742
162651
563575
933182
593494
294564
280993
642686
40506
967756
711525
424156
884275
768308
36167
826110
76767
33932
324931
509960
882804
613149
769428
606521
185873
33074
151890
208613
608240
782180
870454
891915
448568
936385
308345
540690
461807
160472
702235
836069
118669
586468
29184
862248
835499
294099
490293
229013
425499
960753
718416
883960
764497
286518
446388
433859
791742
596392
713779
231695
63677
918382
85967
297392
861350
509299
671769
146739
17537
49779
920955
317750
445589
811494
61393
44196
890078
341509
829041
124492
296924
302525
613963
218078
793032
41519
935340
88513
911394
856098
849565
720723
538725
907014
59112
92734
161180
619430
191674
925491
756942
29353
847396
174855
93589
313668
734460
345254
606093
647232
279264
683832
254567
244899
659418
718350
429469
18558
194655
346953
894912
678034
392370
682504
186093
367136
761510
702987
696606
43596
25664
22697
160988
546349
44858
298858
325394
105524
820196
287810
424702
779702
747622
540459
252992
924823
955616
684701
783573
477013
101106
518189
571165
524206
77207
728831
53784
458095
624940
637289
645999
23067
762895
19814
497967
861876
89250
270836
153488
971432
530095
704587
761716
895003
353446
3578
152427
18765
216513
339231
648819
226664
393992
660930
310205
974057
926704
790606
77738
176232
814559
763310
89429
518661
368011
303745
140809
141105
147712
695353
242899
355414
480896
566485
434867
235300
648836
734200
430508
874682
834273
12774
472059
462573
840070
662428
300004
770551
846434
753033
830119
650559
380386
209324
861138
618880
384600
567627
10096
112089
1783
593997
448287
95601
936891
249589
652223
431749
235109
370683
643654
955344
140196
300745
352497
65366
99472
542223
779349
485708
884239
564419
863188
728295
708762
210616
473515
359231
74586
27930
80807
897376
773292
51332
792567
263534
423620
564926
532509
549938
517421
453142
52863
80133
21550
740761
295450
952151
296073
781102
714006
96477
182813
266064
645300
108437
630059
903655
43683
112823
497013
190849
400306
316217
774658
534961
145249
784703
167359
96580
572112
456158
986559
264669
31833
756172
119779
74028
560825
311077
485077
260495
847273
408988
210734
397637
92491
248828
179192
940683
906048
359450
293837
171477
170070
941338
414750
566122
695135
614874
840592
237148
643996
475262
540800
167651
639512
628057
999079
250518
880850
304756
14361
259781
62995
713279
621352
421749
921117
272210
528741
208697
809220
189470
644038
791209
985814
77236
745507
351810
155445
795761
100571
727770
976006
885702
818579
242430
425922
533280
896350
763177
158058
918968
561017
64035
900951
319096
808365
458613
269039
809288
91223
917892
86324
55349
310276
129810
461494
74814
64118
898252
828713
517434
564676
830096
595665
542633
152989
322944
500505
290709
957868
144188
450756
985892
996248
629695
606715
420285
285475
72600
366788
193621
793970
990722
122259
225301
821163
273954
560763
953066
221370
53214
887741
27368
448047
388373
368833
952668
20737
916478
702947
996652
926518
175776
667684
999789
245594
377003
530113
709442
17452
885234
379169
44459
72217
656902
179879
648113
876896
683952
959463
422508
920148
95050
32694
611632
219776
621562
439451
58450
982116
651212
134625
537626
413854
8363
353934
205319
239140
491324
992750
386553
287854
691032
296840
815871
871281
832676
555826
807485
726981
626126
952065
182970
203751
636133
200728
840964
372315
838293
746785
860416
828010
927998
243482
676114
753545
764337
800519
216677
242586
900294
373318
917911
903691
465181
645503
315588
112221
320495
127993
700142
902143
256080
840074
753926
581528
622083
913383
503449
242148
783737
394713
682970
87094
132648
851281
803976
628955
114565
696146
72892
696543
759838
956300
189009
936745
743253
467081
477552
421313
694844
618176
639926
852914
349386
93319
350277
566347
227128
480294
220324
943679
974715
778375
474067
674668
117854
119817
334256
478329
405947
4531
889343
502104
66965
220485
924058
416299
572629
831083
653236
2883
73888
828107
734731
975107
552337
280637
905130
111011
132696
938778
232024
805328
215790
399341
167457
614257
212916
975879
695230
772229
761704
645551
330979
429096
330498
956278
401381
394996
254193
617959
869255
194180
28205
656093
320224
509268
378233
355184
785194
907460
512823
784327
932777
500604
907367
954513
431157
704617
437694
638671
446502
323300
118239
689352
165404
290740
368568
502688
49897
64234
41276
218179
309403
130923
375352
21628
739369
343371
658324
774562
907896
454099
624809
953329
26379
615973
280057
727990
707526
841271
858831
828004
579101
664507
300148
354309
252126
822751
614987
584202
341463
693616
890506
85059
410149
258393
693269
956138
987546
173130
771000
844761
100170
84020
204801
694812
463218
397360
806584
576801
25094
799807
117501
303884
355862
845228
613564
99687
997212
361550
585102
816375
466212
234410
908271
654249
762328
691573
72344
797931
958183
147318
358329
931608
22482
728650
534037
14539
933075
547906
409145
899477
3882
608294
66714
505097
950277
295837
830474
522164
760458
612452
399575
942122
918213
99900
947200
666043
430057
166113
749845
971525
455877
739892
271786
994147
236420
256762
695543
171651
269984
73533
654991
584022
926821
930512
514747
2848
978462
273648
273139
765295
891486
864134
853176
89576
700588
642442
996369
821628
657612
707521
401248
805754
137062
688870
488991
403775
255766
385383
148669
165896
831119
212486
969487
971432
710316
554656
241652
151508
378645
148427
805834
896348
973066
194968
672327
309685
669903
389175
558005
358513
673396
407546
764876
550735
472896
129330
808685
568943
290170
682422
748793
761054
656915
543490
935500
314959
6323
827451
507418
809131
765534
949136
893988
83519
758787
674685
670486
233492
852833
392681
432384
959900
38486
500528
439791
884552
156038
374907
33063
427383
70436
272010
895552
564360
350496
399891
159322
222224
334381
775492
349567
65767
66798
586725
54291
838621
30524
492505
223098
296586
836694
438403
423814
550531
353894
350726
729563
553385
627756
795300
862946
613083
333705
49800
930022
93067
156586
240415
124814
625774
730703
590240
954167
394381
118071
985325
921262
609209
888618
629649
156743
246748
812131
170793
3869
459178
479703
1248
299558
83125
983526
276883
247601
588896
677661
51923
595007
446059
145254
260488
195836
220142
943565
898354
620056
711457
23727
373131
672070
403480
510913
491017
245265
251468
107898
272447
346646
500307
949406
921379
141730
206194
482600
40938
127272
552009
401684
915664
5919
864492
176902
280308
90550
394642
662106
715807
25397
540071
90633
350885
35122
280956
475316
532196
349036
576094
828753
78314
353991
324292
608687
897267
287524
581858
501479
299727
466844
43418
4449
977442
423130
995602
521152
586053
922258
698080
291435
932619
440290
500898
913209
283550
238659
712427
936760
361991
612139
639832
985434
981260
118147
268544
834941
735475
246528
493385
58646
335589
682209
493784
701177
429806
698435
594592
191559
982433
842916
799196
244788
350552
790770
389335
580531
855129
26767
550952
433089
225813
237284
380732
374923
50698
178143
477196
497597
299208
389450
355053
266857
483280
455881
55045
179087
599383
908528
668059
450575
282027
187775
397256
298344
120621
734267
580554
485676
12092
484585
774008
930882
742578
285930
711119
789271
860808
409838
456298
950115
651733
278870
385296
840340
404531
879914
139496
725337
898306
760691
866183
546700
940550
190007
177450
946748
544236
873871
602431
806166
488170
643494
803997
631024
277188
736016
700245
523763
982762
611588
995680
409954
499775
205944
933111
78603
462068
537112
440834
305736
282131
185506
669288
40114
292440
778209
232773
370340
12537
212995
421946
135719
848583
764697
83550
14207
599212
885035
683857
246353
170196
821686
362801
206703
96937
511364
323430
454210
673270
262374
629977
787027
864877
538255
339522
974966
317892
780368
47069
337683
891129
716139
932158
172626
50231
821015
778236
482658
791633
43408
944393
101031
823147
167895
124898
483582
996152
661325
323041
480941
926813
103976
434736
724396
655028
216271
601496
156490
428461
505048
846455
719806
542992
462876
767120
592139
939550
918707
283132
954382
314965
704017
572799
270567
563473
30524
497846
316162
843919
689513
223596
414849
197197
736050
910603
325256
866894
270519
218863
594916
45753
951054
126358
488793
394913
522408
153844
557254
364448
172225
209635
922807
419548
322179
900984
191431
56043
384760
872369
186352
507219
197866
447050
588529
989546
620058
775278
461914
869276
884057
234443
734071
453387
427013
514238
844439
945873
904995
92206
315384
223904
584406
855989
919888
680523
669882
664952
744442
6814
194912
481431
971708
111399
886886
317248
127345
880408
682865
738078
729687
709508
393802
557231
748663
507463
995666
226164
243501
917059
299363
768129
433427
131652
961349
478196
189902
364613
800458
353026
646644
923020
86023
179565
740953
606960
677423
353938
331573
739771
260173
409438
233779
791146
793629
278369
175320
202065
648200
473531
622414
474651
690747
163890
249549
919408
250979
691814
956005
886895
587527
604891
171754
501210
681857
814326
483068
83793
165786
765635
826033
565431
942081
787059
388898
94321
100904
883043
645007
962445
852348
914583
973551
848959
477503
287237
832537
335942
916291
576014
610056
681133
259908
861128
817102
744685
671203
742390
355160
679727
866555
883161
22810
900464
200354
805791
284119
66110
720702
27834
818382
924063
281473
572428
631300
157136
370242
310206
641515
683819
314041
457584
429804
160098
256087
612618
586582
774183
860672
3185
667682
269230
206950
341078
286050
59274
597699
947816
773062
569908
353330
828458
553355
390251
564587
216095
493441
687669
789529
195937
791351
423043
944602
429905
670277
474994
845715
769640
769141
367982
668396
539052
421134
681009
210799
199807
377151
740521
66169
851153
998501
504824
703322
294710
693817
661269
570191
822547
854233
257615
562457
300593
502065
843186
419833
904691
313350
979330
70667
343396
947743
711588
55164
621994
710928
761181
162986
331992
602020
30385
316630
625631
707686
935021
313480
46883
155980
721857
227392
501740
107393
547973
85076
397875
572173
833244
654955
127645
478948
975542
231124
51012
824008
713327
831044
810608
971163
867221
832682
167780
304133
825415
866417
3669
485758
405432
651346
375606
119544
783827
978962
855470
289708
642617
881823
744043
617792
425637
745731
497936
788754
100657
847811
782026
404132
791153
464854
146304
315492
854653
578949
318824
92374
645709
296156
845687
714464
898237
967882
1392
451058
974575
706266
962782
814672
930895
467278
16477
786621
117810
298581
47826
97221
27416
816426
602810
967783
512784
785481
879712
69726
331002
694989
528489
218443
769576
314091
382217
547073
230430
728709
210328
297516
658617
704364
184703
14046
181100
801141
809100
303096
484325
118966
529894
338609
386190
136350
458970
398278
321519
571566
305555
368830
49648
20312
435368
336217
791228
860274
294288
575893
255682
366615
656753
428508
708821
808859
242709
32973
75699
365672
34045
423013
566563
97977
795216
774026
871543
118963
448364
713972
82673
582107
840286
109176
472834
373304
695724
508786
696174
920134
177679
450575
89035
704724
542078
166837
476072
442107
920293
402191
819337
418107
814773
186616
938449
457203
393620
641923
118649
366461
471989
124453
617596
155300
626435
318016
958229
186306
435575
368524
32608
247099
649226
836196
874269
537424
526020
649451
323092
294816
136370
578265
372114
898241
350837
195621
615185
962871
105143
986577
346101
99471
226553
706189
803571
470299
216200
910921
761804
412042
127119
655642
796727
23523
517
642248
286685
594526
915847
160498
595070
90527
256256
997406
108465
478288
725060
156001
703432
243546
504252
275559
637778
353279
574908
472160
916026
991703
527025
997255
984396
828772
631286
393424
446744
299860
362821
205870
996783
401556
620746
245630
383370
272908
29203
679059
519563
235194
715044
346591
280027
11694
938920
31674
56498
424736
552513
806226
151093
675049
778304
795632
949049
871524
279088
474659
16357
306722
550221
262347
451126
235844
998674
414787
660637
906745
476080
990252
119299
465237
514394
918867
659308
741642
378941
482814
364025
736837
392014
644312
841415
675175
667387
875382
489334
574622
668163
302981
905988
643296
283169
771730
999639
946052
272100
691638
659929
469053
272794
698076
197565
219187
490986
220657
725473
996671
260865
193574
670988
503043
380069
503973
950422
979109
526693
909902
635751
876774
850929
394476
773463
920418
188358
630841
372789
736678
934337
718794
657955
853865
181973
830104
260767
848937
854936
754797
169884
565348
202168
100328
111374
711151
215946
875244
645381
960053
752835
108843
794865
135568
819711
583242
167876
83773
662655
659634
54261
946815
273840
95219
584096
816211
914982
822932
417738
889163
847272
808891
505987
697930
326500
109813
381540
488667
104259
296355
632568
274158
282263
489218
228407
520879
416177
540053
66669
289860
898896
538353
938106
761188
340020
432933
353650
498959
9488
962308
903845
368685
289245
720016
727544
282823
229259
552132
950962
205980
545682
405181
283795
390945
175399
981959
574174
421465
472331
91200
384824
978444
4669
502699
495849
882727
477968
162260
157695
562352
300887
595035
34129
456867
783164
647006
358945
25006
201392
779015
555739
91846
600188
224623
263418
335716
861751
57261
183242
57504
441232
203264
805512
530472
54027
924372
97253
202845
370121
794740
26217
232906
696703
632461
392757
121473
659401
206619
665185
662612
577175
67443
331139
423149
560837
292907
12113
451147
9865
218089
531678
877401
644806
768071
484736
475309
846653
296800
324691
335130
195875
261626
667990
602162
126605
858448
771634
539803
58567
2810
737563
120076
823877
570427
808656
808741
583729
60519
443708
632489
443811
881647
285055
644185
174895
184394
691910
930605
149015
942722
637398
244849
101921
30169
198185
295739
926212
979862
476143
37637
439740
921775
706357
601323
820797
318420
35747
662018
532292
197462
720799
869394
880712
227122
117328
404274
280591
609022
840765
558783
446750
708719
833107
225528
19465
746436
724485
261433
716648
546963
478158
330514
478570
549038
312850
299396
233027
522610
978338
505943
973953
134444
759774
875803
485885
398695
117109
211257
408812
37270
874441
690740
858901
897946
892269
840514
210397
368497
624720
221953
234238
518205
125491
743768
38614
672428
771862
46123
172699
510600
627761
695738
391149
481693
141662
477399
830788
158466
948308
535810
411016
601926
8205
580642
628800
640761
717769
440546
545890
113556
813804
436006
303113
825733
476611
702185
565252
907099
764708
865653
471306
578443
906803
875901
446604
714397
359937
54426
832099
443702
565454
496032
108841
668930
989871
148061
482467
52605
224523
933742
161115
960863
218559
771197
110797
487202
610018
296538
389303
53617
337122
664245
239507
278831
698445
854902
979297
219424
88620
872889
864669
824952
232458
937449
287505
569726
103378
47416
825283
764381
161046
778744
842382
583047
627372
117977
143054
685574
9843
537983
100405
447265
993011
791231
939899
723751
706402
763255
54706
641371
532611
791239
404663
901180
612393
169904
917316
777519
624666
675719
740771
305483
26190
681237
175933
636993
362199
17294
552529
558758
56922
754732
830080
556767
562363
638120
878084
388712
503767
563861
876545
40833
922219
502617
10100
79413
29906
488712
286600
203848
700587
893151
245895
859324
70681
931865
494573
130304
743651
243761
506777
793718
367164
578485
22813
90591
297694
756036
624948
349670
798991
911140
556563
868357
253446
538114
602648
258712
517223
65287
42591
775548
65641
747347
479284
773411
942872
545624
102306
565560
509238
988054
551850
995817
915261
171246
116815
934422
293696
913190
857230
988820
471727
264312
843948
332381
852345
485463
701287
480408
320204
491199
816718
746497
632696
524983
15148
89077
902961
591718
780448
741917
312115
543887
20680
378996
554752
41899
261852
949046
168133
670690
194711
714855
858715
512997
745487
935677
890793
223466
88038
417259
835174
142661
52185
387850
535996
127200
724598
211302
99656
677719
120810
269091
820158
110578
326200
133067
643562
488704
12166
632117
451473
382028
390289
603026
162358
660735
974529
954839
824440
19026
98520
861570
5784
878317
866883
282252
531801
837729
180883
114538
676928
173247
493189
189631
444603
616531
397373
791713
163998
729664
892946
771142
270472
874425
516674
566027
691108
184346
35974
219104
429259
221665
606209
19540
987143
877579
955090
414777
236851
29327
644745
303092
616190
718769
487093
993443
505486
43845
999963
146795
948225
691521
490948
862237
838606
324925
22318
477380
386058
385801
329378
152333
564039
526315
115173
320915
884439
361331
204360
96775
855278
550333
110042
594937
88421
761347
922366
544389
124763
937372
618455
647004
881846
388501
614879
938350
109639
916459
882071
276593
368652
838178
567961
179729
80526
709700
448393
34868
889643
518585
769450
555624
226990
696704
380429
889004
541722
506312
366756
13592
588934
865837
222708
408233
762018
476050
169257
777709
787095
786775
937219
961415
487181
503991
830190
946784
106694
673345
577264
982955
780135
799153
828732
808338
266391
864171
722659
559682
266112
961299
738730
692112
890291
354827
791990
191942
486504
8778
777892
70798
562275
593813
395637
790778
368049
333149
83879
321198
216018
960182
530335
862059
815409
765103
863041
848248
304334
753170
132706
998319
144700
650937
835477
293985
672262
647947
11170
511591
642541
693522
153557
836742
642765
406650
619442
596862
818653
467881
669894
821487
198805
290357
24984
795241
708266
20806
166079
952014
336757
672138
113101
651110
496562
685518
946153
654975
547
194560
175226
125311
681364
993790
86463
798216
444090
343706
425596
987718
963957
607149
643919
181400
654133
858068
596577
590680
830584
669068
230072
881481
627505
40742
899560
785756
556933
918566
37481
954399
891182
965694
76612
271107
107010
180258
309736
136584
219022
922056
837529
142663
54812
330878
12424
439131
536660
196647
483261
515949
428159
616915
944753
271259
217830
926074
558584
238149
951001
778517
926491
267251
311564
561946
290244
222886
316187
716306
336530
140154
751918
121304
669837
883764
108087
616368
375731
645998
334744
935489
491889
878492
266338
152753
155245
845754
306425
229723
272704
855124
903123
32687
894785
188465
840287
665895
55804
72669
256194
73250
821314
650898
990716
289375
145754
503618
604073
412631
47061
67204
909092
896310
652287
186840
702982
373176
98674
174745
52492
522269
947652
949950
505046
963720
551584
787468
734540
737466
590386
415388
962843
913317
860092
502404
874781
599344
445830
738405
113815
210694
447858
67473
511772
244763
787245
19927
94094
684925
166978
552748
765700
397842
785161
421175
621448
445620
7484
85816
885239
86502
965737
161750
785611
800433
716676
239941
838774
479007
93140
13585
81828
351699
495438
423369
661987
46787
936255
477130
692191
320020
868578
253415
904710
541521
432401
982322
272714
210247
166168
865130
401733
155583
415846
253697
943734
17112
586013
831752
257641
624193
433224
965689
244405
265553
946796
353185
38687
102339
145911
467240
8156
926033
959638
293246
142452
382187
162466
891428
334914
268116
72122
161620
796824
663706
692780
155086
416703
138096
201804
629761
985884
788585
401511
73234
948590
963731
440402
973515
164531
961838
728539
898275
953258
38728
512545
381030
43764
811062
664192
405889
167956
36017
761828
861996
252309
91018
885567
114164
100299
226443
161045
837860
288881
288108
320052
80079
623090
880879
206722
407997
302915
638232
207598
287984
59117
277004
670344
533201
424232
100165
346669
286204
979171
782448
621915
535013
837665
344548
287331
619493
198909
557438
380284
229605
966606
379933
530803
175077
888229
552311
993088
486250
499187
887318
313077
824258
994184
805747
534608
620213
903158
886445
220399
312458
664148
100006
832547
44274
554526
379451
660060
889301
563258
161181
785156
406200
189525
159825
156329
800648
595820
222080
461074
415110
867623
830843
278130
297166
576415
168144
993978
997061
457856
741377
391241
562270
382986
760999
703295
684106
138098
968547
613039
841722
100901
892988
844211
787538
821228
399514
533529
315755
475370
574366
961722
589125
88003
115164
956779
480904
664215
222390
816973
515765
753836
420694
516544
701486
646506
149063
774132
678430
749759
394673
960671
582086
295651
708015
623435
561765
675253
484175
840199
706051
964932
493541
299645
987803
566187
863628
922724
354659
961812
964218
685452
203769
959965
699583
874070
807403
137879
557658
227142
268131
975659
905784
448689
600046
119895
529098
717776
498727
324054
740866
910967
762884
942622
78377
260511
548604
771587
648160
872863
806100
350073
617329
975994
742533
437622
822609
556625
466380
397046
966452
932537
30606
134744
445709
655975
705765
121254
835169
801480
656523
38386
285319
729710
695010
995611
5054
160100
257501
918511
869034
430178
722831
419178
962477
449244
226510
267677
55454
17845
756803
953130
266345
485265
820497
958188
696707
813831
323104
98355
810184
957302
435589
984493
390514
176751
758224
106144
693368
254863
117169
628179
23041
734960
533767
173901
418115
236214
624199
200501
400445
38020
55493
221528
27789
843217
106146
512841
12142
88277
554579
42147
245330
657245
558601
198890
275480
805374
834050
907728
370794
43238
832748
483667
994294
598926
556721
457091
974151
732555
35939
25570
864831
779460
762182
783588
586931
341566
698292
561493
981091
394259
472497
575130
419989
587586
881548
886351
964940
3935
477294
809296
874346
10219
538754
212691
651679
800510
410369
414962
295501
175329
621080
749639
376506
392696
200249
110833
224113
955868
456251
650803
981173
771015
345391
943546
899491
445544
130624
913727
634595
121879
10758
722243
415690
197283
14631
534391
952592
492102
167018
360446
678761
323962
969050
259914
285186
777636
599059
442851
660185
843183
484460
54278
330617
125812
959808
442090
631761
809173
986651
45214
314672
530409
958014
655438
535008
313681
104976
281124
967772
715753
569761
449418
760430
176539
492635
246734
92778
666637
768903
240543
743297
648314
208377
606452
526658
87902
361050
169548
26163
848075
578960
53328
791688
130713
621452
913108
534462
607675
562991
635196
314327
30828
572185
500283
431090
855687
297872
258423
605702
607798
144970
891145
740923
186179
359000
261280
436005
779914
369135
922629
880285
525583
843155
989560
803070
731436
416610
644346
616761
730083
516858
189668
26198
380946
844360
462901
148296
497092
76142
237673
381803
204771
269200
792388
18588
725772
516604
25390
120693
699451
284787
67896
256227
387045
255640
716284
880934
971813
966260
544547
921573
455886
137316
575041
316460
876639
117728
30874
840963
274900
538280
935368
180972
93273
961292
204788
742072
199321
79449
746370
714118
387317
50523
519177
721177
610641
464724
310911
586837
15944
336311
744948
914198
849087
601121
393653
358829
948119
12629
550353
343288
527868
772786
289592
579549
886683
25716
679294
933603
143856
464675
145087
768941
918525
536347
242141
923027
742422
782137
116837
781214
956249
613215
148432
90336
834684
386533
719973
895598
348351
770140
908668
772988
956992
178752
2205
686547
760237
680569
89542
682353
953492
126606
801163
269629
532758
666087
282584
726501
693882
571133
601234
316502
791837
74144
691804
934999
599431
930084
555766
348419
42586
852073
301247
53537
989284
937350
727771
507297
520659
842578
206767
996341
282376
676430
833417
600522
538564
897266
838237
553506
907391
44051
474090
863056
181463
149613
636092
910095
465125
582675
654922
755518
46316
478000
912959
315324
16811
312761
976406
310812
314386
362865
42846
4869
954577
106712
984413
662185
36875
410801
952401
734944
784169
309295
646802
27936
353163
658747
332371
499931
205146
828836
335879
826229
437113
579492
608544
408097
547162
204235
530866
808087
304877
471691
539766
220596
410162
444319
465387
426926
303792
105176
120279
262961
247422
56709
223084
671899
239422
189822
950213
899857
153642
903437
794511
658428
511110
207738
857605
455844
647413
527602
642963
236007
988520
657619
190748
701205
141873
893718
754327
191659
992694
882202
33492
874795
182464
779785
623773
68308
703603
204393
714359
762819
274328
704257
273800
671398
531606
711205
381266
810392
234112
651681
744221
219487
28679
951870
491443
139902
700688
728820
539973
171830
995617
253612
884459
86112
881204
250735
547721
64032
57326
417521
136717
490951
734505
454836
315732
201607
138670
13851
837164
210963
656766
344012
870452
120979
211983
385472
159264
953601
724692
420458
717081
923491
705717
141121
129089
104997
396318
16044
615636
860242
185459
417929
658474
650479
595297
826714
771865
215796
801808
212429
291511
309736
258165
287847
698685
619160
275587
466060
862663
398067
504129
930669
429495
557381
291831
579086
391098
597326
997890
79475
399074
82622
896647
400743
836595
513424
850500
197480
477881
883200
999042
980018
794902
239850
613735
428582
748954
291329
634664
925591
169483
484520
987995
144498
197188
199408
988586
126983
308281
12655
376227
252728
517912
504185
495917
754620
554891
591806
836374
433617
235866
552512
504455
615676
647086
811055
231385
538622
649392
974050
784640
840533
488912
504948
6693
632107
705570
308537
431314
635423
520418
16220
45255
530031
802840
253718
902953
794175
66903
782285
88154
260104
329759
686087
107812
318560
896290
616969
61198
611681
180644
996688
120017
88377
683451
424299
321765
901262
547958
855539
842996
140236
180890
128617
41136
712140
813767
317098
155968
765026
226874
699537
632917
187523
348524
198889
351451
977361
363991
155533
753036
442821
769112
258591
493342
627576
256240
750561
858973
627278
630308
646579
913171
339007
897349
537001
723363
537923
70410
851272
395829
961434
487129
358430
16587
574965
738724
787387
921266
216900
453296
606351
469269
972509
308593
826337
92652
244614
208402
435242
317521
758879
45456
56716
979827
966767
457734
950450
354723
581705
155139
660293
235788
829146
50839
757511
61632
86930
952237
114128
571309
639917
613586
974051
798254
398173
496148
113005
673534
444630
406341
604569
511687
503413
740447
653522
935960
884942
338177
208598
430902
174545
397208
902260
127817
435543
889305
262242
97271
482255
905130
949565
349646
162496
490656
372189
190235
598842
816483
741012
109656
939997
651758
837444
23169
64069
973491
321818
824647
36753
414491
450795
625438
993167
10987
187241
565489
441349
365570
209665
18485
182558
515327
234965
227035
511984
85951
673169
592095
647398
753156
470636
618046
217039
810673
921277
102212
347649
596721
89207
773251
566827
684472
522179
549728
319991
331938
160825
348871
184920
722551
90810
399294
140021
584144
37164
59543
465713
379283
913171
120896
348503
550169
779401
48116
766111
547057
958362
330388
555167
226686
936382
681552
389009
62971
907571
710143
839997
441183
60407
202319
71875
46684
307359
336726
164551
822017
587927
19399
605049
829823
964983
321792
216959
134984
23485
132863
324418
115475
597293
113909
971922
142524
46594
20083
885687
89673
399
633025
174101
534984
371575
839822
979195
390419
473349
349057
321352
407414
18921
228973
941050
758823
965840
981092
998100
690035
217311
967330
749483
470906
33163
454954
247950
653649
850583
62255
55312
905861
219563
735848
465716
970239
326414
932294
193587
108611
872896
4738
435052
147794
181303
961103
473705
257776
45876
654511
177673
352960
525952
900194
552528
659595
583752
422713
106887
96991
379858
193992
176977
13076
108507
915321
122060
636650
18255
169597
331616
451854
397540
187358
598823
330363
840788
558897
590073
363838
778869
652455
582803
565330
146806
5442
931683
592489
263416
33252
610610
401868
350022
108098
217518
882521
347635
914360
223123
135724
874703
479223
48822
439129
221381
509529
855470
272981
859220
340117
43167
826100
482664
224142
841636
582796
100309
745158
14168
328633
704047
763695
205121
219002
683272
690594
461338
764601
520007
758825
987260
155624
328865
503222
541288
758471
406775
879159
850803
662978
169868
770113
122575
655478
725537
715113
417713
535636
