70
5000
344495
467122
565604
897758
524673
958880
838570
584463
146475
111915
948170
865559
953898
554895
453499
103812
201690
682752
738091
241276
182414
247355
593580
367207
353679
135672
373116
167337
100468
956284
731951
748813
249563
740682
908283
861757
375169
970425
893216
311278
10180
224545
264370
822360
318642
421615
671428
582691
798861
117209
573619
266525
733726
926955
285836
807976
976562
454719
766875
938545
336181
110026
663121
612442
43434
462035
404689
866298
650629
606528
771287
752442
306853
747273
527685
381152
682865
685965
238604
24936
431374
547331
277811
26062
247418
707145
194375
163049
11272
337880
128927
642801
610680
747801
103243
130017
388402
765072
51865
898616
363487
248758
131267
324313
44645
526950
274616
21138
489533
729453
665669
171833
905394
982084
131808
14130
239416
473305
658065
66126
536678
733065
630910
800398
168849
352107
538641
82437
124999
316102
124680
51803
849829
959458
876184
401390
118485
783100
959487
749330
378920
195347
187109
776697
468492
645727
561646
279854
816810
106593
554527
229499
5279
7445
120042
602475
724308
566341
620503
837098
114236
316023
478993
478920
600745
158023
308683
585948
594956
397327
937869
709893
895687
167554
916063
118604
855984
470552
926288
256805
223205
888739
968035
599893
820807
879745
803415
388077
583573
967082
212050
838196
148965
919081
936425
951715
829760
673320
939983
185545
276251
120164
578071
160591
691054
840959
895719
192150
244595
393460
61947
133500
670909
284709
800467
854718
385971
820752
545723
777463
587175
388064
556021
676679
29015
842720
779972
929295
681663
77578
661847
614424
507096
822718
791569
165715
994609
196110
560177
223867
659049
714550
4387
539351
169094
99753
34402
431515
140150
722374
842376
105390
322143
413737
238899
808711
738149
394014
233110
362224
340920
814641
794457
100909
940630
731169
724206
590710
97572
34547
477426
995487
514917
743202
16571
902360
409876
79731
37380
995921
452772
2215
307954
798070
86034
973578
889922
435544
235747
268969
311378
39275
552576
27936
177160
671532
416426
222417
349987
460443
589339
632945
116252
781286
516283
87932
179832
154982
330235
918537
420205
279298
892178
558456
167086
697265
605970
877063
709525
999198
866662
637572
912172
22436
657194
248221
716889
539256
764775
439059
225635
4710
187242
659789
346213
255796
42495
168329
937550
980899
666447
61613
969105
518419
611795
94844
966320
746310
574644
161956
118113
904957
869441
67123
858778
722686
620044
330090
266878
252087
886626
210794
180452
165501
286884
808971
928832
433837
184070
789004
169648
991731
668004
661860
680997
199401
431932
295991
870188
655959
941324
834212
365080
179801
535433
796731
764366
129438
378105
666508
995757
696716
628974
115290
683287
627969
491231
114159
872673
129973
6052
99145
572435
542779
836749
102706
839900
338278
522528
503597
760021
964872
438062
872140
610992
521174
949905
653855
654013
484519
312132
168455
315864
444315
935903
296424
46707
960345
991085
45501
99772
417584
107692
548677
765482
733407
243744
738971
131049
680304
461396
46755
302496
47230
926318
622176
584475
216280
318638
67299
635610
306046
552899
104350
556661
369608
893194
683607
824618
826598
957028
287096
41349
58306
409586
713667
122091
242690
34863
335714
377922
886825
664491
138588
919040
933213
11488
557028
228623
549827
523699
591436
681626
758726
347080
541079
713719
644791
950466
739563
726961
111823
619222
165989
675696
94607
589962
20231
745031
382408
866960
979596
833306
608183
322489
590493
626858
207432
863384
810972
758591
918779
166580
428764
976113
890404
773673
808308
655378
588492
4187
125545
498939
185782
5848
441800
815474
732860
879241
82965
878453
240023
49109
466205
478822
60541
225747
765672
362578
752932
435433
77515
904927
984613
356870
725338
470674
182332
552760
531706
627003
177004
887146
509459
899070
759039
820350
198821
386238
454955
85507
745650
236135
300624
679827
930969
525656
70494
30156
710019
661164
311508
791721
415030
469988
179747
373820
635591
325810
63793
139402
525932
925476
672185
908099
709679
707179
648335
395548
967935
987080
485825
232971
736481
347666
28057
38430
54148
309286
943744
927737
260657
268395
216637
865450
316641
37376
571610
335082
225448
208389
675047
975283
518160
740483
231768
994104
981761
249465
716297
982790
114523
507908
907747
627573
672742
919082
474070
227082
542113
934466
514118
790829
397239
174020
262850
325249
139023
92585
629935
542117
210242
23550
496515
992775
567848
747787
152685
366688
189899
986202
753106
921743
423485
865318
646899
502870
516486
564258
264874
779563
84597
346914
402195
688316
218071
29418
198664
454659
377222
747602
351684
349121
916441
273810
422505
825818
251641
320240
227612
755276
572243
551107
983438
694285
335785
860514
74006
478593
994116
648878
713850
618837
169988
508089
905229
875451
413719
18642
35826
459586
782024
811311
420030
257680
725359
16117
119420
175103
806151
523494
571018
209874
874588
49575
613472
473491
61987
319341
91697
795722
401572
923396
828010
654299
860242
709244
678423
188413
561659
597616
851301
436115
872410
78324
492034
502249
577162
27866
246752
429132
741525
696737
107481
869254
692395
579643
290605
458612
667438
543674
770534
684358
406122
366678
793436
440403
456546
374109
80213
847063
303941
654007
405572
700874
676096
414549
651186
410397
538605
825590
60666
21331
92777
334486
594926
910138
17667
528179
348504
123398
165263
790204
857307
89864
168347
785945
968951
991312
961081
419090
694442
760540
894971
633373
286388
814459
897853
512134
537716
188482
12828
121533
364014
879530
592837
69751
310126
419205
124968
351426
866757
930267
548298
511530
28210
531813
140602
12928
326045
140581
142107
298317
614652
659296
148640
987859
417880
516473
414039
55612
996586
31148
333020
34786
257183
291363
967022
925562
621947
478776
145950
320093
417754
892424
279779
526517
948881
804848
440395
536192
527858
442407
329740
475396
839854
729976
722873
140240
29717
673754
613136
426602
534074
107181
128944
642202
915250
731219
698279
733266
874042
593577
335849
395960
242616
954657
788382
116498
432154
845054
514706
147917
160091
166954
716944
547306
497828
142135
319880
705094
926223
303728
546157
368772
742982
934620
44636
29145
486090
554063
299382
172019
122576
363884
224718
40327
147078
483706
840254
338165
664307
340130
510036
510491
346236
33475
972970
893107
630850
561458
674771
872489
895401
643665
923057
289470
20084
50442
745316
146
47500
912425
252125
654929
183391
114195
911568
703037
728293
413799
46216
974867
300094
184944
704468
188509
514744
710468
911071
974803
743532
907644
557982
368943
287111
615183
533474
874444
284903
200333
210061
289402
299739
278646
257249
254625
501517
121141
694196
694286
870652
436348
631488
122847
757089
451965
743575
215047
354291
766210
854195
548543
625670
393129
467947
195338
763854
949120
349954
888290
408962
659513
379098
463876
702620
222986
733126
442773
297405
764195
260156
220656
23468
73741
307881
285069
313407
403292
3743
188751
117202
902672
636714
142442
257332
28494
919360
942126
704354
771062
637270
386101
326251
171744
119567
875301
864370
444152
690575
901731
699026
988211
925998
836629
296732
568365
604745
328913
404731
984865
661234
61799
45561
476292
271431
895687
472602
990462
839904
267025
230694
167366
842338
398264
174277
19417
382385
755729
891394
924886
209282
666494
954482
525241
823182
60337
436846
270194
622498
336991
888251
133345
921363
818435
112779
465649
252624
696972
770973
136462
111632
629861
117183
375364
744937
222686
665395
679093
906498
361980
538864
921719
388449
855130
761279
879112
517790
986554
326086
323246
212217
772780
178850
990320
502471
295321
920557
627882
557063
618796
469151
538385
769874
91806
512080
404996
552561
190173
37787
124490
434377
747289
256799
465326
964465
598699
94367
781876
838564
285922
656393
366967
774034
637482
646548
20384
665553
81755
911298
651077
699312
716508
386053
489947
699628
757298
253630
735578
386876
324649
687648
198572
507591
163613
520627
342225
206582
755877
248949
667730
426147
44829
94171
503775
383472
843599
755381
749127
113141
470525
735919
462676
132177
606862
351859
820673
669345
509267
417196
960345
870927
705460
413734
214830
388098
993019
122641
456242
126771
212605
734884
298677
7008
344352
390495
765179
405785
710542
496232
437689
433847
808757
420759
566572
54252
862264
799309
781591
698678
772597
940351
571543
885934
659123
794065
431460
428797
277032
715229
736742
301
450085
516690
891313
552093
32671
178553
909471
118095
546139
77459
181001
768987
735861
657183
503522
562631
798988
211768
721199
378094
21837
544474
660582
363420
71387
273093
983651
602492
487640
798650
975681
553320
763219
137826
199131
447584
14542
716494
619871
303191
899242
295001
106123
704742
181233
537450
856584
376227
950272
620822
849503
6093
382543
701602
209692
148830
143199
250214
623358
480131
700031
25996
596951
591976
649274
928952
873927
681196
603424
317506
230479
753012
447279
389214
994260
804636
438367
733405
445299
289799
966087
927948
726907
580183
944175
414138
298635
63992
685235
944152
753673
465559
39696
338233
419964
684081
494158
943864
135559
40582
292554
561784
74691
809196
973151
803206
453815
818495
96817
186843
901367
584118
328597
792063
841174
736273
813792
425351
517384
942958
856331
807743
466905
832379
531264
547234
839172
929478
363523
783174
655409
745521
170432
842901
8591
264257
526125
140469
451721
146197
665051
340809
14823
428467
781727
890193
621828
509118
554263
955309
195752
284932
54939
653183
811841
17332
803458
134445
30531
168492
477006
145670
460761
190321
886069
277820
203974
914296
639373
958607
10269
396129
854930
137291
625241
526723
739927
711336
699226
975778
690312
220431
838973
560445
607319
811324
613782
912004
646731
595646
541196
279079
918113
849180
823954
54602
611486
755090
305662
825173
796914
246008
229511
231143
687882
882884
21792
304810
345651
174374
280939
720129
984614
962129
412956
552862
157812
66842
392939
731185
845263
419576
422517
461115
576306
481004
786928
975233
455854
895738
538313
831963
408147
185557
991516
276524
746359
651928
470095
988908
473318
844593
936332
794848
134566
791768
286425
320427
437605
78397
868309
814142
959745
645376
197201
642092
128500
583258
186888
750169
622170
766809
759292
300944
966369
732104
408431
315442
214284
524908
411452
963404
29156
974251
138704
439042
533435
191880
88135
677288
55710
123721
272487
780528
933590
119290
951539
255485
965339
49546
801005
521686
884758
442194
781164
928630
878417
895222
985109
128192
546430
593252
527225
699471
935905
141754
477259
227948
223258
588420
253692
425881
413715
747938
957621
390282
486402
133960
229104
689587
993371
827616
443188
844348
260246
217994
189291
581330
314776
770307
140001
553495
508545
86819
671835
963385
707729
584064
626642
592736
944823
661041
323915
977473
446520
318573
975828
758160
879928
61329
984092
756178
963753
513216
630832
477648
130189
355044
10830
975527
345257
471187
277095
160893
781000
398606
638198
13710
30120
356643
241016
641572
961158
855218
63623
756773
970497
934732
401687
886726
183853
590135
950603
18974
709559
282638
497973
932565
942704
861509
329769
366075
546104
65803
830588
661557
965896
68616
660958
627281
413659
55814
965457
514299
429050
485227
848325
60105
86563
275684
178258
521265
103381
120542
973457
919898
746107
552942
885976
710095
914802
253585
720656
820496
827257
125965
278836
511939
59572
377526
399335
597704
499933
786892
77554
907562
511368
104386
773210
17777
896336
287258
639770
323156
921123
730667
304002
183371
525159
562628
425900
908163
797384
3435
628374
239467
927264
149374
131041
190443
8449
801403
657765
611701
277794
407323
860783
133555
102819
400728
95448
820704
534846
774928
557827
234355
131596
202114
439218
469365
888625
196341
249349
422388
706342
899831
664721
512464
415777
112067
79449
150578
599459
945404
455340
467165
82590
819350
673499
480028
296512
425364
431508
207835
836448
900139
511455
872914
510148
329990
664181
304476
110733
795427
109240
547942
918208
546970
785620
99458
945457
474878
797232
930779
368398
632860
931152
348931
923973
603105
69834
424041
365843
378968
189666
446758
866346
583312
551749
21494
488958
579355
915807
327172
852269
532659
808921
142557
215561
808696
770674
584263
44163
771285
647161
38827
137205
662656
180196
348141
113035
313695
779728
826844
585295
632840
790230
26053
183441
679265
804806
532450
869359
575206
768195
327408
88838
936329
328635
321438
909557
390900
295937
104865
156554
518442
454216
476580
725772
950923
696254
457565
218021
922486
740866
368059
533865
340809
186372
226363
223495
222852
918328
587546
422987
102411
124791
953253
369421
880394
391154
549804
150586
951091
210899
435285
644220
3938
156274
326732
907145
726562
876144
6744
868421
504137
826228
379209
786453
867454
172672
632142
224322
447003
381103
145315
378309
710253
195661
375399
147061
240344
208402
816395
465098
698968
310589
846311
584269
617762
682250
306919
217118
78377
778127
893218
338593
715004
787065
178187
473414
643660
863453
260480
624116
609356
202493
808448
83410
892337
116186
520570
505266
662297
150897
270016
842202
589576
475411
519642
591855
641741
413988
189623
745600
235907
130992
868031
947052
706611
891493
574147
809842
518359
24241
794134
354643
16441
432121
911541
266726
550970
236402
295521
858424
219823
565472
355278
653981
589222
757033
453491
343063
747718
620885
189442
396834
5652
858917
551922
817050
575762
582284
455095
525706
923138
703822
980692
352850
496712
104948
28870
924980
742573
247977
412641
433467
863872
97589
476793
870856
337751
766611
790775
154426
142515
929200
797899
196793
6401
209859
538496
903776
282429
575555
578603
167621
49393
523210
907005
418277
169243
477508
153464
743665
936493
949139
173438
19887
825838
612867
64453
143375
112510
74469
606055
779147
199606
215050
3862
454969
59950
948766
744429
866480
326296
396894
765345
850517
871049
396023
152342
92673
824792
689533
328910
177424
5791
618308
271868
755721
682911
525087
330679
950117
90560
363059
729546
710910
639477
564790
477864
38741
511742
219721
748541
788992
669063
260272
622815
429998
663470
840362
816803
147032
889954
782129
17868
579335
567910
803664
719071
247292
794805
985052
265234
873663
749056
624080
866338
802503
98579
77321
789188
953090
412565
309402
541427
647043
866350
449805
893864
59206
851587
173047
715880
960032
552733
494199
694391
506439
835303
688715
206186
339387
148054
730638
903770
230097
890915
657938
14325
359322
926836
413654
325230
65588
924505
242980
584084
623980
216433
142410
433537
682703
354221
524274
162857
889420
85676
611616
532690
41479
103366
128520
6818
539324
473573
797706
317588
473742
579724
519243
915717
867820
275643
24881
890795
234846
457131
215930
440612
336818
961972
602490
778028
914877
872079
956655
401001
861840
715957
963842
992673
741817
781030
523549
997451
640499
124613
153827
877123
406379
667232
813713
323606
976815
832654
676463
140477
838965
446194
309234
654503
681734
795996
301169
890991
822661
410318
502786
976429
144928
660315
940593
600040
186322
222187
331484
86697
614290
907868
382190
269355
645339
491715
424758
112814
15641
43280
167267
847594
936365
91471
622238
551841
688029
904523
87428
18317
674523
6413
954367
891577
403248
386818
819456
303020
731205
321786
220443
729791
152398
125901
451838
174480
863380
325528
640527
296975
85277
848165
312226
849590
244857
475497
688916
98773
122348
960614
54854
622155
561075
143537
275513
182993
67317
877966
966403
762032
85832
592631
638124
466387
281308
56379
538088
892727
901896
222468
612528
86142
980655
874673
701503
633763
204046
837665
180966
456968
356069
975185
74764
5164
949248
656669
94662
214328
404705
120611
814543
281400
359116
104965
793444
576295
921519
577228
347518
950563
41451
163370
345517
432383
38787
275160
592462
664887
986784
680158
606889
560638
630142
295473
606697
948596
75383
618550
559032
975412
355178
211685
461047
870217
344136
128776
668567
529600
937147
424803
107607
173400
662003
790830
437210
968726
719949
921150
708964
353141
397730
898434
101681
104123
615786
813096
528114
687783
919052
71199
882149
580167
584259
625336
264335
683621
207918
318758
410713
267297
934068
885412
897413
417562
191249
769205
283851
468806
278210
211591
75348
214882
917193
456113
859666
387523
758174
352475
790522
737930
335922
704573
286623
672501
398944
546816
157548
724051
33907
151040
303422
243600
261006
668915
871836
539822
246460
151971
199123
699860
615957
367831
306802
255488
566665
986320
10783
23833
14092
752495
578453
508256
385822
478900
58235
129156
332790
433185
544033
922900
187850
739068
19481
684303
726461
411892
147056
124311
646182
243547
900808
443588
711417
277266
901715
995989
788821
322946
270830
765762
307177
226630
425688
60781
852547
63335
27981
703222
978679
157119
294659
449454
536360
999358
35072
770339
453174
3147
514134
545114
197188
533890
878077
616026
230180
241948
55819
172709
861794
154604
35154
899714
860778
350918
638102
879477
762647
865466
681769
382865
105433
344830
425253
432932
554305
196393
841926
906576
513836
349468
624481
590009
769546
742011
224645
816922
677002
923033
961965
211506
746148
510386
533726
373916
895554
232273
771875
849469
841227
844434
698083
723415
120206
715330
261404
846394
703112
837410
673534
981209
122579
898315
192806
1658
81515
317803
254453
912711
346077
575725
468173
760578
851662
368311
305768
42774
41189
984525
967380
312008
835926
784083
596943
861964
36748
810031
865147
418228
279666
946317
225598
194051
673119
437244
770040
194400
419740
503733
615906
885478
164434
512764
482944
30552
916693
611936
408706
129010
145543
253980
723965
780443
745194
996896
267776
505334
534726
560169
916310
574679
954355
589388
308760
359058
365380
362835
148204
274032
3856
18366
803102
493499
948254
891115
124377
225849
676524
76944
979393
736629
830620
667172
112176
764664
529212
938909
706700
247703
459504
728213
953858
991718
296062
427270
913825
292106
547958
579188
655381
167788
253692
652586
453054
517898
970548
694492
2092
168871
193352
527659
274937
581667
995033
164616
426884
674789
110655
255408
665413
632692
314879
866965
424722
694309
633480
486045
340077
189359
779882
931331
213447
188122
184532
36700
170710
271830
7176
104500
890126
760744
7965
592727
836863
904575
448816
354859
212426
931429
439849
704890
247873
675921
359781
956430
59930
699609
125381
340149
670672
58180
124562
268196
220503
223038
835788
902008
172666
859301
661518
871383
81682
340544
403999
277877
683940
985935
560151
401715
761368
122493
333419
579234
261970
681074
534424
205540
352559
174853
396136
677875
245726
687695
450468
556860
130648
163994
729623
349731
327869
663801
651130
818666
422285
560945
10241
823404
628351
294741
583489
572035
599746
366575
311932
2121
773709
803866
637579
400828
35941
335405
831142
664251
711403
90130
709267
11885
120095
705652
781225
228865
147829
390358
471168
281999
639250
646017
999160
204125
136867
887190
836066
127358
733338
141121
309134
43798
63559
720206
718834
1720
794511
628566
372083
686512
256011
30865
606227
923100
188991
768719
435256
5045
141109
148098
823573
485676
447669
550963
656183
457711
897124
856277
752046
359754
978551
513399
347478
524778
170834
231570
271041
815486
523969
239298
488450
995062
651025
94674
280793
465773
316876
647472
90422
738339
51920
824575
619244
664035
854603
216588
963443
73732
281749
482840
654233
677194
636074
607315
987143
406956
389315
203498
186796
804336
693263
12535
197960
596211
897363
193495
346711
627461
348187
107418
848344
519344
463003
115091
131512
891609
141671
529486
750496
923648
550284
600929
985176
225570
700105
120219
388502
390014
932653
343194
384295
570292
968462
952121
295929
236616
192931
257573
909635
149958
186111
978705
485137
563264
929771
876480
304367
690867
725726
926015
146930
506248
47067
952053
706782
331318
763176
559186
148087
258756
354790
728485
811687
972204
676818
299850
502728
345179
472727
237312
107791
169685
749197
216025
263638
729590
864274
554122
179269
28563
665219
767394
118300
864831
522456
851864
577566
415274
169113
461885
68125
657763
369089
953872
88095
806078
696237
158448
852906
295568
270209
386604
917553
807767
269016
937910
33755
118007
852325
482487
862252
311711
364779
776828
500178
303498
64469
492877
794638
988770
796211
435038
830397
427646
258961
184543
39491
232012
701302
243694
649555
658890
798390
373229
612892
909486
415988
612397
75347
351526
433016
193481
322201
968378
187113
829520
886602
291533
506599
298010
898850
441090
474055
46651
152715
139706
236268
990998
322183
329852
187518
598729
529526
31726
57866
990854
457029
831552
700854
58561
261939
608808
213279
278213
49537
962695
99601
739298
663798
650539
60514
8257
11980
843758
226795
150296
300666
290299
874852
706104
973855
139824
48347
372099
512136
566879
458897
959740
80670
829679
89841
496311
32367
572640
863086
994927
160535
411052
777272
947190
316555
347912
908570
468359
918849
709706
470195
546807
983871
209956
557262
850186
19519
93518
283297
303266
387644
563138
790559
681875
510685
493985
157114
706385
552442
545843
92857
110219
813007
648844
191409
75793
945276
703881
472163
401328
350646
703866
100530
45342
189262
501402
996607
660304
619484
315385
291491
42922
925704
143291
802056
470350
950772
719288
738340
9685
299017
934276
929747
970076
34909
783946
170896
614518
473918
204882
254352
560831
825758
308642
119036
796432
46042
388544
91721
269326
625065
347285
845365
762525
939933
89260
65695
511155
696217
468506
637891
422215
866768
577144
910738
222439
446069
380620
612714
307113
650373
566982
162103
839737
528301
924454
50085
704274
816984
463546
86401
825672
709017
678149
551723
598657
721522
216444
419322
619332
800639
711210
684
145705
1154
666419
319880
900400
811084
48373
854483
670062
705028
536458
49963
174754
227799
859754
894915
463846
666684
861230
931131
459073
1826
794799
640090
386585
779897
421517
886635
662150
942234
900555
57779
717505
533972
742488
982603
993403
550740
579497
957789
278666
769072
38529
776063
472638
367376
985042
879079
193618
490745
347901
14282
539838
688248
488822
140310
745002
985127
851203
915336
521916
362143
141731
569322
430738
28730
729867
398509
993547
84611
89675
88159
151296
565437
768912
832392
397905
94988
47427
866279
274841
423812
353870
579460
267779
724173
102846
805682
900918
17391
548291
256675
980524
165824
218901
772071
93601
714151
500081
365827
446246
517708
707265
642282
966740
146910
395162
101851
469534
979520
198239
369686
655616
88401
887682
930556
234516
801174
745451
621570
414787
734535
865777
97425
725400
696563
928133
860734
411760
258320
474606
297185
345166
772771
232942
766228
667147
619464
168132
705930
248106
153567
213899
811401
492362
908115
394048
937413
602868
725704
216545
445083
96724
748576
874608
931367
891653
141162
334230
522946
128133
798249
271333
739611
178696
615676
897078
875632
188392
363695
463345
332010
799225
239197
995243
993875
707003
645311
526186
812853
841385
849750
548548
197520
404718
18417
506853
552375
45751
371291
686382
73479
80099
228325
940155
905989
271639
995659
923965
697683
928879
77958
445062
814799
567503
569582
178340
623241
299799
552201
894564
124894
174069
399796
159928
286005
968532
684204
594355
787030
287154
369850
806768
125730
236111
809593
693011
508851
196673
311365
906343
216976
247653
97602
529447
615629
173999
291718
409304
110013
774115
713700
566547
80341
970781
471702
722657
996127
530186
303430
257278
28695
307833
991097
236096
215270
264204
554264
706705
154680
62792
475357
437720
724924
897164
823318
35831
555896
656927
666905
508589
552518
604258
69125
705946
141678
820132
407536
92963
146465
690004
877746
704492
831248
602449
789453
237634
156903
530846
963768
936539
393386
455281
100678
940532
289386
870890
909240
153434
997411
54049
317724
135749
350517
397016
76575
963486
849918
641168
740214
923298
714128
454775
830565
285726
820628
505598
83947
590874
837434
697097
345802
35410
360988
572800
675190
333855
197038
669251
789082
481717
727844
911994
770881
729221
485217
161673
507111
425411
948054
993891
552797
370306
271231
42422
193619
20987
247798
477828
836613
694636
513011
777810
746565
734685
757345
565048
505121
380605
12189
562137
733104
984300
293069
268077
717630
175506
43931
175610
463377
796652
775885
748706
569112
359
228867
103253
293359
381732
859532
251430
406801
656028
836516
118268
847515
363229
220878
198367
326265
972403
895754
204338
792175
483810
583668
330112
733574
171598
378425
56494
11665
723902
449078
216336
397403
823797
571887
132312
646318
32960
279784
610538
930114
427214
709668
546443
379201
344569
38327
591095
808307
381347
187850
312977
403467
668411
802923
374005
166989
251423
442510
331946
5722
353244
695141
440435
668826
879568
368471
781956
354308
794353
356064
161810
507853
509798
930564
730115
663146
250451
865969
760517
504772
612978
734192
567034
170680
959388
205319
241233
35591
538216
279663
699440
556705
413226
251629
467021
328969
595741
672400
979996
675877
627739
434630
608611
824868
386888
698650
454889
56332
930639
753166
886733
147039
275204
894353
732402
985769
472169
831005
955992
26409
160908
304367
463558
662169
212365
594212
907427
209756
667710
814573
300901
613956
843619
666095
113888
839548
810200
235257
427200
621848
650066
661027
224594
318584
286782
908287
394556
776147
420165
330879
622093
20453
10929
569955
499951
30263
482217
423196
798201
917896
195928
956418
142561
745173
235884
625391
166543
255050
331195
6838
481868
120389
785855
185283
765273
538691
945154
846609
982172
495273
481237
787650
276022
687793
934074
928286
847600
481199
716641
996267
467091
389247
275919
196068
352342
934542
533723
609306
372978
95361
301715
965668
994514
744261
564411
454148
742118
144628
572213
919128
849303
902240
221436
405498
634197
254592
459018
659572
540363
642037
422042
539811
467060
759735
494984
321959
462471
389921
265364
666628
79182
546261
53253
778776
18645
655885
358378
681337
42749
746815
68476
497962
648496
970284
383263
868666
763695
693382
411847
961338
386950
186044
216631
251737
163553
483939
266725
151902
407417
601858
906298
691392
558247
999226
62069
237861
209369
366928
56367
730549
243426
737177
208697
400795
860587
84289
747553
699480
98119
536247
452756
489283
88293
783609
520541
637601
357086
639415
621324
3229
399663
41446
988401
92132
740992
131300
227528
624735
406370
340163
312687
47694
451544
83061
133329
757886
451916
448978
474343
867047
958691
823816
694997
175524
205226
244895
866032
634447
559087
642215
251871
232056
803821
874369
911775
131778
28383
449544
201696
126939
167029
850202
164173
990102
704996
108934
195881
400871
819032
220692
886548
199162
838725
513643
598830
549680
45339
726883
478418
486199
786712
17320
179971
550788
620087
302151
782885
7088
450822
289688
381218
888748
278933
779528
298093
588899
892234
498242
940707
253547
344466
333498
699917
724774
775090
24406
464066
49915
883771
262969
26154
890413
43612
129325
513885
669461
933329
468651
988137
245888
138170
83146
335987
46951
222534
477187
719861
159303
418510
381149
600229
531869
141886
114297
408374
303296
417646
337596
812087
91546
103183
709780
896346
896580
286976
968041
374992
395197
553280
542818
211983
614919
522174
921617
481845
336607
293069
167228
686278
278679
170803
60681
460945
272977
510433
559557
403058
20954
669308
685969
202928
772768
700377
180073
868358
592146
15112
410706
47615
539155
71303
301280
706810
861850
849624
579361
91982
714281
509101
870762
940486
325095
98111
955579
428749
928156
94781
884689
795813
553865
671266
701385
7249
337954
32223
827436
182035
638185
53880
990043
519184
667112
690027
919896
556431
196811
911562
578350
715872
133015
729386
361407
212441
121995
25012
436264
979388
899282
656280
251410
74484
781793
129890
345624
195134
114547
706213
502608
69413
912927
767443
655288
538085
304722
273327
232447
125937
895535
697689
514861
806097
236672
589064
699759
21091
823255
309527
622787
177409
139205
131574
735036
331843
656054
701377
653427
498011
501863
546797
441482
713759
553990
500574
620830
865636
888293
398103
230985
86917
92954
136009
494352
269059
238709
546060
735856
356550
387998
988971
526848
211074
597515
785945
84227
908085
677852
103618
742156
71052
139155
706365
726606
57638
239283
510685
560639
627504
202932
11943
582377
79983
960031
757662
958605
256284
236684
877625
256052
984105
714038
384566
475923
413986
377400
588743
589850
90607
820071
769451
313561
495989
256395
851992
813071
103709
252154
549652
21137
859244
598931
27171
706644
919953
842132
61467
875863
363262
678489
172627
516143
759022
877426
743098
143088
319044
607071
265284
262645
743700
673962
292542
709581
996987
302433
562243
795202
64552
236143
517127
81735
118590
81046
749712
584061
438354
813324
254597
519458
134287
329711
872095
663
14137
128741
657468
211788
682766
153108
119890
185418
897416
588347
898304
74716
251648
526955
283392
221275
37933
864806
279993
331925
291849
306834
950001
58649
999380
806682
111200
576738
811314
229218
240096
470302
441903
897380
753216
580889
640035
335788
822839
108619
429873
935596
223797
39738
513193
486973
397589
296205
14733
135731
367087
546991
499761
457883
448587
739612
38715
578772
788912
748363
35978
891143
899226
366328
565556
36228
506761
368205
214759
264314
197366
867628
61552
951891
57249
995612
811418
88874
497605
403341
314223
95978
575341
549449
230170
372932
860128
562682
694060
217420
279672
259666
795645
331569
796433
921370
802859
205143
329628
872539
993662
977811
872467
265443
508460
671554
902919
52276
981175
326086
191765
177743
933748
609950
869431
579800
922984
168353
270326
400358
171083
549079
785726
862377
708142
341620
668042
45432
439096
298610
882494
334199
672332
206218
870355
5986
496327
435662
87340
260600
384101
232166
566408
865862
423875
689509
62033
75022
429119
153223
587601
848405
70267
540425
148164
264774
132289
101605
131336
147206
225344
757481
524400
654037
731701
100467
223225
60125
802853
912971
109140
780827
647174
464093
243938
687655
30781
801105
983806
505441
921730
166345
860403
930426
383777
632246
880526
470428
166169
656023
595471
18039
114919
663248
638969
878249
52189
386339
393865
533257
259115
407693
46595
314193
872511
584639
712871
583205
331401
218807
368579
815556
583319
691515
236578
691274
649440
649330
607778
61727
856732
533407
798947
232960
814416
428987
448604
223464
141928
102061
241927
932890
811708
483368
725116
801166
314933
105761
991836
314614
332041
419756
613796
596203
228769
394738
888353
577721
127580
381009
659394
6468
362541
841488
748169
614357
636448
142013
803804
351237
204538
726886
826744
3204
445949
422640
909765
62726
498058
485783
245444
599564
379873
361986
903332
605962
867781
86850
128436
675258
585915
515687
584180
794749
746096
605311
766212
696361
166970
535916
427774
601075
919095
475169
755807
57722
137106
552185
355808
93806
700068
83827
217763
18395
603318
33614
172873
56598
654181
395517
459040
313922
787166
180615
270138
164351
431881
802687
426329
800945
685251
196058
136134
505576
26947
268850
853440
68273
407966
854486
204434
332472
525157
584395
584957
469208
681644
818980
372245
469761
545702
444409
746600
79301
2988
188487
567832
58303
581404
387876
46602
532960
947486
230941
28279
362200
696130
555310
891488
546397
103749
961117
400030
163034
361011
699315
641879
396471
627110
939928
152077
108417
161324
339850
976592
512695
648838
536441
937044
236336
650317
979907
200157
468651
141296
373255
104790
956341
627224
901736
640194
631985
453228
916512
903562
231367
242096
987006
842420
84012
379976
942974
265653
299657
734619
17475
454173
347275
526931
128243
629616
183942
960640
891951
172053
681350
334684
834221
470952
406452
322345
75125
399338
843554
379895
388660
411160
124979
246146
916416
837337
172458
932407
712553
493200
815885
133847
478136
781138
498805
673781
101703
346545
609909
938713
988860
915383
526053
481415
267492
319150
676810
357209
742184
980380
617507
870409
552174
352461
381651
296459
564622
685960
339174
265239
948399
666915
343617
690628
834750
115187
330731
364880
510090
78427
176050
335548
820351
84869
261179
920852
420926
13743
630570
169165
556757
136157
58090
887431
483680
394157
666585
431985
10043
147143
588179
329995
234402
316530
265370
480903
846504
270916
484511
658569
576080
805682
913519
47502
33292
438853
347453
565032
381584
634670
815880
233831
736337
310768
927272
725268
229599
354107
56123
515927
842972
627737
767974
811064
87960
415617
176330
414466
649547
619466
820805
547971
266989
316729
871330
533809
706806
867835
747486
900327
475885
976366
341336
19340
189615
582297
747220
230036
320831
457148
777387
412128
18884
792067
182995
384065
568099
133972
714119
776794
7737
797191
409555
299299
540661
500405
386046
834442
770257
824105
189907
290804
861099
390964
386382
649313
67716
147741
855264
724269
574292
936053
152607
50930
632839
665415
432974
950603
831384
272494
992516
161204
308937
762050
179963
783757
167356
272682
583671
86717
991217
828885
565008
128883
706589
381124
251998
310728
931875
196991
407937
730624
726897
301223
483018
60912
651130
529323
894986
172985
795659
769557
28149
689778
532301
528188
103025
577572
98390
363164
600833
674926
980907
896898
833993
640521
66390
291873
791613
566758
664928
812675
886570
301940
905452
144857
72033
773758
80368
278195
818939
468976
235216
759051
189390
788154
477465
960827
583019
441165
116439
866703
456400
460482
318675
38453
455281
668506
890604
850193
153374
701920
679120
128237
551952
183083
478040
195598
835158
180543
995710
51361
647511
502739
16507
798036
572803
216366
448385
85826
316123
631851
32594
523974
158745
546971
661244
162609
324412
44873
113649
803606
869940
553944
351367
675394
367847
644553
643208
489417
918366
810201
620983
359163
465872
488647
248928
580662
983560
6387
715418
943189
874357
177442
910365
348934
430734
674782
421946
639610
812768
523195
12155
373813
37621
476084
624023
342661
971683
664243
433362
209231
935918
206575
653487
386372
643163
991280
994387
305331
876114
401006
948408
635129
723950
852567
91146
17939
219429
601584
500129
617236
319887
201875
123356
358386
581397
138966
29334
654074
983287
133772
554056
640740
183929
164133
222459
436801
87403
570993
990056
208016
800724
503170
428014
205489
99834
632238
377454
958577
339857
210483
129606
127235
310142
990966
335017
498448
674694
979236
650456
44517
975256
478393
473983
829707
636915
45919
641262
6196
208501
958382
929906
519889
810242
443026
646288
328193
667405
462602
435869
912739
321734
538637
